 0 
发热量
不打印
 12357 
 12242 
 28 
 0 
奔特公式
COM2
 0.032 
 0.005 
2024/9/25
 24 
-0.015 
 21.603 
 21.6091 
 21.6134 
 21.6173 
 21.62 
 21.6229 
 21.625 
 21.6282 
 21.6293 
 21.6324 
 21.634 
 21.634 
 21.8487 
 22.4904 
 22.926 
 23.1389 
 23.2635 
 23.3404 
 23.3987 
 23.4433 
 23.4802 
 23.5106 
 23.5367 
 23.5559 
 23.5743 
 23.5883 
 23.6014 
 23.6113 
 23.6209 
 23.627 
 23.6336 
 23.6384 
 23.6423 
 23.6462 
 23.6482 
 23.6511 
 23.6511 
 23.652 
 23.6534 
 23.6535 
 23.655 
 23.656 
 23.656 
 23.6562 
 23.6565 
 23.6559 
 23.6559 
