时间,微压差
0.05,-94
0.16,-94
0.27,-96
0.36,-96
0.42,-95
0.52,-94
0.58,-94
0.63,-95
0.69,-96
0.78,-96
0.84,-96
0.89,-95
1,-94
1.05,-95
1.11,-96
1.2,-97
1.27,-96
1.36,-95
1.42,-94
1.47,-95
1.53,-95
1.58,-96
1.69,-97
1.78,-95
1.84,-95
1.95,-96
2,-96
2.11,-97
2.16,-97
2.27,-95
2.38,-95
2.47,-97
2.53,-97
2.58,-97
2.69,-96
2.8,-95
2.89,-97
2.95,-97
3.05,-97
3.11,-96
3.16,-95
3.27,-96
3.38,-97
3.47,-98
3.53,-97
3.58,-96
3.69,-96
3.8,-98
3.89,-97
3.95,-97
4.05,-96
4.11,-96
4.22,-98
4.31,-99
4.38,-98
4.47,-96
4.53,-97
4.64,-98
4.69,-98
4.8,-99
4.89,-98
4.95,-97
5.06,-98
5.11,-99
5.22,-99
5.31,-99
5.38,-98
5.48,-98
5.58,-100
5.64,-100
5.69,-100
5.75,-99
5.84,-98
5.91,-98
5.98,-99
6.08,-100
6.14,-100
6.19,-100
6.3,-98
6.41,-99
6.5,-100
6.56,-100
6.61,-99
6.72,-98
6.83,-99
6.92,-100
6.98,-100
7.08,-99
7.14,-98
7.19,-98
7.3,-99
7.41,-100
7.5,-100
7.56,-98
7.61,-98
7.72,-98
7.83,-99
7.92,-98
7.98,-97
8.08,-97
8.14,-97
8.25,-99
8.3,-100
8.41,-99
8.5,-98
8.56,-98
8.67,-100
8.72,-100
8.83,-100
8.88,-99
8.98,-98
9.09,-100
9.14,-100
9.25,-100
9.3,-99
9.41,-99
9.52,-99
9.61,-101
9.67,-100
9.72,-100
9.83,-99
9.88,-99
9.94,-100
10.03,-101
10.09,-101
10.14,-101
10.25,-99
10.3,-99
10.41,-100
10.52,-101
10.61,-100
10.67,-99
10.72,-99
10.83,-100
10.88,-101
10.94,-101
11.03,-100
11.09,-100
11.14,-99
11.25,-100
11.3,-101
11.36,-101
11.41,-102
11.52,-100
11.61,-99
11.67,-100
11.72,-101
11.78,-101
11.83,-102
11.88,-101
11.94,-100
12.03,-100
12.09,-99
12.14,-100
12.25,-102
12.3,-102
12.36,-101
12.41,-100
12.52,-100
12.61,-102
12.67,-102
12.72,-102
12.78,-102
12.83,-101
12.88,-101
12.94,-100
13.03,-102
13.09,-102
13.14,-103
13.2,-102
13.25,-101
13.3,-101
13.36,-101
13.41,-101
13.52,-102
13.63,-103
13.72,-102
13.78,-101
13.83,-101
13.88,-102
13.94,-102
14.05,-104
14.14,-102
14.2,-102
14.25,-101
14.3,-102
14.36,-103
14.41,-104
14.47,-104
14.56,-102
14.63,-102
14.72,-102
14.78,-103
14.83,-103
14.89,-104
14.98,-103
15.05,-102
15.14,-102
15.2,-103
15.25,-103
15.31,-104
15.41,-104
15.47,-103
15.56,-102
15.63,-102
15.73,-104
15.83,-104
15.89,-104
15.98,-102
16.05,-102
16.14,-104
16.2,-105
16.25,-105
16.31,-104
16.36,-103
16.41,-102
16.47,-103
16.52,-103
16.63,-104
16.73,-105
16.78,-104
16.89,-103
16.94,-103
17.05,-104
17.16,-104
17.25,-103
17.31,-102
17.36,-103
17.41,-103
17.47,-104
17.52,-104
17.58,-105
17.63,-104
17.73,-102
17.78,-103
17.89,-103
17.94,-104
18,-105
18.05,-104
18.16,-103
18.25,-103
18.31,-104
18.36,-105
18.41,-105
18.47,-105
18.52,-104
18.58,-103
18.63,-103
18.73,-104
18.78,-105
18.89,-105
18.94,-105
19,-104
19.05,-103
19.16,-104
19.25,-106
19.31,-106
19.36,-106
19.42,-105
19.52,-104
19.58,-105
19.63,-106
19.73,-106
19.78,-106
19.84,-106
19.89,-105
19.94,-104
20,-104
20.05,-105
20.16,-107
20.27,-106
20.36,-105
20.42,-105
20.52,-106
20.58,-107
20.63,-107
20.69,-107
20.78,-105
20.84,-105
20.89,-106
20.94,-107
21,-108
21.05,-108
21.16,-107
21.27,-106
21.36,-107
21.42,-107
21.52,-108
21.58,-107
21.63,-106
21.69,-106
21.78,-107
21.84,-107
21.89,-108
21.94,-108
22,-108
22.05,-107
22.11,-106
22.16,-106
22.27,-108
22.36,-109
22.42,-108
22.53,-107
22.63,-107
22.69,-108
22.78,-109
22.84,-109
22.89,-108
22.94,-107
23,-107
23.05,-107
23.11,-107
23.16,-108
23.27,-109
23.38,-108
23.47,-107
23.53,-108
23.63,-109
23.69,-109
23.78,-108
23.84,-108
23.89,-107
23.95,-108
24,-108
24.05,-110
24.11,-109
24.16,-109
24.27,-108
24.38,-108
24.47,-109
24.53,-110
24.63,-109
24.69,-108
24.8,-108
24.89,-110
24.95,-110
25,-110
25.05,-110
25.11,-109
25.16,-108
25.22,-108
25.27,-108
25.38,-110
25.47,-109
25.53,-109
25.64,-108
25.69,-108
25.8,-110
25.89,-110
25.95,-110
26,-109
26.05,-109
26.11,-109
26.16,-110
26.22,-110
26.27,-110
26.38,-110
26.47,-109
26.53,-109
26.64,-110
26.69,-111
26.8,-110
26.89,-109
26.95,-109
27,-109
27.06,-110
27.11,-111
27.16,-111
27.22,-111
27.27,-110
27.38,-109
27.48,-110
27.53,-110
27.64,-111
27.69,-111
27.8,-109
27.91,-110
28,-112
28.06,-112
28.11,-111
28.16,-111
28.22,-110
28.27,-109
28.33,-110
28.38,-111
28.48,-112
28.53,-111
28.64,-110
28.69,-110
28.75,-111
28.8,-111
28.91,-112
29,-111
29.06,-110
29.11,-110
29.16,-110
29.22,-111
29.27,-112
29.33,-113
29.38,-112
29.48,-111
29.53,-110
29.64,-111
29.69,-112
29.75,-113
29.8,-113
29.91,-111
30,-111
30.06,-112
30.11,-112
30.17,-113
30.27,-113
30.33,-112
30.38,-111
30.48,-112
30.53,-112
30.59,-113
30.64,-113
30.69,-112
30.75,-112
30.8,-112
30.91,-111
31.02,-113
31.11,-113
31.17,-112
31.27,-112
31.33,-112
31.38,-112
31.44,-113
31.53,-114
31.59,-113
31.64,-112
31.69,-111
31.75,-112
31.8,-112
31.86,-114
31.91,-114
32.02,-113
32.11,-112
32.17,-112
32.28,-114
32.38,-91
32.44,1
32.53,2
32.59,2
32.69,1
32.75,0
32.86,0
32.95,2
33.02,2
33.11,1
33.17,0
33.28,0
33.38,1
33.44,2
33.53,1
33.59,0
33.7,0
33.8,2
33.86,2
33.95,1
34.02,1
34.13,0
34.22,1
34.28,2
34.38,1
34.44,1
34.55,0
34.64,1
34.7,1
34.8,2
34.86,1
34.97,0
35.02,0
35.13,2
35.22,1
35.28,1
35.39,0
35.48,1
35.55,2
35.64,1
35.7,1
35.81,0
35.91,0
35.97,1
36.02,2
36.13,1
36.22,0
36.28,0
36.39,1
36.48,1
36.55,1
36.64,0
36.7,0
36.81,1
36.91,2
36.97,1
37.02,1
37.13,0
37.23,1
37.28,1
37.39,2
37.48,0
37.55,0
37.66,1
37.75,2
37.81,1
37.91,0
37.97,0
38.02,0
38.13,1
38.23,2
38.28,1
38.39,0
38.48,0
38.55,1
38.66,2
38.75,0
38.81,0
38.91,0
38.97,1
39.02,2
39.08,2
39.13,2
39.23,0
39.28,0
39.39,1
39.5,2
39.59,1
39.66,0
39.75,0
39.81,0
39.92,2
40.02,1
40.08,0
40.13,0
40.23,1
40.28,1
40.34,2
40.44,1
40.5,1
40.59,0
40.66,0
40.77,2
40.86,1
40.92,0
41.02,0
41.08,0
41.13,1
41.19,1
41.28,2
41.34,1
41.44,0
41.5,0
41.61,2
41.7,2
41.77,1
41.86,0
41.92,0
42.03,1
42.13,2
42.19,1
42.28,0
42.34,0
42.44,1
42.5,2
42.61,1
42.7,0
42.77,0
42.86,1
42.92,2
43.03,1
43.13,0
43.19,0
43.28,1
43.34,2
43.45,2
43.55,0
43.61,0
43.7,1
43.77,1
43.88,2
43.97,0
44.03,0
44.13,1
44.19,2
44.3,2
44.39,0
44.45,0
44.55,1
44.61,1
44.72,2
44.77,1
44.88,0
44.97,0
45.03,1
45.14,2
45.23,1
45.3,0
45.39,0
45.45,1
45.56,2
45.66,1
45.72,0
45.77,0
45.88,1
45.98,2
46.03,2
46.14,0
46.23,0
46.3,0
46.41,2
46.5,1
46.56,0
46.66,0
46.72,1
46.77,2
46.88,2
46.98,1
47.03,0
47.14,0
47.23,2
47.3,2
47.41,0
47.5,0
47.56,0
47.66,2
47.72,2
47.77,2
47.83,1
47.88,0
47.98,0
48.03,1
48.14,2
48.25,1
48.34,0
48.41,0
48.5,1
48.56,2
48.67,1
48.77,0
48.83,0
48.88,0
48.98,2
49.03,2
49.09,1
49.19,0
49.25,0
49.34,1
49.41,2
49.52,2
49.61,0
49.67,0
49.77,1
49.83,2
49.88,2
49.94,1
50.03,0
50.09,0
50.19,1
50.25,1
50.34,1
50.41,1
50.52,0
50.61,1
50.67,2
50.77,2
50.83,1
50.88,0
50.94,0
51.03,0
51.09,1
51.19,1
51.25,1
51.36,0
51.45,0
51.52,1
51.61,2
51.67,1
51.78,0
51.88,0
51.94,1
52.03,2
52.09,2
52.2,0
52.3,0
52.36,1
52.45,2
52.52,2
52.63,0
52.72,0
52.78,0
52.88,2
52.94,2
53.05,0
53.14,0
53.2,1
53.3,2
53.36,2
53.47,1
53.52,0
53.63,0
53.72,2
53.78,2
53.88,0
53.94,0
54.05,0
54.14,1
54.2,2
54.3,1
54.36,0
54.47,0
54.52,1
54.63,2
54.72,1
54.78,0
54.89,0
54.98,1
55.05,2
55.14,1
55.2,0
55.31,0
55.41,1
55.47,2
55.52,2
55.63,1
55.72,0
55.78,0
55.89,2
55.98,2
56.05,1
56.14,0
56.2,0
56.31,1
56.41,1
56.47,1
56.52,0
56.63,0
56.73,1
56.78,2
56.89,1
56.98,0
57.05,0
57.16,2
57.25,2
57.31,2
57.41,0
57.47,0
57.52,1
57.58,1
57.63,2
57.73,1
57.78,0
57.89,0
58,1
58.09,2
58.16,2
58.25,0
58.31,0
58.41,1
58.47,2
58.52,2
58.58,2
58.63,1
58.73,0
58.78,0
58.89,1
59,1
59.09,0
59.16,0
59.25,0
59.31,1
59.42,2
59.52,1
59.58,0
59.63,0
59.73,2
59.78,2
59.84,2
59.94,1
60,0
60.09,0
60.16,1
60.27,2
60.36,0
60.42,0
60.52,0
60.58,1
60.63,1
60.69,2
60.78,1
60.84,0
60.94,0
61,1
61.11,2
61.2,1
61.27,0
61.36,0
61.42,1
61.53,2
61.63,1
61.69,0
61.78,0
61.84,0
61.95,2
62.05,1
62.11,0
62.2,0
62.27,1
62.38,1
62.47,2
62.53,1
62.63,0
62.69,0
62.78,2
62.84,2
62.95,1
63.05,0
63.11,0
63.2,1
63.27,2
63.38,1
63.47,0
63.53,0
63.63,2
63.69,2
63.8,2
63.89,0
63.95,0
64.05,1
64.11,2
64.2,1
64.27,0
64.38,0
64.47,1
64.53,2
64.63,2
64.69,1
64.8,0
64.89,1
64.95,1
65.05,2
65.11,1
65.22,0
65.31,1
65.38,2
65.47,2
65.53,1
65.64,0
65.73,0
65.8,1
65.89,2
65.95,1
66.06,0
66.16,1
66.22,2
66.31,2
66.38,2
66.48,0
66.58,0
66.64,1
66.73,2
66.8,1
66.91,1
67,0
67.06,1
67.16,2
67.22,2
67.33,0
67.42,0
67.48,1
67.58,2
67.64,2
67.73,0
67.8,0
67.91,1
68,2
68.06,2
68.16,1
68.22,0
68.33,0
68.42,2
68.48,2
68.58,1
68.64,0
68.75,0
68.84,1
68.91,2
69,1
69.06,0
69.17,0
69.27,1
69.33,2
69.42,1
69.48,1
69.59,0
69.69,1
69.75,2
69.84,1
69.91,0
70,0
70.06,1
70.17,2
70.27,1
70.33,1
70.42,0
70.48,0
70.59,2
70.69,1
70.75,1
70.84,0
70.91,0
71.02,2
71.11,2
71.17,1
71.27,0
71.33,0
71.44,1
71.53,2
71.59,1
71.69,0
71.75,0
71.86,1
71.95,1
72.02,1
72.11,0
72.17,0
72.27,1
72.33,2
72.44,1
72.53,0
72.59,0
72.69,1
72.75,1
72.86,1
72.95,0
73.02,0
73.11,1
73.17,2
73.28,1
73.38,0
73.44,0
73.53,1
73.59,1
73.7,2
73.8,0
73.86,0
73.95,1
74.02,1
74.13,2
74.22,0
74.28,0
74.38,1
74.44,1
74.55,2
74.64,1
74.7,0
74.8,0
74.86,1
74.95,2
75.02,1
75.13,0
75.22,1
75.28,1
75.38,2
75.44,2
75.55,0
75.64,0
75.7,1
75.8,2
75.86,2
75.95,1
76.02,0
76.13,1
76.22,2
76.28,2
76.38,0
76.44,0
76.55,1
76.64,2
76.7,2
76.8,1
76.86,0
76.97,1
77.06,2
77.13,2
77.22,1
77.28,0
77.39,0
77.48,1
77.55,2
77.64,1
77.7,0
77.81,1
77.91,1
77.97,2
78.06,1
78.13,0
78.23,0
78.33,2
78.39,2
78.48,2
78.55,1
78.66,0
78.75,1
78.81,2
78.91,1
78.97,0
79.06,0
79.13,1
79.23,1
79.33,2
79.39,1
79.48,0
79.55,0
79.66,2
79.75,1
79.81,1
79.91,0
79.97,0
80.08,1
80.17,2
80.23,1
80.33,0
80.39,0
80.5,1
80.59,2
80.66,1
80.75,0
80.81,0
80.92,1
81.02,2
81.08,2
81.17,0
81.23,0
81.34,1
81.44,2
81.5,1
81.59,0
81.66,0
81.77,0
81.86,2
81.92,2
82.02,0
82.08,0
82.19,1
82.28,2
82.34,1
82.44,1
82.5,0
82.59,0
82.66,1
82.77,2
82.86,0
82.92,0
83.02,0
83.08,1
83.19,2
83.28,1
83.34,0
83.44,0
83.5,1
83.61,2
83.7,1
83.77,0
83.86,0
83.92,1
84.03,2
84.13,1
84.19,0
84.28,1
84.34,1
84.45,2
84.55,1
84.61,0
84.7,0
84.77,1
84.86,2
84.92,1
85.03,1
85.13,0
85.19,0
85.28,2
85.34,2
85.45,0
85.55,0
85.61,0
85.7,2
85.77,2
85.88,1
85.97,0
86.03,1
86.13,2
86.19,2
86.3,1
86.38,0
86.47,1
86.53,2
86.63,2
86.69,1
86.8,0
86.89,0
86.95,1
87.05,2
87.11,1
87.22,0
87.31,0
87.38,1
87.47,2
87.53,1
87.64,0
87.73,0
87.8,1
87.89,2
87.95,2
88.06,0
88.16,0
88.22,1
88.31,2
88.38,1
88.48,0
88.58,0
88.64,0
88.73,2
88.8,2
88.91,0
89,0
89.06,1
89.16,1
89.22,2
89.33,1
89.42,0
89.48,0
89.58,2
89.64,2
89.75,0
89.84,0
89.91,0
90,1
90.06,2
90.17,1
90.27,0
90.33,0
90.42,2
90.48,2
90.59,1
90.69,0
90.75,0
90.84,1
90.91,2
91,1
91.06,0
91.17,0
91.27,1
91.33,2
91.42,1
91.48,1
91.59,0
91.69,1
91.75,1
91.84,2
91.91,1
92.02,0
92.11,1
92.17,2
92.27,1
92.33,1
92.44,0
92.53,0
92.59,1
92.69,2
92.75,1
92.86,0
92.95,1
93.02,2
93.11,2
93.17,1
93.27,0
93.33,0
93.44,1
93.53,2
93.59,1
93.69,0
93.75,0
93.86,1
93.95,2
94.02,1
94.11,0
94.17,0
94.28,1
94.38,2
94.44,2
94.53,0
94.59,0
94.7,1
94.8,2
94.86,1
94.95,1
95.02,0
95.13,0
95.22,2
95.28,2
95.38,0
95.44,0
95.53,1
95.59,2
95.7,2
95.8,1
95.86,0
95.95,0
96.02,1
96.13,2
96.22,0
96.28,0
96.38,0
96.44,1
96.55,2
96.64,1
96.7,0
96.8,0
96.86,1
96.97,2
97.06,1
97.13,1
97.22,0
97.28,1
97.39,2
97.48,1
97.55,1
97.64,0
97.7,0
97.81,2
97.91,1
97.97,0
98.06,0
98.13,1
98.23,2
98.33,2
98.39,1
98.48,0
98.55,0
98.66,2
98.75,1
98.81,1
98.91,0
98.97,0
99.06,1
99.13,2
99.23,1
99.33,0
99.39,0
99.48,1
99.55,2
99.66,1
99.75,0
99.81,0
99.91,1
99.97,2
100.08,1
100.17,0
100.23,0
100.33,1
100.39,2
100.5,1
100.59,0
100.66,0
100.75,2
100.81,2
100.92,2
101.02,0
101.08,0
101.17,1
101.23,2
101.34,2
101.44,1
101.5,0
101.59,0
101.66,1
101.75,2
101.81,1
101.92,0
102.02,1
102.08,1
102.17,2
102.23,2
102.34,0
102.44,0
102.5,1
102.59,2
102.66,1
102.77,0
102.86,0
102.92,1
103.02,2
103.08,2
103.19,0
103.28,0
103.34,1
103.44,2
103.5,2
103.61,0
103.7,0
103.77,1
103.86,2
103.92,2
104.02,1
104.08,0
104.19,0
104.28,2
104.34,2
104.44,0
104.5,0
104.61,1
104.7,2
104.77,2
104.86,1
104.92,0
105.03,0
105.13,2
105.19,2
105.28,1
105.34,0
105.45,0
105.55,1
105.61,2
105.7,1
105.77,0
105.88,0
105.97,1
106.03,2
106.13,1
106.19,1
106.3,0
106.39,2
106.45,2
106.55,1
106.61,1
106.72,0
106.81,1
106.88,2
106.97,1
107.03,1
107.13,0
107.19,1
107.3,2
107.39,2
107.45,1
107.55,0
107.61,0
107.72,2
107.81,2
107.88,2
107.97,0
108.03,0
108.14,2
108.23,2
108.3,1
108.39,0
108.45,0
108.56,1
108.66,2
108.72,2
108.81,0
108.88,0
108.98,1
109.08,2
109.14,1
109.23,0
109.3,0
109.41,1
109.5,2
109.56,1
109.66,0
109.72,0
109.83,0
109.92,2
109.98,2
110.08,0
110.14,0
110.25,1
110.34,2
110.41,2
110.5,1
110.56,0
110.67,1
110.77,2
110.83,2
110.92,1
110.98,0
111.09,1
111.19,2
111.25,2
111.34,1
111.41,0
111.5,0
111.56,1
111.67,2
111.77,1
111.83,0
111.92,0
111.98,1
112.09,2
112.19,1
112.25,0
112.34,0
112.41,0
112.52,2
112.61,1
112.67,0
112.77,0
112.83,1
112.94,2
113.03,2
113.09,1
113.19,0
113.25,0
113.36,2
113.45,1
113.52,1
113.61,0
113.67,1
113.78,1
113.88,2
113.94,1
114.03,0
114.09,0
114.2,2
114.3,1
114.36,1
114.45,0
114.52,0
114.61,1
114.67,2
114.78,1
114.88,0
114.94,0
115.03,1
115.09,2
115.2,1
115.3,0
115.36,0
115.45,1
115.52,2
115.63,2
115.72,0
115.78,0
115.88,1
115.94,1
116.05,1
116.14,0
116.2,0
116.3,1
116.36,1
116.47,2
116.56,0
116.63,0
116.72,1
116.78,2
116.89,2
116.98,1
117.05,0
117.14,0
117.2,1
117.31,2
117.41,0
117.47,0
117.56,0
117.63,1
117.72,2
117.78,2
117.89,0
117.98,0
118.05,1
118.14,2
118.2,2
118.31,0
118.41,0
118.47,1
118.56,2
118.63,2
118.73,0
118.83,0
118.89,0
118.98,2
119.05,2
119.16,0
119.25,0
119.31,1
119.41,2
119.47,1
119.58,1
119.67,0
119.73,0
119.83,2
119.89,2
120,0
120.09,0
120.16,0
120.25,1
120.31,2
120.42,1
120.52,0
120.58,0
120.67,2
120.73,2
120.84,1
120.94,0
121,0
121.09,1
121.16,2
121.25,1
121.31,0
121.42,0
121.52,1
121.58,2
121.69,2
121.78,0
121.84,0
121.94,1
122,2
122.09,2
122.16,1
122.27,0
122.36,1
122.42,2
122.52,1
122.58,1
122.69,0
122.78,0
122.84,1
122.94,2
123,1
123.11,0
123.2,1
123.27,2
123.36,2
123.42,2
123.53,0
123.63,0
123.69,1
123.78,2
123.84,1
123.95,0
124.05,0
124.11,1
124.2,2
124.27,2
124.38,0
124.47,0
124.53,1
124.63,2
124.69,2
124.8,1
124.89,0
124.95,1
125.05,2
125.11,2
125.22,0
125.31,0
125.38,0
125.47,2
125.53,2
125.63,1
125.69,0
125.8,1
125.89,2
125.95,2
126.05,1
126.11,0
126.22,0
126.31,2
126.38,2
126.47,1
126.53,0
126.64,0
126.73,2
126.8,2
126.89,1
126.95,0
127.06,0
127.16,2
127.22,2
127.31,2
127.38,1
127.48,0
127.58,1
127.64,2
127.73,1
127.8,0
127.91,0
128,1
128.06,2
128.11,2
128.22,1
128.27,0
128.33,0
128.42,2
128.48,2
128.53,2
128.58,2
128.64,1
128.69,0
128.8,0
128.91,2
129,2
129.06,1
129.11,0
129.22,0
129.27,1
129.33,1
129.42,2
129.48,1
129.53,0
129.58,0
129.64,0
129.69,1
129.75,2
129.8,2
129.91,2
130,0
130.06,0
130.11,1
130.17,1
130.22,2
130.27,2
130.33,1
130.42,0
130.48,0
130.53,0
130.59,1
130.69,2
130.75,1
130.8,1
130.91,0
131.02,1
131.11,2
131.17,2
131.22,1
131.27,0
131.33,0
131.44,1
131.53,2
131.59,2
131.69,0
131.75,0
131.8,0
131.91,1
132.02,2
132.11,1
132.17,0
132.22,0
132.27,1
132.33,1
132.44,2
132.53,1
132.59,0
132.69,0
132.75,1
132.8,2
132.86,2
132.95,0
133.02,0
133.11,0
133.17,1
133.22,1
133.28,2
133.33,2
133.44,0
133.53,1
133.59,1
133.7,2
133.75,2
133.8,2
133.86,0
133.95,0
134.02,1
134.13,2
134.22,1
134.28,0
134.33,0
134.44,0
134.55,2
134.64,1
134.7,1
134.75,0
134.8,0
134.86,1
134.95,2
135.02,2
135.13,1
135.22,0
135.28,0
135.33,1
135.44,2
135.55,1
135.64,0
135.7,0
135.75,0
135.8,1
135.86,2
135.97,1
136.02,0
136.13,0
136.22,2
136.28,2
136.33,2
136.39,1
136.44,1
136.55,0
136.64,1
136.7,2
136.75,2
136.81,1
136.86,0
136.97,0
137.02,0
137.13,2
137.23,2
137.28,1
137.33,0
137.39,0
137.44,1
137.55,2
137.66,2
137.75,0
137.81,0
137.86,0
137.97,1
138.02,2
138.13,1
138.23,0
138.28,0
138.33,0
138.39,1
138.44,2
138.55,1
138.66,0
138.75,1
138.81,1
138.86,1
138.97,2
139.02,1
139.08,0
139.17,0
139.23,1
139.28,2
139.33,2
139.39,1
139.44,0
139.5,0
139.55,0
139.66,1
139.75,2
139.81,2
139.86,1
139.92,0
139.97,0
140.02,0
140.08,1
140.17,2
140.23,2
140.28,1
140.34,1
140.44,0
140.5,1
140.55,2
140.66,2
140.77,0
140.86,0
140.92,0
140.97,1
141.02,2
141.08,2
141.19,1
141.28,0
141.34,1
141.44,1
141.5,2
141.55,2
141.66,0
141.77,0
141.86,2
141.92,2
141.97,1
142.02,1
142.08,0
142.19,0
142.28,1
142.34,2
142.44,1
142.5,0
142.55,0
142.61,0
142.7,2
142.77,2
142.86,1
142.92,1
142.97,0
143.03,0
143.08,0
143.19,2
143.28,1
143.34,0
143.45,0
143.5,0
143.55,1
143.61,2
143.7,1
143.77,1
143.86,0
143.92,0
143.97,1
144.03,1
144.08,2
144.19,1
144.28,0
144.34,0
144.45,2
144.5,2
144.55,2
144.61,1
144.72,0
144.77,0
144.88,1
144.97,2
145.03,1
145.08,0
145.19,0
145.3,2
145.39,2
145.45,2
145.5,1
145.55,0
145.61,0
145.72,1
145.77,2
145.88,1
145.97,0
146.03,0
146.08,0
146.14,1
146.19,1
146.3,1
146.39,0
146.45,0
146.5,0
146.55,1
146.61,1
146.72,2
146.77,1
146.88,0
146.97,1
147.03,1
147.08,2
147.14,1
147.19,1
147.3,0
147.39,1
147.45,1
147.5,2
147.56,2
147.61,1
147.72,0
147.77,0
147.88,1
147.98,2
148.03,2
148.08,1
148.14,0
148.19,0
148.3,1
148.41,2
148.5,0
148.56,0
148.61,0
148.72,1
148.77,1
148.83,2
148.92,1
148.98,0
149.03,0
149.08,0
149.14,1
149.19,1
149.25,2
149.3,2
149.41,1
149.5,0
149.56,1
149.61,1
149.67,2
149.72,2
149.77,1
149.83,0
149.92,0
149.98,0
150.03,1
150.08,2
150.14,2
150.19,1
150.25,1
150.3,0
150.41,1
150.5,2
150.56,2
150.61,2
150.67,1
150.72,0
150.77,0
150.83,0
150.92,2
150.98,2
151.03,1
151.09,1
151.19,0
151.25,0
151.3,0
151.41,2
151.52,1
151.61,0
151.67,0
151.72,1
151.77,1
151.83,2
151.94,1
152.03,0
152.09,0
152.19,1
152.25,2
152.3,2
152.36,1
152.45,0
152.52,0
152.61,1
152.67,2
152.72,2
152.77,2
152.83,1
152.94,0
153.03,1
153.09,1
153.19,2
153.25,1
153.3,1
153.36,0
153.45,1
153.52,2
153.61,2
153.67,1
153.72,1
153.78,0
153.83,0
153.94,1
154.03,2
154.09,1
154.2,0
154.25,0
154.3,1
154.36,1
154.45,2
154.52,2
154.63,0
154.72,0
154.78,1
154.83,2
154.94,1
155.05,1
155.14,0
155.2,1
155.25,2
155.3,2
155.36,2
155.45,0
155.52,0
155.63,1
155.72,2
155.78,2
155.83,2
155.94,0
156.05,1
156.14,2
156.2,2
156.25,1
156.3,1
156.36,0
156.47,0
156.52,1
156.63,2
156.72,1
156.78,0
156.83,0
156.89,1
156.94,1
157.05,2
157.14,1
157.2,0
157.25,0
157.31,0
157.36,1
157.47,2
157.52,1
157.63,1
157.73,0
157.78,1
157.83,1
157.89,2
157.94,2
158.05,0
158.16,0
158.25,1
158.31,2
158.36,2
158.47,1
158.52,0
158.58,0
158.67,1
158.73,2
158.78,2
158.83,1
158.89,1
158.94,0
159.05,0
159.16,2
159.25,1
159.31,0
159.36,0
159.47,1
159.52,1
159.58,1
159.67,2
159.73,1
159.78,0
159.83,0
159.89,0
159.94,1
160,2
160.05,2
160.16,1
160.25,0
160.31,0
160.36,0
160.42,1
160.47,2
160.52,2
160.58,1
160.67,0
160.73,0
160.78,1
160.84,1
160.94,2
161,1
161.05,1
161.16,0
161.27,1
161.36,2
161.42,1
161.47,1
161.52,1
161.58,0
161.69,1
161.78,2
161.84,2
161.94,0
162,0
162.05,0
162.16,1
162.27,2
162.36,1
162.42,0
162.47,0
162.52,1
162.58,2
162.69,2
162.78,1
162.84,0
162.94,1
163,1
163.05,2
163.11,2
163.2,0
163.27,0
163.36,1
163.42,1
163.47,1
163.53,2
163.58,2
163.69,0
163.78,0
163.84,1
163.94,2
164,1
164.05,1
164.11,0
164.2,0
164.27,1
164.36,2
164.42,2
164.47,1
164.53,0
164.58,0
164.69,0
164.78,2
164.84,2
164.95,0
165,0
165.05,0
165.11,1
165.2,2
165.27,2
165.38,1
165.47,0
165.53,0
165.58,1
165.69,2
165.78,1
165.84,0
165.95,1
166,1
166.05,1
166.11,2
166.2,1
166.27,0
166.38,0
166.47,2
166.53,2
166.58,2
166.69,1
166.8,0
166.89,1
166.95,2
167,2
167.05,1
167.11,0
167.22,0
167.27,0
167.38,2
167.47,2
167.53,1
167.58,0
167.64,0
167.69,1
167.8,2
167.89,1
167.95,1
168,0
168.06,0
168.11,0
168.22,2
168.27,2
168.38,1
168.47,0
168.53,0
168.58,0
168.64,2
168.69,2
168.8,1
168.91,0
169,1
169.06,2
169.11,2
169.22,2
169.27,1
169.38,0
169.48,1
169.53,2
169.58,2
169.64,1
169.69,0
169.8,0
169.91,1
170,2
170.06,1
170.11,1
170.22,0
170.27,0
170.33,1
170.42,2
170.48,1
170.53,1
170.58,1
170.64,0
170.69,0
170.75,1
170.8,2
170.91,2
171,0
171.06,0
171.11,0
171.22,1
171.27,2
171.33,2
171.42,1
171.48,0
171.53,0
171.59,1
171.69,2
171.75,2
171.8,2
171.91,0
172,0
172.06,1
172.11,2
172.17,2
172.22,1
172.27,1
172.33,0
172.42,0
172.48,1
172.53,2
172.59,2
172.69,1
172.75,0
172.8,0
172.91,1
173.02,2
173.11,1
173.17,1
173.22,0
173.27,0
173.33,1
173.44,2
173.53,1
173.59,0
173.69,0
173.75,0
173.8,1
173.86,2
173.95,1
174.02,1
174.11,0
174.17,1
174.22,1
174.28,2
174.33,2
174.44,1
174.53,0
174.59,0
174.69,1
174.75,2
174.8,1
174.86,1
174.95,1
175.02,1
175.11,2
175.17,3
175.22,4
175.28,3
175.33,2
175.44,2
175.53,3
175.59,4
175.7,3
175.75,3
175.8,2
175.86,2
175.95,3
176.02,4
176.13,2
176.22,1
176.28,1
176.33,1
176.44,2
176.55,2
176.64,0
176.7,0
176.75,0
176.8,1
176.86,2
176.97,2
177.02,1
177.13,0
177.22,1
177.28,2
177.33,2
177.44,1
177.55,0
177.64,0
177.7,1
177.75,2
177.8,2
177.86,1
177.97,0
178.02,0
178.13,2
178.22,2
178.28,2
178.33,1
178.39,1
178.44,1
178.55,2
178.64,3
178.7,2
178.75,1
178.81,1
178.86,1
178.97,1
179.02,2
179.13,2
179.23,1
179.28,0
179.33,1
179.39,2
179.44,2
179.55,2
179.66,1
179.75,1
179.81,1
179.86,2
179.97,2
180.02,1
180.08,0
180.17,-1
180.23,0
180.28,0
180.33,1
180.39,1
180.44,1
180.5,0
180.55,-1
180.66,0
180.75,1
180.81,1
180.86,1
180.97,0
181.02,-1
181.08,0
181.17,1
181.23,1
181.28,1
181.33,0
181.39,-1
181.44,0
181.5,0
181.55,0
181.66,2
181.75,0
181.81,0
181.86,-1
181.92,0
181.97,1
182.02,1
182.08,2
182.17,1
182.23,0
182.28,-1
182.34,0
182.44,1
182.5,1
182.55,1
182.66,0
182.77,-1
182.86,1
182.92,1
182.97,2
183.02,1
183.08,0
183.19,-1
183.28,1
183.34,1
183.44,1
183.5,0
183.55,0
183.66,0
183.77,1
183.86,1
183.92,0
183.97,-1
184.02,0
184.08,0
184.19,1
184.28,1
184.34,1
184.44,-1
184.5,0
184.55,0
184.61,1
184.7,1
184.77,1
184.86,0
184.92,-1
184.97,0
185.03,1
185.08,1
185.19,1
185.28,-1
185.34,-1
185.45,0
185.5,1
185.55,2
185.61,1
185.7,0
185.77,0
185.88,1
185.97,2
186.03,2
186.08,1
186.19,0
186.3,1
186.39,2
186.45,1
186.5,1
186.55,0
186.61,0
186.7,0
186.77,1
186.88,2
186.97,0
187.03,0
187.08,0
187.19,1
187.3,2
187.39,1
187.45,0
187.5,0
187.55,0
187.61,1
187.72,1
187.77,1
187.88,0
187.97,0
188.03,1
188.08,1
188.14,2
188.19,1
188.3,0
188.39,0
188.45,1
188.5,1
188.56,2
188.61,2
188.72,0
188.77,0
188.88,0
188.98,2
189.03,1
189.08,1
189.14,0
189.19,0
189.3,0
189.39,2
189.45,2
189.5,1
189.56,0
189.61,0
189.72,1
189.77,1
189.88,2
189.98,1
190.03,0
190.08,0
190.14,0
190.19,1
190.3,2
190.41,1
190.5,0
190.56,0
190.61,1
190.72,2
190.77,2
190.83,1
190.92,0
190.98,1
191.03,1
191.08,2
191.14,2
191.19,2
191.25,2
191.3,1
191.41,0
191.5,1
191.56,2
191.61,2
191.67,2
191.72,1
191.77,0
191.83,0
191.92,1
191.98,2
192.03,2
192.09,2
192.19,0
192.25,0
192.3,1
192.41,2
192.5,2
192.56,1
192.61,1
192.67,0
192.72,0
192.77,1
192.83,2
192.92,1
192.98,1
193.03,0
193.09,0
193.19,0
193.25,1
193.3,2
193.41,1
193.52,0
193.61,1
193.67,2
193.72,2
193.77,2
193.83,2
193.94,0
194.03,0
194.09,1
194.19,2
194.25,1
194.3,1
194.36,0
194.45,0
194.52,1
194.61,2
194.67,2
194.72,1
194.78,0
194.83,0
194.94,1
195.03,2
195.09,2
195.2,0
195.25,0
195.3,0
195.36,1
195.45,2
195.52,2
195.63,0
195.72,0
195.78,0
195.83,1
195.94,2
196.03,1
196.09,0
196.2,1
196.25,2
196.3,2
196.36,2
196.45,1
196.52,0
196.63,0
196.72,2
196.78,2
196.83,1
196.94,0
197.05,0
197.14,2
197.2,2
197.25,2
197.3,1
197.36,0
197.47,0
197.52,1
197.63,2
197.72,1
197.78,1
197.83,0
197.89,0
197.94,1
198.05,2
198.14,1
198.2,0
198.25,0
198.3,0
198.36,0
198.47,2
198.52,2
198.63,0
198.72,0
198.78,1
198.83,1
198.89,2
198.94,2
199.05,1
199.14,0
199.2,0
199.25,1
199.31,2
199.36,2
199.47,1
199.52,0
199.63,0
199.73,1
199.78,2
199.83,2
199.89,1
199.94,0
200.05,0
200.16,2
200.25,2
200.31,1
200.36,1
200.47,0
200.52,1
200.58,1
200.67,2
200.73,1
200.78,0
200.83,0
200.89,0
200.94,0
201,1
201.05,2
201.16,2
201.25,0
201.31,0
201.36,0
201.42,1
201.47,2
201.52,2
201.58,2
201.67,1
201.73,0
201.78,0
201.84,1
201.94,2
202,2
202.05,1
202.16,0
202.25,1
202.31,1
202.36,2
202.42,2
202.47,1
202.52,0
202.58,0
202.67,1
202.73,1
202.78,1
202.84,2
202.94,1
203,0
203.05,0
203.16,1
203.27,2
203.36,1
203.42,1
203.47,0
203.52,0
203.58,1
203.69,2
203.78,1
203.84,0
203.94,0
204,1
204.05,2
204.11,2
204.2,2
204.27,1
204.36,0
204.42,1
204.47,2
204.53,2
204.58,2
204.69,0
204.78,0
204.84,0
204.94,2
205,2
205.05,1
205.11,1
205.2,0
205.27,1
205.36,2
205.42,2
205.47,2
205.53,1
205.58,0
205.69,0
205.78,2
205.84,2
205.95,1
206,1
206.05,0
206.11,0
206.2,1
206.27,2
206.38,1
206.47,0
206.53,0
206.58,1
206.69,2
206.8,1
206.89,0
206.95,0
207,1
207.05,1
207.11,2
207.22,1
207.27,0
207.38,0
207.47,1
207.53,2
207.58,2
207.64,2
207.69,1
207.8,0
207.89,1
207.95,1
208,2
208.06,2
208.11,1
208.22,-1
208.27,0
208.38,2
208.47,2
208.53,1
208.58,1
208.64,0
208.69,0
208.8,1
208.89,2
208.95,0
209,0
209.06,-1
209.11,0
209.22,1
209.27,1
209.38,1
209.48,0
209.53,-1
209.58,0
209.64,1
209.69,1
209.8,0
209.91,0
210,-1
210.06,0
210.11,1
210.22,1
210.27,0
210.33,-1
210.42,-1
210.48,0
210.53,0
210.58,1
210.64,1
210.69,0
210.75,-1
210.8,-1
210.91,-1
211,1
211.06,0
211.11,0
211.17,0
211.22,-1
211.27,-1
211.33,-1
211.42,0
211.48,1
211.53,0
211.59,-1
211.69,-1
211.75,-1
211.8,0
211.91,0
212,-1
212.06,-1
212.11,-2
212.17,-2
212.22,-1
212.27,0
212.33,0
212.42,-1
212.48,-1
212.53,-2
212.59,-2
212.69,0
212.75,0
212.8,0
212.91,-2
213.02,-2
213.11,-1
213.17,0
213.22,0
213.27,-1
213.33,-1
213.44,-2
213.53,-1
213.59,0
213.69,-1
213.75,-1
213.8,-2
213.86,-2
213.95,-1
214.02,-1
214.11,-1
214.17,-1
214.22,-2
214.28,-2
214.33,-2
214.44,-1
214.53,0
214.59,-1
214.7,-3
214.75,-2
214.8,-1
214.86,-1
214.95,-1
215.02,-2
215.13,-3
215.22,-2
215.28,-1
215.33,-1
215.44,-1
215.55,-3
215.64,-2
215.7,-2
215.75,-1
215.8,-1
215.86,-1
215.95,-3
216.02,-3
216.13,-1
216.22,-1
216.28,-2
216.33,-2
216.44,-3
216.55,-2
216.64,-1
216.7,-1
216.75,-2
216.8,-3
216.86,-3
216.97,-2
217.02,-2
217.13,-1
217.22,-2
217.28,-3
217.33,-3
217.39,-2
217.44,-1
217.55,-1
217.64,-2
217.7,-3
217.75,-3
217.81,-3
217.86,-2
217.97,-1
218.02,-2
218.13,-3
218.23,-3
218.28,-3
218.33,-2
218.39,-1
218.44,-2
218.55,-3
218.64,-3
218.7,-2
218.75,-2
218.81,-1
218.86,-2
218.97,-3
219.02,-4
219.13,-3
219.23,-1
219.28,-2
219.33,-3
219.39,-3
219.44,-4
219.55,-3
219.66,-2
219.75,-2
219.81,-3
219.86,-4
219.97,-3
220.02,-2
220.08,-1
220.17,-2
220.23,-2
220.28,-3
220.33,-3
220.39,-3
220.44,-2
220.5,-2
220.55,-2
220.66,-3
220.75,-4
220.81,-4
220.86,-4
220.92,-3
220.97,-2
221.02,-2
221.08,-3
221.17,-4
221.23,-4
221.28,-3
221.34,-2
221.44,-3
221.5,-3
221.55,-3
221.66,-4
221.75,-3
221.81,-2
221.86,-2
221.92,-3
221.97,-4
222.02,-4
222.08,-4
222.19,-3
222.28,-2
222.34,-3
222.44,-4
222.5,-4
222.55,-4
222.66,-3
222.77,-3
222.86,-4
222.92,-5
222.97,-5
223.02,-4
223.08,-3
223.19,-3
223.28,-5
223.34,-5
223.44,-4
223.5,-3
223.55,-3
223.61,-3
223.7,-4
223.77,-5
223.86,-4
223.92,-3
223.97,-3
224.03,-3
224.08,-3
224.19,-5
224.28,-4
224.34,-4
224.44,-3
224.5,-3
224.55,-4
224.61,-5
224.7,-4
224.77,-4
224.86,-3
224.92,-3
224.97,-4
225.03,-5
225.08,-5
225.19,-4
225.28,-3
225.34,-4
225.45,-5
225.5,-5
225.55,-6
225.61,-5
225.7,-4
225.77,-4
225.88,-6
225.97,-6
226.03,-6
226.08,-5
226.19,-4
226.3,-5
226.39,-6
226.45,-5
226.5,-4
226.55,-3
226.61,-3
226.72,-4
226.77,-5
226.88,-6
226.97,-4
227.03,-3
227.08,-4
227.14,-5
227.19,-6
227.3,-5
227.39,-4
227.45,-3
227.5,-3
227.55,-4
227.61,-5
227.72,-6
227.77,-5
227.88,-4
227.97,-5
228.03,-6
228.08,-7
228.14,-6
228.19,-6
228.3,-5
228.39,-5
228.45,-6
228.5,-7
228.56,-6
228.61,-6
228.72,-5
228.77,-5
228.88,-6
228.98,-7
229.03,-6
229.08,-5
229.14,-5
229.19,-5
229.3,-6
229.41,-7
229.5,-6
229.56,-5
229.61,-5
229.72,-6
229.77,-7
229.88,-7
229.98,-6
230.03,-5
230.08,-5
230.14,-6
230.19,-7
230.3,-8
230.41,-6
230.5,-6
230.56,-6
230.61,-7
230.72,-8
230.77,-8
230.83,-7
230.92,-6
230.98,-6
231.03,-7
231.08,-8
231.14,-8
231.19,-8
231.25,-7
231.3,-6
231.41,-6
231.5,-8
231.56,-8
231.61,-8
231.72,-6
231.77,-6
231.83,-6
231.92,-8
231.98,-9
232.03,-9
232.08,-8
232.14,-7
232.19,-6
232.25,-7
232.3,-7
232.41,-9
232.5,-8
232.56,-7
232.61,-7
232.67,-6
232.72,-7
232.77,-8
232.83,-9
232.92,-8
232.98,-7
233.03,-7
233.09,-7
233.19,-8
233.25,-8
233.3,-9
233.41,-8
233.5,-7
233.56,-7
233.61,-8
233.67,-9
233.72,-9
233.77,-9
233.83,-9
233.92,-7
233.98,-7
234.03,-8
234.09,-9
234.19,-9
234.25,-8
234.3,-8
234.41,-7
234.52,-8
234.61,-9
234.67,-9
234.72,-8
234.77,-8
234.83,-7
234.94,-9
235.03,-10
235.09,-10
235.19,-8
235.25,-7
235.3,-8
235.36,-9
235.45,-10
235.52,-10
235.61,-8
235.67,-8
235.72,-8
235.78,-9
235.83,-10
235.94,-10
236.03,-8
236.09,-8
236.2,-10
236.25,-10
236.3,-11
236.36,-11
236.45,-10
236.52,-9
236.61,-10
236.67,-11
236.72,-11
236.78,-11
236.83,-11
236.94,-9
237.03,-10
237.09,-11
237.2,-12
237.25,-11
237.3,-10
237.36,-10
237.45,-11
237.52,-11
237.63,-12
237.72,-11
237.78,-10
237.83,-10
237.94,-12
238.03,-13
238.09,-12
238.2,-11
238.25,-11
238.3,-11
238.36,-11
238.45,-13
238.52,-13
238.63,-12
238.72,-12
238.78,-13
238.83,-14
238.94,-14
239.05,-13
239.14,-13
239.2,-14
239.25,-15
239.3,-16
239.36,-16
239.47,-15
239.52,-15
239.63,-15
239.72,-18
239.78,-18
239.83,-18
239.89,-17
239.94,-17
240.05,-18
240.14,-21
240.22,-20
240.28,-20
240.33,-20
240.39,-20
240.44,-20
240.55,-22
240.64,-24
240.7,-24
240.75,-23
240.81,-24
240.86,-23
240.97,-26
241.02,-28
241.13,-29
241.23,-28
241.28,-29
241.33,-29
241.39,-31
241.44,-32
241.55,-34
241.66,-34
241.75,-37
241.81,-39
241.86,-39
241.97,-42
242.02,-43
242.08,-43
242.17,-46
242.23,-49
242.28,-52
242.33,-54
242.39,-56
242.44,-57
242.5,-57
242.55,-58
242.66,-63
242.75,-70
242.81,-72
242.86,-74
242.92,-75
242.97,-77
243.02,-80
243.08,-83
243.17,-87
243.23,-89
243.28,-91
243.34,-93
243.44,-96
243.5,-99
243.55,-103
243.66,-108
243.75,-110
243.81,-111
243.86,-113
243.92,-115
243.97,-118
244.02,-122
244.08,-124
244.17,-128
244.23,-129
244.28,-131
244.34,-134
244.44,-137
244.5,-140
244.55,-143
244.66,-146
244.75,-150
244.81,-153
244.86,-156
244.92,-159
244.97,-161
245.02,-162
245.08,-162
245.17,-166
245.23,-168
245.28,-171
245.34,-174
245.44,-178
245.5,-180
245.55,-181
245.66,-186
245.77,-189
245.86,-194
245.92,-195
245.97,-197
246.02,-198
246.08,-201
246.19,-204
246.28,-203
246.34,-202
246.44,-201
246.5,-201
246.55,-201
246.61,-202
246.7,-202
246.77,-201
246.86,-199
246.92,-200
246.97,-200
247.03,-200
247.08,-201
247.19,-201
247.28,-199
247.34,-199
247.45,-200
247.5,-201
247.55,-201
247.61,-200
247.7,-199
247.77,-198
247.86,-199
247.92,-200
247.97,-201
248.03,-200
248.08,-199
248.19,-198
248.28,-199
248.34,-200
248.45,-200
248.5,-200
248.55,-199
248.61,-199
248.7,-200
248.77,-200
248.88,-200
248.97,-200
249.03,-199
249.08,-199
249.19,-200
249.3,-201
249.39,-199
249.45,-199
249.5,-199
249.55,-199
249.61,-199
249.72,-201
249.77,-201
249.88,-199
249.97,-199
250.03,-200
250.08,-201
250.14,-201
250.19,-200
250.3,-200
250.39,-199
250.45,-200
250.5,-201
250.56,-201
250.61,-201
250.72,-199
250.77,-199
250.88,-199
250.97,-201
251.03,-201
251.08,-201
251.14,-200
251.19,-199
251.3,-200
251.39,-201
251.45,-201
251.5,-201
251.56,-201
251.61,-200
251.72,-199
251.77,-200
251.88,-202
251.98,-200
252.03,-199
252.08,-199
252.14,-200
252.19,-200
252.3,-201
252.41,-200
252.5,-199
252.56,-199
252.61,-200
252.72,-201
252.77,-200
252.83,-200
252.92,-199
252.98,-199
253.03,-199
253.08,-200
253.14,-201
253.19,-201
253.25,-200
253.3,-199
253.41,-199
253.5,-199
253.56,-200
253.61,-201
253.67,-201
253.72,-199
253.77,-199
253.83,-199
253.92,-200
253.98,-201
254.03,-201
254.09,-201
254.19,-200
254.25,-199
254.3,-199
254.41,-201
254.52,-201
254.61,-199
254.67,-199
254.72,-199
254.77,-199
254.83,-200
254.92,-201
254.98,-200
255.03,-199
255.09,-199
255.19,-199
255.25,-200
255.3,-201
255.41,-201
255.52,-199
255.61,-199
255.67,-200
255.72,-201
255.77,-201
255.83,-201
255.94,-199
256.03,-199
256.09,-199
256.14,-200
256.19,-201
256.25,-200
256.3,-200
256.36,-199
256.41,-199
256.52,-200
256.61,-201
256.67,-201
256.72,-200
256.78,-200
256.83,-199
256.88,-199
256.94,-199
257.03,-201
257.09,-201
257.14,-200
257.2,-199
257.25,-198
257.3,-199
257.36,-199
257.41,-199
257.52,-201
257.63,-199
257.72,-199
257.78,-199
257.83,-200
257.88,-201
257.94,-201
258.03,-200
258.09,-199
258.14,-198
258.2,-199
258.25,-200
258.3,-201
258.36,-201
258.41,-200
258.52,-198
258.63,-198
258.72,-200
258.78,-200
258.83,-200
258.88,-199
258.94,-199
259.05,-199
259.14,-200
259.2,-200
259.25,-200
259.3,-200
259.36,-199
259.41,-198
259.47,-198
259.56,-200
259.63,-200
259.72,-199
259.78,-199
259.83,-198
259.89,-198
259.94,-198
260.05,-200
260.14,-200
260.2,-199
260.25,-198
260.31,-198
260.36,-198
260.41,-200
260.47,-200
260.56,-200
260.63,-199
260.73,-198
260.83,-199
260.89,-200
260.94,-200
261.05,-199
261.14,-198
261.2,-198
261.25,-199
261.31,-200
261.36,-200
261.41,-200
261.47,-200
261.56,-198
261.63,-199
261.73,-200
261.83,-201
261.89,-201
261.94,-199
262.05,-198
262.16,-199
262.25,-201
262.31,-200
262.36,-199
262.41,-199
262.47,-199
262.58,-199
262.63,-200
262.73,-201
262.83,-199
262.89,-199
262.94,-199
263,-200
263.05,-201
263.16,-201
263.25,-199
263.31,-199
263.36,-199
263.41,-200
263.47,-200
263.58,-201
263.63,-200
263.73,-199
263.83,-199
263.89,-200
263.94,-201
264,-202
264.05,-201
264.16,-199
264.25,-200
264.31,-201
264.36,-202
264.42,-202
264.47,-202
264.58,-200
264.63,-200
264.73,-201
264.83,-203
264.89,-203
264.94,-202
265,-201
265.05,-202
265.16,-202
265.25,-205
265.31,-205
265.36,-204
265.42,-204
265.47,-204
265.58,-205
265.63,-207
265.73,-208
265.84,-208
265.89,-207
265.94,-208
266,-209
266.05,-211
266.16,-213
266.27,-214
266.36,-214
266.42,-215
266.47,-217
266.58,-221
266.63,-222
266.69,-222
266.78,-225
266.84,-227
266.89,-229
266.94,-231
267,-233
267.05,-233
267.11,-234
267.16,-235
267.27,-239
267.36,-245
267.42,-247
267.47,-249
267.58,-251
267.63,-253
267.69,-253
267.78,-259
267.84,-261
267.89,-264
267.94,-265
268,-266
268.05,-268
268.11,-270
268.16,-272
268.27,-278
268.36,-280
268.42,-281
268.47,-282
268.53,-283
268.58,-286
268.63,-289
268.69,-292
268.78,-295
268.84,-296
268.89,-297
268.95,-297
269,-299
269.05,-302
269.11,-305
269.16,-307
269.27,-310
269.38,-313
269.47,-318
269.53,-321
269.58,-321
269.63,-323
269.69,-324
269.8,-327
269.89,-331
269.95,-334
270,-337
270.05,-338
270.11,-206
270.16,-44
270.22,-58
270.31,-68
270.38,-76
270.47,-88
270.53,-92
270.58,-95
270.63,-98
270.69,-102
270.8,-110
270.89,-114
270.95,-117
271,-120
271.08,-124
271.14,-127
271.19,-131
271.3,-134
271.39,-140
271.45,-141
271.5,-143
271.56,-145
271.61,-148
271.66,-152
271.72,-155
271.81,-158
271.88,-158
271.97,-162
272.03,-164
272.08,-167
272.14,-170
272.19,-173
272.3,-176
272.39,-180
272.45,-182
272.5,-182
272.56,-185
272.61,-188
272.66,-190
272.72,-191
272.81,-194
272.88,-197
272.98,-203
273.08,-207
273.14,-207
273.19,-208
273.3,-211
273.41,-217
273.5,-221
273.56,-223
273.61,-224
273.66,-225
273.72,-228
273.83,-231
273.88,-233
273.98,-237
274.08,-240
274.14,-242
274.19,-244
274.3,-250
274.41,-253
274.5,-254
274.56,-256
274.61,-258
274.67,-261
274.72,-264
274.83,-270
274.88,-274
274.98,-291
275.08,-305
275.14,-323
275.19,-327
275.25,-150
275.3,-189
275.41,-270
275.5,-157
275.56,-110
275.61,-160
275.67,-204
275.75,-244
275.8,-282
275.91,-225
276,-116
276.06,-116
276.11,-163
276.17,-205
276.22,-244
276.33,-321
276.38,-249
276.48,-201
276.59,-267
276.64,-279
276.69,-279
276.75,-280
276.8,-280
276.91,-281
277.02,-280
277.11,-278
277.17,-278
277.22,-278
277.33,-280
277.38,-280
277.44,-279
277.56,-277
277.64,-278
277.69,-279
277.75,-280
277.8,-280
277.86,-280
277.91,-280
278.02,-279
278.11,-282
278.17,-283
278.22,-284
278.28,-285
278.33,-285
278.38,-285
278.44,-286
278.53,-289
278.59,-291
278.64,-291
278.7,-292
278.75,-293
278.8,-293
278.86,-294
278.91,-296
279.02,-300
279.13,-305
279.22,-307
279.28,-307
279.33,-309
279.38,-311
279.44,-314
279.55,-320
279.64,-324
279.7,-326
279.75,-329
279.8,-332
279.86,-337
279.91,-337
280.02,-83
280.13,-96
280.22,-112
280.28,-120
280.33,-128
280.38,-134
280.44,-140
280.56,-150
280.63,-155
280.72,-168
280.78,-175
280.83,-181
280.88,-181
280.94,-186
281.05,-197
281.14,-212
281.2,-219
281.25,-226
281.3,-233
281.36,-238
281.41,-244
281.47,-250
281.56,-257
281.63,-264
281.72,-277
281.78,-282
281.83,-287
281.89,-292
281.94,-297
282.05,-308
282.14,-318
282.2,-318
282.25,-322
282.31,-326
282.36,-330
282.41,-335
282.47,-340
282.56,-143
282.63,-154
282.73,-169
282.83,-177
282.89,-184
282.94,-192
283.05,-204
283.14,-214
283.2,-219
283.25,-226
283.31,-232
283.36,-238
283.41,-243
283.47,-243
283.56,-252
283.63,-257
283.73,-268
283.83,-279
283.89,-284
283.94,-288
284.05,-297
284.16,-303
284.25,-314
284.31,-319
284.36,-323
284.41,-327
284.47,-331
284.58,-203
284.63,-83
284.73,-110
284.83,-118
284.89,-125
284.94,-132
285,-139
285.05,-147
285.16,-161
285.25,-172
285.31,-177
285.36,-183
285.42,-183
285.47,-189
285.58,-202
285.63,-207
285.73,-216
285.84,-227
285.89,-233
285.94,-239
286,-244
286.05,-244
286.16,-253
286.25,-262
286.31,-268
286.36,-274
286.42,-279
286.47,-284
286.58,-292
286.63,-296
286.73,-301
286.84,-313
286.89,-317
286.94,-322
287,-326
287.05,-330
287.16,-307
287.27,-138
287.36,-149
287.42,-157
287.47,-164
287.58,-177
287.63,-184
287.69,-191
287.78,-203
287.84,-208
287.89,-213
287.94,-218
288,-218
288.05,-225
288.11,-231
288.16,-237
288.27,-247
288.36,-256
288.42,-261
288.47,-267
288.53,-273
288.58,-279
288.63,-279
288.69,-283
288.78,-291
288.84,-296
288.89,-301
288.95,-307
289,-312
289.05,-317
289.11,-321
289.16,-325
289.27,-334
289.36,-337
289.42,-113
289.47,-90
289.53,-104
289.58,-113
289.63,-121
289.69,-128
289.78,-144
289.84,-151
289.89,-157
289.95,-157
290,-163
290.05,-168
290.11,-174
290.16,-179
290.27,-193
290.38,-204
290.47,-213
290.53,-218
290.58,-218
290.63,-224
290.69,-229
290.8,-241
290.89,-249
290.95,-253
291,-258
291.05,-264
291.11,-270
291.16,-275
291.27,-280
291.38,-288
291.47,-297
291.53,-303
291.58,-308
291.63,-313
291.69,-317
291.8,-325
291.89,-330
291.95,-335
292,-172
292.05,-67
292.11,-82
292.16,-93
292.22,-102
292.31,-117
292.38,-125
292.47,-139
292.53,-139
292.64,-150
292.69,-156
292.8,-168
292.89,-181
292.95,-187
293,-191
293.06,-196
293.11,-201
293.16,-201
293.22,-207
293.31,-218
293.38,-224
293.48,-233
293.58,-242
293.64,-248
293.69,-253
293.8,-259
293.89,-268
293.95,-272
294,-276
294.06,-282
294.11,-287
294.16,-293
294.22,-298
294.31,-306
294.38,-310
294.48,-314
294.58,-325
294.64,-330
294.69,-335
294.75,-330
294.8,-100
294.91,-83
295,-104
295.06,-112
295.11,-112
295.16,-119
295.22,-125
295.33,-137
295.38,-144
295.48,-158
295.58,-169
295.64,-174
295.69,-179
295.75,-179
295.8,-184
295.91,-197
296,-208
296.06,-212
296.11,-217
296.17,-221
296.22,-227
296.33,-239
296.38,-239
296.48,-248
296.59,-256
296.64,-261
296.69,-267
296.75,-273
296.8,-278
296.91,-286
297.02,-295
297.11,-300
297.17,-306
297.22,-311
297.33,-320
297.38,-324
297.48,-333
297.59,-230
297.64,-132
297.69,-132
297.75,-147
297.8,-156
297.92,-171
297.98,-185
298.09,-192
298.14,-198
298.19,-204
298.25,-209
298.3,-214
298.36,-219
298.41,-225
298.52,-238
298.61,-247
298.67,-247
298.72,-252
298.78,-256
298.83,-262
298.88,-267
298.94,-274
299.03,-283
299.09,-287
299.14,-291
299.19,-295
299.25,-301
299.3,-301
299.36,-306
299.41,-312
299.52,-320
299.61,-328
299.67,-333
299.72,-339
299.78,-150
299.83,-88
299.88,-103
299.94,-103
300.03,-120
300.09,-128
300.14,-136
300.2,-144
300.25,-151
300.3,-157
300.36,-163
300.41,-168
300.52,-180
300.63,-186
300.72,-198
300.78,-203
300.83,-207
300.88,-212
300.94,-217
301.05,-229
301.14,-241
301.2,-244
301.25,-244
301.3,-249
301.36,-253
301.41,-258
301.52,-270
301.63,-280
301.72,-287
301.78,-292
301.83,-298
301.88,-298
301.94,-303
302.05,-314
302.14,-321
302.2,-325
302.25,-330
302.3,-335
302.36,-281
302.41,-77
302.47,-72
302.56,-84
302.63,-93
302.72,-109
302.78,-117
302.83,-124
302.89,-131
302.94,-136
303.05,-144
303.14,-152
303.2,-152
303.25,-156
303.31,-158
303.36,-160
303.41,-161
303.47,-162
303.56,-166
303.63,-168
303.73,-172
303.83,-172
303.89,-172
303.94,-173
304.05,-176
304.14,-180
304.2,-181
304.25,-181
304.31,-181
304.36,-182
304.41,-183
304.47,-183
304.56,-187
304.63,-188
304.73,-189
304.83,-190
304.89,-192
304.94,-194
305.05,-196
305.14,-196
305.2,-196
305.25,-196
305.31,-198
305.36,-200
305.41,-202
305.47,-203
305.56,-203
305.63,-203
305.73,-206
305.83,-208
305.89,-209
305.94,-210
306.05,-210
306.16,-212
306.25,-215
306.31,-217
306.36,-217
306.41,-217
306.47,-217
306.58,-218
306.63,-220
306.73,-223
306.83,-224
306.89,-224
306.94,-225
307,-226
307.05,-226
307.16,-229
307.25,-231
307.31,-231
307.36,-231
307.42,-232
307.47,-234
307.58,-237
307.63,-238
307.73,-238
307.83,-238
307.89,-240
307.94,-241
308,-243
308.05,-244
308.16,-244
308.25,-246
308.31,-247
308.36,-247
308.42,-249
308.47,-250
308.58,-251
308.63,-251
308.73,-253
308.84,-256
308.89,-257
308.94,-258
309,-258
309.05,-258
309.16,-259
309.27,-262
309.36,-265
309.42,-265
309.47,-265
309.58,-267
309.63,-267
309.69,-268
309.78,-271
309.84,-272
309.89,-272
309.94,-272
310,-273
310.05,-274
310.11,-276
310.16,-278
310.27,-278
310.36,-279
310.42,-279
310.47,-280
310.58,-283
310.63,-285
310.69,-285
310.78,-285
310.84,-286
310.89,-287
310.94,-287
311,-290
311.05,-291
311.11,-292
311.16,-292
311.27,-292
311.36,-295
311.42,-297
311.47,-298
311.53,-299
311.58,-299
311.63,-299
311.69,-299
311.78,-301
311.84,-302
311.89,-304
311.97,-305
312.03,-305
312.08,-305
312.13,-306
312.19,-307
312.28,-310
312.34,-312
312.39,-312
312.45,-312
312.5,-312
312.55,-312
312.61,-313
312.66,-314
312.77,-318
312.88,-319
312.97,-319
313.03,-320
313.08,-322
313.13,-323
313.19,-323
313.3,-326
313.39,-326
313.45,-326
313.5,-327
313.55,-329
313.61,-330
313.66,-332
313.72,-332
313.81,-332
313.88,-332
313.97,-334
314.03,-336
314.08,-338
314.13,-338
314.19,-129
314.3,-138
314.39,-147
314.45,-147
314.5,-151
314.55,-154
314.61,-156
314.66,-157
314.72,-159
314.81,-164
314.88,-166
314.97,-170
315.03,-171
315.08,-172
315.14,-172
315.19,-172
315.3,-176
315.39,-180
315.45,-181
315.5,-181
315.56,-182
315.61,-183
315.66,-184
315.72,-187
315.81,-188
315.88,-189
315.97,-190
316.03,-190
316.08,-192
316.14,-193
316.19,-195
316.3,-197
316.39,-197
316.45,-198
316.5,-199
316.56,-200
316.61,-202
316.66,-204
316.72,-205
316.81,-205
316.88,-206
316.98,-208
317.08,-210
317.14,-212
317.19,-212
317.3,-212
317.41,-214
317.5,-218
317.56,-219
317.61,-219
317.66,-219
317.72,-219
317.83,-220
317.88,-222
317.98,-225
318.08,-226
318.14,-226
318.19,-227
318.25,-228
318.3,-230
318.41,-232
318.5,-233
318.56,-233
318.61,-233
318.67,-234
318.72,-236
318.83,-239
318.88,-240
318.98,-239
319.08,-240
319.14,-242
319.19,-243
319.25,-245
319.3,-246
319.41,-246
319.5,-247
319.56,-249
319.61,-249
319.67,-250
319.72,-251
319.83,-252
319.88,-252
319.98,-254
320.09,-258
320.14,-258
320.19,-259
320.25,-259
320.3,-259
320.41,-260
320.52,-264
320.61,-266
320.67,-266
320.72,-266
320.83,-267
320.88,-269
320.94,-269
321.03,-272
321.09,-272
321.14,-272
321.19,-272
321.25,-273
321.3,-275
321.41,-278
321.47,-279
321.58,-279
321.63,-279
321.72,-281
321.84,-284
321.89,-286
321.95,-286
322,-286
322.11,-287
322.16,-288
322.25,-290
322.3,-291
322.36,-292
322.41,-292
322.52,-292
322.61,-295
322.67,-297
322.72,-298
322.78,-298
322.83,-298
322.89,-298
322.94,-299
323.05,-301
323.11,-302
323.23,-305
323.3,-305
323.36,-305
323.41,-306
323.47,-308
323.58,-309
323.63,-311
323.72,-311
323.78,-311
323.83,-312
323.88,-313
323.94,-315
324.05,-317
324.14,-317
324.22,-317
324.3,-319
324.36,-320
324.41,-322
324.52,-324
324.63,-324
324.72,-326
324.78,-326
324.83,-328
324.88,-329
324.94,-330
325.05,-330
325.14,-332
325.2,-333
325.25,-335
325.3,-336
325.38,-337
325.48,-337
325.58,-110
325.64,-120
325.69,-129
325.8,-139
325.89,-143
325.95,-145
326.03,-147
326.08,-150
326.14,-153
326.19,-155
326.3,-158
326.41,-160
326.5,-162
326.56,-164
326.61,-167
326.66,-168
326.72,-169
326.83,-170
326.88,-171
326.95,-173
327,-175
327.06,-177
327.11,-178
327.16,-178
327.22,-179
327.33,-181
327.38,-181
327.48,-185
327.58,-186
327.64,-186
327.69,-187
327.75,-188
327.8,-190
327.91,-193
328,-194
328.06,-194
328.11,-194
328.17,-195
328.22,-196
328.33,-200
328.38,-201
328.48,-201
328.58,-203
328.64,-204
328.69,-204
328.75,-206
328.8,-207
328.91,-208
329,-209
329.06,-210
329.11,-212
329.17,-213
329.22,-215
329.33,-215
329.38,-215
329.48,-216
329.59,-220
329.64,-221
329.69,-222
329.75,-222
329.8,-222
329.91,-224
330.02,-226
330.11,-228
330.17,-229
330.22,-229
330.33,-230
330.38,-232
330.44,-233
330.53,-236
330.59,-236
330.64,-236
330.69,-236
330.75,-236
330.8,-238
330.86,-239
330.91,-241
331.02,-243
331.11,-243
331.17,-244
331.22,-245
331.28,-245
331.33,-247
331.38,-248
331.44,-249
331.53,-249
331.59,-250
331.64,-251
331.69,-253
331.75,-254
331.8,-256
331.86,-256
331.91,-256
332.02,-256
332.11,-258
332.17,-260
332.22,-262
332.28,-263
332.33,-263
332.38,-263
332.44,-263
332.53,-264
332.59,-266
332.64,-267
332.7,-269
332.75,-269
332.8,-269
332.86,-269
332.91,-270
333.02,-273
333.13,-275
333.22,-275
333.28,-276
333.33,-276
333.41,-277
333.52,-280
333.63,-282
333.72,-282
333.78,-283
333.83,-284
333.88,-286
333.94,-288
334.05,-289
334.14,-289
334.2,-289
334.25,-290
334.3,-291
334.36,-293
334.41,-294
334.47,-295
334.56,-295
334.63,-295
334.72,-299
334.78,-300
334.83,-300
334.88,-302
334.94,-302
335.05,-302
335.13,-303
335.22,-306
335.28,-307
335.33,-308
335.39,-308
335.47,-308
335.55,-310
335.61,-311
335.67,-313
335.72,-314
335.78,-315
335.83,-314
335.89,-315
335.94,-315
336.05,-318
336.14,-320
336.2,-321
336.25,-321
336.31,-321
336.36,-321
336.41,-322
336.47,-324
336.56,-327
336.63,-327
336.73,-327
336.83,-328
336.89,-329
336.94,-331
337.05,-333
337.16,-334
337.25,-335
337.31,-337
337.36,-338
337.41,-338
337.47,-340
337.58,-55
337.63,-66
337.73,-79
337.83,-88
337.89,-92
337.94,-94
338.05,-96
338.16,-100
338.25,-106
338.31,-108
338.36,-110
338.41,-111
338.47,-111
338.58,-115
338.63,-117
338.73,-119
338.83,-122
338.89,-122
338.94,-123
339,-124
339.05,-126
339.16,-131
339.25,-132
339.31,-132
339.36,-132
339.42,-133
339.47,-134
339.58,-138
339.63,-140
339.73,-140
339.84,-142
339.94,-145
340.05,-147
340.16,-148
340.27,-149
340.36,-152
340.42,-153
340.47,-155
340.58,-155
340.63,-155
340.69,-156
340.78,-158
340.84,-160
340.89,-162
340.94,-162
341,-163
341.05,-162
341.16,-164
341.27,-166
341.36,-169
341.42,-169
341.47,-170
341.58,-170
341.63,-172
341.69,-174
341.78,-176
341.84,-176
341.89,-176
341.94,-176
342,-177
342.05,-178
342.11,-180
342.16,-182
342.27,-183
342.36,-184
342.42,-185
342.47,-186
342.53,-188
342.58,-188
342.63,-189
342.69,-190
342.78,-190
342.84,-191
342.89,-192
342.95,-194
343,-195
343.05,-197
343.11,-197
343.16,-197
343.27,-197
343.38,-199
343.47,-203
343.53,-204
343.61,-204
343.66,-204
343.77,-206
343.88,-209
343.97,-211
344.03,-210
344.08,-211
344.13,-211
344.19,-211
344.3,-215
344.39,-217
344.45,-217
344.5,-217
344.55,-218
344.61,-219
344.66,-220
344.72,-222
344.81,-223
344.88,-224
344.97,-224
345.03,-225
345.08,-226
345.13,-228
345.19,-229
345.3,-230
345.39,-231
345.45,-231
345.5,-232
345.55,-234
345.61,-235
345.66,-237
345.72,-237
345.81,-237
345.88,-238
345.97,-241
346.03,-243
346.08,-243
346.14,-243
346.19,-244
346.3,-244
346.39,-247
346.45,-248
346.5,-250
346.56,-250
346.64,-250
346.72,-251
346.81,-252
346.88,-254
346.98,-257
347.08,-257
347.14,-257
347.22,-258
347.31,-261
347.38,-263
347.48,-263
347.58,-264
347.64,-265
347.69,-267
347.8,-268
347.91,-270
348,-270
348.06,-271
348.11,-272
348.16,-274
348.22,-275
348.33,-276
348.38,-276
348.48,-276
348.58,-279
348.64,-281
348.69,-282
348.75,-282
348.8,-282
348.91,-283
349,-285
349.06,-287
349.11,-288
349.17,-289
349.25,-289
349.3,-289
349.41,-290
349.5,-294
349.56,-295
349.61,-295
349.67,-295
349.72,-296
349.8,-296
349.91,-300
350,-302
350.06,-302
350.11,-302
350.17,-302
350.25,-303
350.3,-305
350.41,-308
350.5,-308
350.56,-308
350.61,-308
350.67,-309
350.72,-311
350.83,-314
350.88,-315
350.98,-314
351.09,-316
351.14,-318
351.19,-319
351.25,-321
351.31,-321
351.38,-321
351.44,-320
351.53,-323
351.59,-323
351.64,-325
351.69,-326
351.75,-327
351.8,-327
351.91,-328
352.02,-330
352.11,-333
352.17,-333
352.22,-333
352.33,-334
352.38,-334
352.44,-335
352.53,-323
352.59,-102
352.64,-110
352.69,-117
352.75,-122
352.8,-126
352.86,-130
352.91,-130
353.02,-136
353.11,-140
353.17,-141
353.22,-143
353.36,-148
353.41,-150
353.52,-153
353.61,-154
353.67,-156
353.72,-158
353.78,-160
353.83,-162
353.88,-162
353.94,-163
354.03,-164
354.09,-165
354.14,-166
354.2,-169
354.25,-171
354.3,-172
354.36,-172
354.41,-173
354.52,-173
354.61,-176
354.67,-178
354.72,-179
354.78,-180
354.83,-180
354.88,-180
354.94,-181
355.03,-184
355.09,-186
355.14,-186
355.2,-187
355.25,-188
355.3,-187
355.36,-188
355.41,-189
355.52,-192
355.63,-195
355.72,-195
355.78,-195
355.83,-195
355.88,-197
355.94,-198
356.05,-201
356.14,-201
356.2,-202
356.25,-203
356.3,-205
356.36,-206
356.41,-208
356.47,-208
356.56,-209
356.63,-208
356.72,-210
356.78,-212
356.83,-214
356.88,-215
356.94,-215
357.05,-215
357.14,-216
357.2,-218
357.25,-219
357.31,-221
357.36,-221
357.41,-222
357.47,-222
357.56,-223
357.63,-225
357.72,-227
357.78,-228
357.83,-228
357.89,-228
357.94,-228
358.05,-231
358.14,-234
358.2,-234
358.25,-235
358.31,-235
358.39,-235
358.44,-236
358.52,-238
358.63,-241
358.73,-241
358.83,-242
358.89,-244
358.94,-245
359.05,-247
359.16,-248
359.25,-248
359.31,-249
359.36,-251
359.41,-253
359.47,-253
359.56,-254
359.63,-254
359.73,-255
359.83,-258
359.89,-260
359.94,-260
360.05,-261
360.16,-262
360.25,-265
360.31,-265
360.36,-267
360.41,-267
360.47,-267
360.58,-268
360.63,-269
360.73,-273
360.83,-274
360.89,-274
360.94,-274
361.05,-275
361.13,-277
361.23,-280
361.33,-280
361.39,-280
361.44,-281
361.5,-282
361.55,-284
361.66,-286
361.75,-286
361.81,-286
361.86,-287
361.91,-287
361.97,-289
362.08,-292
362.13,-293
362.23,-293
362.33,-295
362.39,-297
362.44,-298
362.5,-299
362.55,-300
362.66,-299
362.75,-300
362.81,-302
362.86,-303
362.92,-305
362.97,-305
363.08,-305
363.13,-306
363.23,-307
363.34,-311
363.39,-311
363.44,-312
363.5,-312
363.55,-312
363.66,-315
363.77,-318
363.86,-319
363.92,-319
363.97,-319
364.08,-320
364.13,-322
364.19,-323
364.28,-324
364.34,-324
364.39,-324
364.44,-325
364.5,-325
364.55,-327
364.66,-330
364.77,-330
364.86,-331
364.92,-332
364.97,-334
365.08,-336
365.13,-337
365.19,-337
365.28,-337
365.34,-266
365.39,-125
365.44,-135
365.5,-141
365.55,-145
365.63,-148
365.69,-150
365.78,-155
365.84,-158
365.89,-161
365.95,-163
366,-164
366.05,-165
366.11,-165
366.16,-166
366.27,-170
366.38,-174
366.47,-176
366.53,-176
366.58,-177
366.63,-179
366.69,-181
366.78,-183
366.84,-185
366.89,-185
366.95,-185
367,-186
367.05,-187
367.11,-188
367.16,-191
367.27,-193
367.38,-194
367.47,-194
367.53,-195
367.58,-197
367.63,-199
367.69,-200
367.8,-201
367.89,-202
367.95,-204
368,-206
368.05,-206
368.11,-207
368.16,-208
368.22,-208
368.31,-209
368.38,-210
368.47,-213
368.53,-215
368.58,-215
368.64,-215
368.69,-215
368.8,-216
368.89,-219
368.95,-221
369,-222
369.06,-222
369.11,-222
369.16,-222
369.22,-223
369.31,-227
369.38,-227
369.47,-228
369.53,-229
369.58,-228
369.64,-229
369.69,-230
369.8,-234
369.89,-235
369.95,-235
370,-235
370.06,-235
370.11,-236
370.16,-238
370.22,-240
370.31,-241
370.38,-241
370.48,-242
370.58,-245
370.64,-245
370.69,-247
370.8,-248
370.91,-248
371,-251
371.06,-252
371.11,-254
371.16,-254
371.22,-254
371.31,-254
371.38,-255
371.48,-258
371.58,-260
371.64,-260
371.69,-261
371.8,-262
371.91,-265
372,-266
372.06,-267
372.11,-267
372.16,-267
372.22,-267
372.33,-270
372.38,-272
372.48,-273
372.58,-273
372.64,-274
372.69,-274
372.75,-276
372.8,-278
372.91,-279
373,-280
373.06,-280
373.11,-281
373.17,-283
373.22,-283
373.33,-286
373.38,-286
373.48,-286
373.59,-288
373.64,-290
373.69,-291
373.75,-292
373.8,-292
373.91,-292
374,-294
374.06,-295
374.11,-297
374.17,-298
374.22,-298
374.33,-298
374.38,-299
374.48,-303
374.64,-305
374.69,-305
374.75,-305
374.8,-305
374.91,-308
375.02,-311
375.11,-311
375.17,-311
375.22,-311
375.33,-313
375.38,-315
375.44,-317
375.53,-318
375.59,-317
375.64,-318
375.69,-319
375.75,-321
375.8,-321
375.86,-322
375.91,-324
376.02,-324
376.11,-325
376.17,-326
376.22,-328
376.28,-329
376.33,-330
376.38,-330
376.44,-330
376.53,-330
376.59,-331
376.64,-333
376.69,-335
376.75,-336
376.8,-336
376.86,-336
376.91,-336
377.02,-160
377.11,-69
377.17,-80
377.22,-87
377.28,-91
377.33,-94
377.38,-97
377.44,-100
377.53,-107
377.59,-110
377.64,-112
377.7,-113
377.75,-113
377.8,-115
377.86,-117
377.91,-120
378.02,-129
378.13,-135
378.22,-141
378.28,-145
378.36,-150
378.41,-154
378.52,-161
378.63,-166
378.72,-169
378.78,-173
378.83,-177
378.88,-181
378.94,-184
379.05,-189
379.14,-195
379.2,-199
379.25,-203
379.3,-207
379.36,-207
379.41,-209
379.47,-211
379.56,-216
379.63,-220
379.72,-227
379.78,-231
379.83,-233
379.89,-235
379.94,-237
380.05,-240
380.14,-248
380.2,-251
380.25,-254
380.3,-256
380.36,-258
380.41,-261
380.47,-264
380.56,-271
380.63,-274
380.75,-277
380.81,-281
380.86,-284
380.91,-288
380.97,-288
381.06,-295
381.13,-297
381.23,-301
381.33,-306
381.39,-309
381.44,-312
381.55,-315
381.66,-316
381.75,-317
381.81,-319
381.86,-321
381.91,-323
381.97,-323
382.06,-324
382.13,-325
382.23,-328
382.33,-330
382.39,-332
382.44,-332
382.55,-333
382.66,-336
382.75,-330
382.81,-129
382.86,-138
382.91,-138
383.02,-150
383.08,-154
383.13,-158
383.23,-165
383.33,-169
383.39,-170
383.44,-173
383.5,-175
383.55,-175
383.66,-181
383.75,-184
383.81,-185
383.86,-186
383.92,-188
383.97,-191
384.08,-195
384.13,-196
384.23,-197
384.34,-199
384.39,-202
384.44,-204
384.5,-206
384.55,-208
384.66,-209
384.77,-212
384.86,-214
384.92,-216
384.97,-218
385.08,-219
385.13,-220
385.23,-223
385.34,-227
385.39,-229
385.44,-229
385.5,-229
385.55,-230
385.66,-233
385.77,-238
385.86,-241
385.92,-242
385.97,-243
386.08,-248
386.13,-248
386.19,-250
386.28,-256
386.34,-257
386.39,-259
386.44,-261
386.5,-264
386.55,-267
386.66,-273
386.77,-276
386.86,-278
386.92,-280
386.97,-283
387.08,-289
387.13,-292
387.19,-293
387.28,-296
387.34,-299
387.39,-302
387.44,-302
387.5,-305
387.55,-308
387.61,-310
387.66,-311
387.77,-315
387.86,-321
387.92,-324
387.97,-326
388.03,-328
388.08,-328
388.13,-329
388.19,-331
388.28,-336
388.34,-339
388.39,-152
388.45,-86
388.5,-98
388.55,-105
388.61,-111
388.66,-116
388.77,-122
388.88,-131
388.97,-137
389.03,-141
389.08,-144
389.13,-148
389.19,-152
389.28,-159
389.34,-161
389.39,-161
389.45,-164
389.5,-166
389.55,-170
389.61,-173
389.66,-177
389.72,-180
389.81,-184
389.88,-186
389.97,-192
390.03,-192
390.08,-196
390.13,-198
390.19,-201
390.3,-204
390.39,-209
390.45,-213
390.5,-216
390.55,-219
390.61,-220
390.66,-220
390.72,-222
390.81,-226
390.88,-229
390.97,-236
391.03,-238
391.08,-239
391.14,-241
391.19,-243
391.3,-245
391.39,-252
391.45,-255
391.5,-256
391.56,-258
391.61,-259
391.66,-262
391.72,-265
391.81,-271
391.88,-273
391.97,-274
392.03,-276
392.08,-278
392.14,-280
392.19,-284
392.3,-289
392.39,-292
392.45,-294
392.5,-296
392.56,-299
392.61,-299
392.66,-302
392.72,-305
392.81,-309
392.88,-310
392.98,-314
393.08,-321
393.14,-323
393.19,-325
393.3,-327
393.41,-330
393.5,-336
393.56,-339
393.61,-182
393.66,-57
393.72,-70
393.83,-86
393.88,-86
393.98,-98
394.08,-107
394.14,-110
394.19,-113
394.3,-121
394.41,-130
394.5,-135
394.56,-135
394.61,-137
394.66,-140
394.72,-143
394.83,-151
394.88,-154
394.98,-159
395.08,-163
395.14,-166
395.19,-166
395.25,-170
395.3,-173
395.41,-178
395.52,-182
395.61,-188
395.67,-191
395.72,-194
395.83,-196
395.88,-198
395.98,-202
396.09,-208
396.14,-211
396.19,-214
396.25,-215
396.3,-217
396.41,-222
396.5,-225
396.56,-228
396.61,-231
396.67,-233
396.72,-234
396.83,-238
396.88,-241
396.98,-247
397.09,-251
397.14,-251
397.19,-252
397.25,-254
397.3,-256
397.41,-263
397.52,-267
397.61,-270
397.67,-272
397.72,-275
397.83,-278
397.88,-281
397.94,-283
398.03,-287
398.09,-289
398.14,-291
398.19,-294
398.25,-297
398.3,-300
398.36,-301
398.41,-301
398.56,-306
398.61,-309
398.67,-312
398.72,-315
398.78,-318
398.83,-319
398.88,-321
398.94,-322
399.03,-325
399.09,-327
399.14,-331
399.2,-333
399.25,-335
399.3,-336
399.36,-338
399.41,-145
399.48,-92
399.59,-114
399.64,-120
399.7,-124
399.75,-128
399.8,-132
399.86,-135
399.91,-140
400.06,-149
400.13,-152
400.22,-157
400.28,-160
400.33,-164
400.38,-167
400.44,-171
400.55,-177
400.64,-181
400.7,-181
400.75,-184
400.8,-187
400.86,-190
400.91,-194
400.97,-196
401.06,-200
401.13,-202
401.22,-208
401.28,-211
401.33,-211
401.38,-214
401.44,-216
401.55,-219
401.64,-225
401.7,-228
401.75,-231
401.81,-234
401.86,-235
401.91,-237
401.97,-237
402.06,-241
402.13,-244
402.22,-250
402.28,-252
402.36,-253
402.41,-255
402.47,-257
402.56,-264
402.63,-266
402.73,-270
402.83,-273
402.89,-276
402.94,-276
403.05,-282
403.14,-287
403.2,-288
403.25,-289
403.31,-292
403.36,-294
403.41,-298
403.47,-300
403.56,-303
403.67,-306
403.73,-307
403.83,-313
403.89,-316
403.94,-319
404.05,-322
404.16,-326
404.25,-328
404.31,-331
404.36,-334
404.41,-337
404.47,-338
404.58,-82
404.63,-95
404.73,-111
404.83,-121
404.89,-121
404.94,-124
405,-128
405.05,-131
405.16,-140
405.25,-148
405.31,-151
405.36,-153
405.41,-156
405.47,-158
405.58,-162
405.63,-166
405.73,-172
405.83,-176
405.89,-179
405.94,-182
406,-185
406.05,-189
406.16,-192
406.25,-196
406.31,-197
406.36,-200
406.42,-203
406.47,-206
406.58,-212
406.63,-214
406.73,-217
406.84,-220
406.89,-223
406.94,-226
407,-229
407.05,-231
407.16,-234
407.27,-240
407.36,-246
407.42,-248
407.47,-248
407.58,-251
407.63,-253
407.69,-255
407.78,-261
407.84,-264
407.89,-266
407.94,-268
408,-269
408.05,-271
408.11,-271
408.16,-274
408.27,-280
408.36,-284
408.42,-285
408.47,-287
408.53,-290
408.58,-292
408.63,-296
408.69,-298
408.78,-300
408.84,-301
408.89,-303
408.94,-305
409,-308
409.05,-311
409.11,-314
409.16,-316
409.27,-319
409.36,-321
409.42,-323
409.47,-327
409.53,-329
409.58,-332
409.63,-333
409.69,-335
409.78,-182
409.84,-123
409.89,-135
409.95,-143
410,-149
410.05,-149
410.11,-153
410.16,-156
410.27,-163
410.38,-172
410.47,-179
410.53,-181
410.58,-184
410.63,-186
410.69,-186
410.78,-194
410.84,-197
410.89,-200
410.95,-202
411,-204
411.05,-206
411.11,-209
411.16,-213
411.27,-219
411.38,-221
411.47,-224
411.53,-227
411.58,-230
411.63,-233
411.69,-237
411.8,-241
411.89,-244
411.95,-244
412,-247
412.05,-250
412.11,-253
412.16,-256
412.22,-258
412.31,-261
412.38,-263
412.47,-269
412.53,-272
412.58,-274
412.64,-274
412.69,-276
412.8,-279
412.89,-285
412.95,-288
413,-291
413.06,-292
413.11,-294
413.16,-295
413.22,-297
413.31,-300
413.38,-303
413.48,-309
413.58,-311
413.64,-313
413.69,-315
413.8,-321
413.91,-324
414,-327
414.06,-329
414.11,-331
414.16,-333
414.22,-336
414.33,-122
414.38,-68
414.48,-87
414.58,-93
414.64,-99
414.69,-104
414.8,-114
414.91,-120
415,-127
415.06,-132
415.11,-136
415.16,-139
415.22,-139
415.33,-144
415.38,-146
415.48,-153
415.58,-160
415.64,-163
415.69,-165
415.75,-166
415.8,-169
415.91,-172
416,-179
416.06,-182
416.11,-184
416.17,-185
416.22,-187
416.33,-193
416.38,-196
416.48,-199
416.59,-203
416.64,-204
416.69,-207
416.75,-209
416.8,-213
416.91,-218
417.02,-222
417.11,-223
417.17,-225
417.22,-228
417.33,-235
417.38,-237
417.44,-238
417.53,-241
417.59,-244
417.64,-247
417.69,-251
417.75,-253
417.8,-253
417.91,-256
418.02,-260
418.11,-266
418.17,-269
418.22,-271
418.33,-274
418.38,-276
418.44,-276
418.53,-281
418.59,-284
418.64,-287
418.69,-289
418.75,-290
418.8,-291
418.86,-294
418.91,-296
419.02,-303
419.11,-305
419.17,-306
419.22,-307
419.28,-309
419.33,-311
419.38,-315
419.44,-317
419.53,-322
419.59,-323
419.64,-325
419.7,-325
419.75,-327
419.8,-329
419.86,-333
419.91,-335
420.02,-284
420.11,-139
420.17,-147
420.22,-154
420.28,-160
420.33,-164
420.38,-164
420.44,-168
420.53,-174
420.59,-177
420.64,-181
420.7,-185
420.75,-189
420.8,-192
420.86,-194
420.91,-197
421.02,-199
421.13,-205
421.22,-212
421.28,-215
421.33,-216
421.38,-218
421.44,-220
421.55,-227
421.64,-230
421.7,-233
421.75,-235
421.8,-236
421.86,-238
421.91,-241
421.97,-244
422.06,-250
422.13,-252
422.22,-255
422.28,-257
422.33,-257
422.39,-260
422.44,-263
422.55,-269
422.64,-272
422.7,-274
422.75,-276
422.8,-279
422.86,-282
422.91,-285
422.97,-285
423.06,-289
423.13,-290
423.22,-294
423.28,-298
423.33,-301
423.39,-303
423.44,-304
423.52,-306
423.59,-307
423.64,-310
423.7,-313
423.75,-316
423.81,-318
423.86,-321
423.91,-322
423.97,-324
424.06,-328
424.13,-331
424.23,-334
424.33,-338
424.39,-169
424.44,-124
424.55,-142
424.66,-154
424.75,-162
424.81,-165
424.86,-168
424.91,-168
424.97,-172
425.06,-180
425.13,-184
425.23,-188
425.33,-193
425.39,-197
425.44,-201
425.55,-204
425.66,-208
425.75,-212
425.81,-216
425.86,-219
425.91,-222
425.97,-225
426.08,-229
426.13,-231
426.23,-233
426.33,-240
426.39,-242
426.44,-245
426.5,-247
426.55,-248
426.66,-253
426.75,-259
426.81,-259
426.86,-262
426.92,-264
426.97,-265
427.08,-269
427.13,-272
427.23,-278
427.34,-282
427.39,-283
427.44,-285
427.5,-285
427.55,-288
427.66,-294
427.77,-298
427.86,-301
427.92,-303
427.97,-306
428.08,-312
428.13,-312
428.23,-316
428.34,-319
428.39,-321
428.44,-324
428.5,-327
428.55,-330
428.66,-333
428.77,-335
428.86,-234
428.92,-101
428.97,-113
429.08,-127
429.13,-131
429.2,-135
429.27,-140
429.36,-149
429.42,-154
429.47,-157
429.58,-162
429.63,-165
429.69,-168
429.78,-173
429.84,-176
429.89,-179
429.94,-181
430,-183
430.05,-186
430.11,-188
430.16,-192
430.27,-199
430.36,-201
430.42,-203
430.47,-205
430.53,-207
430.58,-210
430.63,-213
430.69,-217
430.78,-221
430.84,-222
430.89,-225
430.95,-227
431,-227
431.05,-230
431.11,-233
431.16,-236
431.27,-240
431.38,-243
431.47,-249
431.53,-253
431.58,-255
431.63,-257
431.69,-257
431.78,-260
431.84,-262
431.89,-265
431.95,-268
432,-271
432.05,-273
432.11,-274
432.16,-276
432.28,-280
432.34,-283
432.39,-287
432.45,-289
432.5,-290
432.55,-292
432.61,-293
432.66,-293
432.77,-299
432.88,-305
432.97,-308
433.03,-310
433.08,-311
433.13,-314
433.19,-317
433.3,-320
433.39,-324
433.45,-325
433.5,-327
433.55,-329
433.61,-332
433.66,-335
433.72,-338
433.81,-100
433.88,-111
433.97,-118
434.03,-124
434.08,-130
434.14,-135
434.19,-140
434.3,-147
434.39,-153
434.45,-156
434.5,-161
434.56,-161
434.61,-165
434.66,-168
434.72,-170
434.81,-175
434.88,-178
434.98,-185
435.08,-191
435.14,-192
435.19,-194
435.3,-197
435.39,-203
435.45,-207
435.5,-209
435.56,-211
435.61,-212
435.66,-214
435.72,-217
435.81,-223
435.88,-223
435.98,-228
436.08,-231
436.14,-234
436.19,-237
436.3,-243
436.41,-247
436.5,-248
436.56,-250
436.61,-252
436.66,-256
436.72,-258
436.83,-263
436.88,-265
436.98,-268
437.08,-274
437.14,-274
437.19,-277
437.25,-279
437.3,-281
437.41,-284
437.5,-289
437.56,-293
437.61,-295
437.67,-297
437.72,-298
437.83,-300
437.88,-302
437.98,-308
438.08,-313
438.14,-315
438.19,-316
438.25,-317
438.3,-320
438.41,-326
438.5,-328
438.56,-331
438.61,-332
438.67,-333
438.72,-335
438.83,-169
438.88,-110
438.98,-130
439.09,-134
439.14,-138
439.19,-143
439.25,-148
439.3,-152
439.41,-160
439.52,-165
439.61,-172
439.67,-176
439.72,-176
439.83,-183
439.88,-185
439.94,-187
440.03,-192
440.09,-195
440.14,-199
440.19,-202
440.25,-205
440.3,-207
440.36,-208
440.41,-208
440.52,-213
440.61,-220
440.67,-223
440.72,-224
440.83,-228
440.88,-230
440.94,-233
441.03,-237
441.09,-239
441.14,-242
441.19,-243
441.25,-245
441.3,-247
441.36,-249
441.41,-252
441.52,-258
441.61,-261
441.67,-261
441.72,-263
441.78,-265
441.83,-268
441.88,-271
441.94,-274
442.03,-277
442.11,-279
442.17,-281
442.22,-283
442.28,-286
442.33,-290
442.38,-292
442.44,-294
442.55,-297
442.64,-298
442.7,-301
442.81,-308
442.86,-309
442.91,-311
443.02,-314
443.13,-320
443.22,-325
443.28,-325
443.33,-327
443.38,-329
443.44,-330
443.55,-334
443.64,-136
443.7,-68
443.75,-80
443.8,-87
443.86,-93
443.91,-93
443.97,-98
444.06,-108
444.13,-113
444.22,-120
444.28,-123
444.33,-126
444.39,-130
444.44,-134
444.55,-141
444.64,-144
444.7,-146
444.75,-148
444.81,-151
444.86,-155
444.91,-158
444.97,-162
445.06,-166
445.13,-168
445.23,-170
445.33,-177
445.39,-180
445.44,-183
445.55,-186
445.66,-191
445.75,-197
445.81,-200
445.86,-200
445.91,-203
445.97,-204
446.06,-208
446.13,-211
446.23,-218
446.33,-222
446.39,-223
446.44,-225
446.55,-227
446.66,-234
446.75,-239
446.81,-240
446.86,-242
446.91,-244
446.97,-246
447.08,-253
447.13,-255
447.23,-257
447.33,-260
447.39,-262
447.44,-265
447.5,-268
447.55,-271
447.66,-275
447.75,-278
447.81,-278
447.86,-280
447.92,-283
447.97,-287
448.08,-291
448.13,-292
448.23,-295
448.33,-301
448.39,-304
448.5,-306
448.55,-308
448.66,-311
448.75,-317
448.81,-320
448.86,-322
448.92,-324
448.97,-325
449.08,-329
449.13,-329
449.23,-334
449.34,-299
449.39,-109
449.44,-120
449.5,-129
449.55,-135
449.66,-147
449.77,-151
449.86,-157
449.92,-160
449.97,-163
450.08,-171
450.13,-176
450.19,-178
450.28,-183
450.34,-185
450.39,-185
450.44,-188
450.5,-192
450.55,-195
450.66,-201
450.77,-205
450.86,-210
450.92,-213
450.97,-217
451.08,-219
451.13,-221
451.19,-222
451.28,-227
451.34,-230
451.39,-233
451.44,-236
451.5,-238
451.55,-240
451.61,-241
451.66,-244
451.77,-246
451.86,-253
451.92,-255
451.97,-257
452.03,-258
452.08,-260
452.13,-262
452.19,-265
452.28,-271
452.34,-271
452.39,-273
452.45,-274
452.5,-276
452.55,-278
452.61,-281
452.66,-284
452.77,-289
452.88,-292
452.97,-294
453.03,-296
453.08,-299
453.13,-302
453.19,-305
453.3,-308
453.39,-311
453.45,-314
453.5,-317
453.55,-320
453.61,-320
453.66,-322
453.72,-324
453.81,-327
453.88,-329
453.97,-335
454.03,-338
454.08,-339
454.13,-173
454.19,-122
454.3,-133
454.39,-147
454.45,-152
454.5,-157
454.55,-160
454.61,-163
454.66,-166
454.72,-169
454.81,-177
454.88,-181
454.97,-184
455.03,-186
455.08,-188
455.14,-191
455.19,-194
455.3,-201
455.39,-206
455.45,-208
455.5,-210
455.56,-210
455.61,-212
455.66,-216
455.72,-219
455.81,-224
455.88,-226
455.98,-230
456.08,-236
456.14,-239
456.19,-239
456.3,-244
456.41,-247
456.5,-252
456.56,-255
456.61,-258
456.66,-260
456.72,-262
456.83,-265
456.88,-265
456.98,-270
457.08,-276
457.14,-278
457.19,-279
457.3,-282
457.41,-288
457.5,-292
457.56,-294
457.61,-295
457.66,-296
457.72,-298
457.83,-304
457.88,-307
457.98,-311
458.08,-314
458.14,-314
458.19,-316
458.25,-319
458.3,-322
458.41,-326
458.5,-329
458.56,-331
458.61,-333
458.67,-336
458.72,-260
458.83,-113
458.88,-123
458.98,-135
459.17,-150
459.22,-155
459.33,-161
459.38,-164
459.48,-170
459.59,-178
459.64,-181
459.69,-184
459.75,-184
459.8,-186
459.91,-190
460.02,-197
460.11,-203
460.17,-205
460.22,-207
460.33,-212
460.38,-212
460.44,-215
460.53,-221
460.59,-223
460.64,-225
460.69,-227
460.75,-229
460.8,-232
460.86,-235
460.91,-238
461.02,-242
461.11,-244
461.17,-246
461.22,-248
461.33,-254
461.38,-257
461.44,-259
461.53,-262
461.59,-264
461.64,-266
461.69,-266
461.75,-270
461.8,-273
461.86,-275
461.91,-276
462.02,-279
462.11,-285
462.17,-288
462.22,-291
462.28,-293
462.33,-293
462.38,-294
462.44,-295
462.53,-300
462.59,-303
462.64,-306
462.7,-308
462.75,-310
462.8,-311
462.86,-312
462.91,-315
463.02,-317
463.13,-323
463.22,-327
463.28,-328
463.33,-330
463.38,-332
463.44,-335
463.55,-189
463.64,-118
463.7,-129
463.75,-136
463.8,-141
463.86,-147
463.91,-152
463.97,-156
464.06,-163
464.13,-165
464.22,-172
464.28,-172
464.33,-176
464.38,-180
464.44,-183
464.55,-187
464.64,-192
464.7,-196
464.75,-199
464.8,-203
464.86,-205
464.91,-205
464.97,-207
465.06,-211
465.13,-214
465.22,-220
465.28,-223
465.33,-225
465.39,-226
465.44,-228
465.55,-234
465.64,-237
465.7,-240
465.75,-242
465.81,-243
465.86,-245
465.91,-247
465.97,-250
466.06,-256
466.13,-258
466.23,-260
466.33,-263
466.39,-265
466.44,-268
466.55,-274
466.66,-277
466.75,-281
466.81,-283
466.86,-283
466.91,-286
466.97,-289
467.08,-294
467.13,-295
467.23,-298
467.33,-304
467.41,-307
467.47,-309
467.58,-312
467.63,-313
467.73,-319
467.83,-322
467.89,-324
467.94,-326
468,-327
468.05,-329
468.16,-334
468.25,-289
468.31,-126
468.36,-136
468.42,-142
468.47,-142
468.58,-153
468.63,-158
468.73,-168
468.86,-173
468.92,-176
468.97,-179
469.08,-186
469.13,-190
469.23,-195
469.34,-199
469.39,-202
469.44,-202
469.5,-206
469.55,-209
469.66,-215
469.77,-218
469.86,-224
469.92,-227
469.97,-230
470.08,-232
470.13,-234
470.19,-236
470.28,-240
470.34,-244
470.39,-247
470.44,-249
470.5,-251
470.55,-253
470.61,-255
470.66,-256
470.77,-260
470.86,-266
470.92,-268
470.97,-270
471.08,-273
471.13,-275
471.19,-278
471.28,-284
471.34,-286
471.39,-286
471.44,-287
471.5,-289
471.55,-291
471.61,-293
471.66,-296
471.77,-302
471.86,-305
471.92,-306
471.97,-309
472.03,-309
472.08,-312
472.13,-315
472.19,-317
472.28,-321
472.34,-322
472.39,-324
472.45,-327
472.5,-330
472.55,-333
472.61,-335
472.66,-335
472.77,-338
472.88,-79
472.97,-101
473.03,-107
473.08,-112
473.13,-115
473.19,-119
473.3,-128
473.39,-132
473.45,-137
473.5,-140
473.55,-143
473.69,-148
473.8,-155
473.89,-162
473.95,-164
474,-166
474.05,-168
474.11,-171
474.16,-174
474.22,-177
474.31,-181
474.38,-183
474.47,-187
474.53,-189
474.58,-192
474.64,-195
474.69,-198
474.8,-203
474.89,-206
474.95,-206
475,-208
475.06,-211
475.11,-214
475.16,-218
475.22,-220
475.31,-223
475.38,-225
475.48,-230
475.58,-234
475.64,-236
475.69,-239
475.8,-241
475.91,-246
476,-252
476.06,-254
476.11,-256
476.16,-257
476.22,-257
476.31,-261
476.38,-264
476.48,-270
476.58,-273
476.64,-274
476.69,-276
476.8,-282
476.91,-285
477,-289
477.06,-290
477.11,-292
477.16,-294
477.22,-297
477.33,-303
477.38,-305
477.48,-307
477.58,-309
477.64,-312
477.69,-315
477.75,-317
477.8,-320
477.91,-323
478,-326
478.06,-329
478.11,-332
478.17,-332
478.22,-335
478.33,-338
478.38,-140
478.48,-98
478.59,-113
478.64,-119
478.69,-123
478.75,-126
478.8,-126
478.91,-133
479.02,-142
479.11,-149
479.17,-151
479.22,-153
479.33,-159
479.38,-163
479.48,-167
479.59,-172
479.64,-174
479.69,-176
479.75,-179
479.8,-182
479.91,-189
480.02,-193
480.11,-194
480.17,-196
480.22,-199
480.33,-205
480.38,-208
480.44,-210
480.53,-213
480.59,-216
480.64,-219
480.69,-222
480.75,-222
480.8,-225
480.86,-227
480.91,-229
481.02,-232
481.11,-238
481.17,-241
481.22,-243
481.28,-245
481.33,-247
481.38,-247
481.44,-248
481.53,-253
481.59,-256
481.64,-259
481.7,-261
481.75,-263
481.8,-264
481.86,-266
481.91,-268
482.02,-274
482.14,-277
482.2,-280
482.25,-282
482.3,-284
482.36,-284
482.41,-287
482.52,-293
482.63,-296
482.72,-299
482.78,-301
482.83,-304
482.91,-307
483.02,-312
483.13,-314
483.22,-319
483.28,-322
483.33,-322
483.38,-325
483.44,-327
483.55,-329
483.64,-333
483.7,-337
483.75,-339
483.8,-168
483.86,-123
483.91,-133
483.97,-133
484.06,-144
484.13,-149
484.22,-159
484.28,-163
484.33,-166
484.39,-168
484.44,-171
484.55,-178
484.64,-182
484.7,-186
484.75,-188
484.81,-190
484.86,-193
484.91,-195
484.97,-198
485.06,-205
485.13,-208
485.22,-212
485.28,-212
485.33,-213
485.39,-216
485.44,-219
485.55,-226
485.64,-229
485.7,-231
485.75,-233
485.81,-236
485.86,-239
485.91,-239
485.97,-242
486.06,-247
486.13,-248
486.23,-252
486.33,-258
486.39,-261
486.44,-263
486.55,-265
486.66,-268
486.75,-274
486.83,-277
486.89,-279
486.94,-281
487.05,-284
487.16,-289
487.25,-295
487.31,-297
487.36,-299
487.41,-300
487.47,-302
487.63,-307
487.73,-312
487.83,-315
487.89,-317
487.94,-319
488,-322
488.05,-325
488.16,-328
488.25,-331
488.31,-332
488.36,-334
488.42,-337
488.47,-325
488.58,-87
488.63,-98
488.73,-109
488.84,-114
488.89,-119
488.94,-124
489,-129
489.05,-133
489.16,-138
489.25,-145
489.34,-149
489.39,-153
489.44,-156
489.5,-159
489.55,-161
489.66,-166
489.77,-173
489.86,-176
489.92,-179
489.97,-180
490.08,-184
490.13,-187
490.19,-190
490.28,-196
490.34,-199
490.39,-200
490.44,-200
490.5,-202
490.55,-204
490.61,-207
490.66,-210
490.77,-216
490.86,-219
490.92,-221
490.97,-223
491.03,-226
491.08,-226
491.13,-230
491.19,-232
491.28,-235
491.34,-237
491.39,-239
491.44,-242
491.5,-245
491.55,-248
491.61,-250
491.66,-252
491.77,-253
491.86,-257
491.92,-260
491.97,-263
492.03,-266
492.08,-268
492.13,-269
492.19,-270
492.28,-275
492.34,-278
492.39,-278
492.45,-281
492.5,-283
492.55,-285
492.61,-286
492.66,-288
492.77,-293
492.88,-299
492.97,-302
493.03,-302
493.08,-303
493.13,-305
493.19,-307
493.3,-313
493.39,-317
493.45,-319
493.5,-320
493.55,-322
493.61,-325
493.66,-325
493.72,-328
493.81,-333
493.88,-334
493.97,-333
494.03,-111
494.08,-78
494.14,-90
494.19,-98
494.3,-103
494.39,-112
494.45,-116
494.5,-121
494.55,-126
494.61,-130
494.66,-133
494.72,-136
494.81,-141
494.88,-145
494.95,-149
495,-153
495.06,-156
495.11,-158
495.16,-161
495.22,-162
495.31,-166
495.38,-169
495.47,-176
495.53,-178
495.58,-180
495.64,-182
495.69,-184
495.8,-191
495.89,-197
495.95,-197
496,-199
496.06,-200
496.11,-202
496.16,-204
496.22,-207
496.31,-214
496.38,-215
496.48,-219
496.58,-221
496.64,-223
496.69,-227
496.8,-232
496.91,-236
497,-239
497.06,-242
497.11,-245
497.16,-248
497.22,-248
497.33,-251
497.38,-252
497.48,-257
497.58,-263
497.64,-266
497.69,-268
497.75,-269
497.8,-270
497.91,-273
498,-278
498.06,-281
498.11,-283
498.16,-285
498.22,-286
498.33,-290
498.38,-294
498.48,-299
498.58,-301
498.64,-302
498.75,-306
498.8,-308
498.91,-314
499,-318
499.06,-319
499.11,-320
499.17,-320
499.22,-323
499.33,-329
499.38,-331
499.48,-334
499.59,-156
499.64,-112
499.69,-124
499.75,-132
499.8,-132
499.91,-141
500.02,-148
500.11,-157
500.17,-161
500.22,-165
500.33,-171
500.38,-173
500.44,-173
500.53,-179
500.59,-183
500.64,-187
500.69,-189
500.75,-192
500.8,-193
500.86,-195
500.91,-198
501.02,-205
501.11,-208
501.17,-210
501.22,-212
501.33,-216
501.38,-219
501.44,-222
501.53,-227
501.59,-229
501.64,-230
501.69,-232
501.75,-232
501.8,-235
501.86,-238
501.91,-241
502.02,-246
502.11,-249
502.17,-251
502.22,-254
502.28,-257
502.33,-260
502.38,-260
502.44,-262
502.53,-265
502.59,-267
502.64,-269
502.7,-272
502.75,-276
502.8,-278
502.86,-280
502.91,-282
503.02,-283
503.13,-287
503.22,-293
503.28,-295
503.33,-297
503.38,-298
503.44,-299
503.55,-304
503.64,-310
503.7,-310
503.75,-312
503.8,-313
503.86,-314
503.91,-316
503.97,-319
504.06,-325
504.13,-327
504.22,-330
504.28,-332
504.33,-332
504.39,-334
504.44,-337
504.55,-108
504.64,-82
504.7,-90
504.75,-95
504.8,-101
504.86,-107
504.91,-112
504.97,-112
505.06,-119
505.13,-122
505.22,-129
505.28,-133
505.33,-137
505.39,-141
505.44,-144
505.55,-148
505.64,-151
505.7,-154
505.75,-158
505.81,-161
505.86,-164
505.91,-166
505.97,-168
506.06,-172
506.13,-176
506.23,-182
506.33,-185
506.39,-186
506.44,-188
506.55,-193
506.66,-199
506.75,-204
506.81,-205
506.86,-207
506.91,-207
506.97,-209
507.06,-215
507.13,-218
507.23,-221
507.33,-224
507.39,-227
507.44,-230
507.55,-233
507.66,-237
507.75,-240
507.81,-242
507.86,-245
507.91,-248
507.97,-251
508.08,-255
508.13,-256
508.23,-258
508.33,-263
508.39,-266
508.44,-269
508.5,-270
508.55,-271
508.66,-275
508.75,-281
508.81,-284
508.86,-284
508.91,-285
508.97,-287
509.08,-290
509.13,-292
509.23,-298
509.33,-302
509.39,-303
509.44,-304
509.55,-307
509.66,-312
509.75,-317
509.81,-319
509.86,-320
509.92,-321
509.97,-324
510.08,-330
510.13,-330
510.23,-334
510.34,-232
510.39,-64
510.44,-70
510.5,-80
510.55,-88
510.66,-98
510.77,-102
510.86,-110
510.92,-114
510.97,-119
511.08,-126
511.13,-128
511.23,-133
511.34,-141
511.39,-144
511.44,-144
511.5,-147
511.55,-149
511.66,-154
511.77,-161
511.86,-167
511.92,-169
511.97,-171
512.05,-173
512.16,-179
512.27,-185
512.36,-189
512.42,-189
512.47,-191
512.58,-196
512.69,-202
512.78,-207
512.84,-208
512.94,-212
513,-215
513.11,-218
513.2,-223
513.27,-225
513.36,-228
513.42,-231
513.47,-234
513.53,-237
513.58,-240
513.69,-242
513.78,-245
513.84,-247
513.95,-253
514.05,-258
514.11,-260
514.2,-263
514.27,-265
514.38,-268
514.47,-274
514.53,-276
514.58,-277
514.69,-281
514.8,-286
514.89,-292
514.95,-293
515.05,-295
515.11,-296
