时间,微压差
0.05,2
0.11,3
0.16,3
0.27,1
0.38,1
0.47,2
0.53,3
0.63,1
0.69,1
0.74,1
0.8,0
0.89,2
0.95,3
1,3
1.05,2
1.11,1
1.22,1
1.27,2
1.38,2
1.59,2
1.66,1
1.72,1
1.77,2
1.88,3
1.97,1
2.03,1
2.08,1
2.14,2
2.24,3
2.3,3
2.39,2
2.45,1
2.56,1
2.66,2
2.72,3
2.81,1
2.88,1
2.99,1
3.08,2
3.14,3
3.24,2
3.3,1
3.41,1
3.5,2
3.56,3
3.66,2
3.72,1
3.83,1
3.92,2
3.99,3
4.08,2
4.14,1
4.19,1
4.3,1
4.41,2
4.5,2
4.56,1
4.61,1
4.72,1
4.83,3
4.92,3
4.99,2
5.08,0
5.14,1
5.19,2
5.25,3
5.34,2
5.41,1
5.5,0
5.56,0
5.61,1
5.67,2
5.77,2
5.83,2
5.92,1
5.99,1
6.09,2
6.19,3
6.25,2
6.34,1
6.41,1
6.52,2
6.61,3
6.67,2
6.77,1
6.83,1
6.94,2
7.03,3
7.09,2
7.19,1
7.25,1
7.34,2
7.41,3
7.52,3
7.61,1
7.67,1
7.77,2
7.83,2
7.94,2
8.03,0
8.09,1
8.14,1
8.25,2
8.3,2
8.36,3
8.41,2
8.52,0
8.61,2
8.67,3
8.72,3
8.78,3
8.83,2
8.88,1
8.94,1
8.99,1
9.09,2
9.14,3
9.2,2
9.25,2
9.3,1
9.36,1
9.41,1
9.52,2
9.63,3
9.72,1
9.78,0
9.83,1
9.88,1
9.94,2
9.99,3
10.05,2
10.14,2
10.2,1
10.25,1
10.3,1
10.36,2
10.41,2
10.52,2
10.63,1
10.72,1
10.78,1
10.83,2
10.88,3
10.94,3
10.99,2
11.05,1
11.14,1
11.2,2
11.25,3
11.3,3
11.36,3
11.41,2
11.47,1
11.56,1
11.63,1
11.72,3
11.78,2
11.83,2
11.89,1
11.99,1
12.05,1
12.14,3
12.2,3
12.25,2
12.3,1
12.36,1
12.41,1
12.47,1
12.56,3
12.63,3
12.72,2
12.78,1
12.83,1
12.89,1
12.99,2
13.05,3
13.14,1
13.2,1
13.25,1
13.31,1
13.41,2
13.47,3
13.56,2
13.63,1
13.74,1
13.83,2
13.89,3
13.99,2
14.05,2
14.16,1
14.25,2
14.31,3
14.41,2
14.47,1
14.58,1
14.63,1
14.74,2
14.83,2
14.89,1
15,1
15.05,1
15.16,3
15.25,2
15.31,2
15.42,1
15.47,1
15.58,3
15.63,3
15.74,1
15.84,1
15.89,1
16,2
16.05,3
16.16,2
16.25,1
16.31,1
16.36,2
16.42,2
16.52,3
16.58,2
16.63,1
16.74,1
16.84,2
16.89,3
16.94,3
17,2
17.05,1
17.16,1
17.27,2
17.36,3
17.42,2
17.52,1
17.58,1
17.63,1
17.69,2
17.78,3
17.84,3
17.89,2
17.94,1
18,0
18.05,1
18.11,2
18.16,3
18.27,2
18.36,1
18.42,1
18.53,1
18.63,3
18.69,3
18.78,1
18.84,1
18.89,1
18.95,2
19,3
19.05,2
19.11,2
19.16,2
19.27,1
19.36,1
19.42,2
19.53,3
19.63,1
19.69,1
19.78,1
19.84,2
19.89,2
19.95,3
20,2
20.05,2
20.11,1
20.16,1
20.27,2
20.38,3
20.47,2
20.53,1
20.63,1
20.69,2
20.8,3
20.89,1
20.95,1
21,1
21.05,1
21.11,1
21.16,2
21.22,3
21.27,3
21.38,1
21.47,1
21.53,2
21.63,3
21.69,3
21.8,1
21.89,1
21.95,1
22,2
22.05,3
22.11,3
22.16,2
22.22,1
22.27,1
22.38,1
22.47,3
22.53,3
22.64,1
22.69,1
22.8,1
22.89,3
22.95,3
23,3
23.06,2
23.11,1
23.16,1
23.22,1
23.27,2
23.38,3
23.49,2
23.58,1
23.64,1
23.69,1
23.8,3
23.91,2
24,1
24.06,1
24.11,2
24.16,3
24.22,3
24.27,3
24.33,3
24.38,1
24.49,1
24.58,2
24.64,3
24.69,3
24.75,2
24.8,1
24.91,1
25,1
25.06,3
25.11,3
25.16,3
25.22,2
25.27,1
25.33,1
25.38,1
25.49,3
25.58,3
25.64,2
25.69,1
25.75,1
25.8,1
25.91,2
26,3
26.06,1
26.11,1
26.17,1
26.27,1
26.33,2
26.38,3
26.49,2
26.59,1
26.64,1
26.69,2
26.75,2
26.8,3
26.91,3
27.02,1
27.11,1
27.17,2
27.27,3
27.33,2
27.38,1
27.44,1
27.53,1
27.59,2
27.64,3
27.69,4
27.75,3
27.8,2
27.86,1
27.94,1
28.03,2
28.09,3
28.14,3
28.19,3
28.25,2
28.3,1
28.36,1
28.41,2
28.52,3
28.61,3
28.67,2
28.78,1
28.88,3
28.94,4
29.03,3
29.09,2
29.14,2
29.19,1
29.25,2
29.3,2
29.36,3
29.41,4
29.52,3
29.61,1
29.67,2
29.78,3
29.88,4
29.94,3
30.03,2
30.09,2
30.14,2
30.2,3
30.25,4
30.3,3
30.36,2
30.41,1
30.52,1
30.63,2
30.72,3
30.78,3
30.88,1
30.94,1
31.03,3
31.09,3
31.14,3
31.2,3
31.25,2
31.3,2
31.36,1
31.41,2
31.52,3
31.63,3
31.72,2
31.78,1
31.88,2
31.94,3
32.05,3
32.14,2
32.2,1
32.3,3
32.36,3
32.47,4
32.52,3
32.63,2
32.72,2
32.78,3
32.89,3
32.99,2
33.05,2
33.14,2
33.2,3
33.31,4
33.41,2
33.47,2
33.52,2
33.63,3
33.74,4
33.83,3
33.89,2
33.99,2
34.05,3
34.16,4
34.25,2
34.31,2
34.41,1
34.47,2
34.52,3
34.58,3
34.63,3
34.74,2
34.83,1
34.89,2
34.99,3
35.05,3
35.16,1
35.25,0
35.31,1
35.41,3
35.47,2
35.52,2
35.58,1
35.63,1
35.74,0
35.83,2
35.89,2
36,1
36.09,0
36.16,0
36.25,1
36.31,1
36.42,1
36.52,-1
36.58,-1
36.63,0
36.74,1
36.84,0
36.94,-1
37,-2
37.09,0
37.16,0
37.25,0
37.31,-1
37.42,-2
37.52,-1
37.58,-1
37.63,-1
37.74,-2
37.84,-4
37.94,-3
38,-2
38.09,-3
38.16,-4
38.27,-5
38.36,-4
38.42,-3
38.52,-3
38.58,-4
38.63,-5
38.69,-6
38.74,-6
38.84,-5
38.95,-5
39.05,-8
39.11,-10
39.2,-12
39.27,-12
39.36,-14
39.42,-16
39.53,-19
39.63,-23
39.69,-23
39.74,-24
39.84,-27
39.95,-31
40.05,-33
40.11,-33
40.2,-33
40.27,-34
40.38,-37
40.47,-38
40.53,-38
40.63,-37
40.69,-38
40.74,-39
40.84,-41
40.95,-41
41.05,-40
41.11,-40
41.2,-42
41.27,-43
41.38,-43
41.47,-42
41.53,-42
41.63,-43
41.69,-44
41.74,-45
41.8,-44
41.89,-43
41.95,-43
42.05,-43
42.11,-43
42.22,-42
42.27,-40
42.38,-34
42.47,-32
42.53,-31
42.64,-28
42.74,-26
42.8,-24
42.89,-22
42.95,-22
43.06,-22
43.16,-19
43.22,-17
43.27,-17
43.38,-17
43.47,-17
43.53,-17
43.64,-14
43.74,-14
43.8,-14
43.91,-15
44,-14
44.06,-12
44.16,-12
44.22,-12
44.27,-13
44.38,-13
44.49,-11
44.58,-11
44.64,-12
44.74,-12
44.8,-12
44.91,-11
45,-10
45.06,-11
45.16,-12
45.22,-11
45.27,-11
45.33,-11
45.38,-10
45.49,-10
45.58,-12
45.64,-11
45.75,-10
45.84,-9
45.91,-10
46,-11
46.06,-11
46.16,-10
46.22,-9
46.27,-9
46.33,-9
46.38,-10
46.49,-11
46.58,-10
46.64,-9
46.75,-9
46.84,-10
46.91,-11
47,-10
47.06,-9
47.17,-9
47.27,-10
47.33,-10
47.38,-11
47.49,-9
47.59,-8
47.69,-10
47.75,-11
47.84,-10
47.91,-10
48,-8
48.06,-9
48.17,-10
48.27,-11
48.33,-9
48.38,-9
48.49,-9
48.59,-10
48.69,-11
48.75,-10
48.84,-9
48.91,-9
49.02,-10
49.11,-11
49.17,-11
49.27,-9
49.33,-8
49.38,-9
49.44,-10
49.49,-11
49.59,-10
49.69,-9
49.75,-9
49.86,-9
49.95,-11
50.02,-11
50.11,-9
50.17,-8
50.28,-10
50.38,-11
50.44,-10
50.49,-10
50.59,-8
50.7,-9
50.8,-10
50.86,-11
50.95,-9
51.02,-8
51.13,-9
51.22,-10
51.28,-10
51.38,-9
51.44,-9
51.49,-8
51.59,-9
51.7,-10
51.8,-10
51.86,-9
51.97,-8
52.02,-9
52.13,-11
52.22,-10
52.28,-9
52.39,-9
52.49,-9
52.55,-11
52.64,-10
52.7,-9
52.8,-8
52.86,-9
52.97,-10
53.02,-10
53.13,-10
53.22,-8
53.28,-9
53.39,-10
53.49,-10
53.55,-9
53.64,-8
53.7,-8
53.81,-10
53.91,-11
53.97,-10
54.02,-9
54.13,-8
54.22,-10
54.28,-11
54.39,-11
54.49,-9
54.55,-8
54.64,-10
54.7,-10
54.81,-10
54.91,-9
54.97,-9
55.02,-9
55.13,-10
55.24,-11
55.33,-9
55.39,-9
55.49,-10
55.55,-11
55.66,-11
55.75,-10
55.81,-9
55.91,-9
55.97,-9
56.02,-11
56.08,-11
56.13,-10
56.24,-9
56.33,-8
56.39,-10
56.49,-11
56.55,-11
56.66,-10
56.75,-10
56.81,-10
56.92,-12
57.02,-12
57.08,-12
57.13,-11
57.24,-12
57.33,-15
57.39,-16
57.5,-16
57.59,-16
57.66,-17
57.75,-20
57.83,-21
57.89,-22
58,-22
58.09,-23
58.16,-24
58.25,-26
58.31,-27
58.42,-26
58.52,-26
58.58,-26
58.63,-28
58.74,-29
58.84,-28
58.94,-28
59,-29
59.09,-31
59.16,-30
59.27,-30
59.36,-29
59.42,-29
59.52,-31
59.58,-31
59.63,-31
59.69,-30
59.74,-30
59.84,-29
59.94,-31
60,-31
60.09,-31
60.16,-30
60.27,-30
60.36,-31
60.42,-32
60.52,-32
60.58,-31
60.63,-30
60.69,-30
60.74,-30
60.84,-32
60.95,-32
61.05,-30
61.11,-30
61.2,-30
61.27,-31
61.36,-32
61.42,-32
61.53,-30
61.63,-31
61.69,-32
61.74,-32
61.84,-32
61.95,-31
62.05,-31
62.11,-31
62.2,-33
62.27,-33
62.36,-31
62.42,-31
62.53,-31
62.63,-33
62.69,-33
62.74,-33
62.84,-31
62.95,-32
63.05,-33
63.11,-33
63.2,-32
63.27,-31
63.38,-31
63.47,-33
63.53,-33
63.63,-32
63.69,-31
63.74,-31
63.8,-31
63.89,-32
63.95,-33
64.05,-33
64.11,-32
64.22,-31
64.31,-32
64.38,-32
64.47,-33
64.53,-33
64.64,-31
64.74,-32
64.8,-33
64.89,-33
64.95,-32
65.06,-32
65.16,-31
65.22,-32
65.31,-33
65.38,-33
65.47,-31
65.53,-31
65.64,-32
65.74,-33
65.8,-33
65.89,-32
65.95,-32
66.06,-32
66.16,-34
66.22,-34
66.31,-33
66.38,-32
66.49,-31
66.58,-33
66.64,-34
66.74,-32
66.8,-32
66.91,-32
67,-33
67.06,-33
67.16,-33
67.22,-32
67.33,-32
67.42,-33
67.49,-34
67.58,-33
67.64,-33
67.75,-31
67.84,-32
67.91,-33
68,-34
68.06,-33
68.17,-32
68.27,-32
68.33,-33
68.42,-34
68.49,-34
68.59,-33
68.69,-34
68.75,-35
68.84,-36
68.91,-36
69,-36
69.06,-36
69.17,-38
69.27,-42
69.33,-43
69.42,-45
69.49,-46
69.59,-48
69.69,-54
69.75,-57
69.84,-60
69.91,-61
70.02,-65
70.11,-70
70.17,-71
70.27,-72
70.33,-72
70.44,-74
70.53,-77
70.59,-78
70.69,-79
70.75,-79
70.86,-79
70.95,-81
71.02,-82
71.11,-83
71.17,-83
71.28,-83
71.38,-85
71.44,-86
71.53,-87
71.59,-87
71.69,-86
71.75,-85
71.86,-87
71.95,-88
72.02,-88
72.11,-87
72.17,-87
72.28,-88
72.38,-90
72.44,-90
72.53,-88
72.59,-88
72.7,-89
72.8,-90
72.86,-91
72.95,-90
73.02,-89
73.13,-89
73.22,-91
73.28,-91
73.38,-90
73.44,-90
73.55,-89
73.64,-91
73.7,-92
73.8,-91
73.86,-90
73.97,-90
74.06,-90
74.13,-91
74.22,-92
74.28,-91
74.39,-90
74.49,-91
74.55,-91
74.64,-92
74.7,-91
74.81,-90
74.91,-90
74.97,-91
75.06,-92
75.13,-92
75.22,-90
75.28,-90
75.39,-90
75.49,-92
75.55,-92
75.64,-91
75.7,-90
75.81,-91
75.91,-92
75.97,-92
76.06,-92
76.13,-91
76.24,-90
76.33,-92
76.39,-93
76.49,-91
76.55,-90
76.66,-90
76.75,-92
76.81,-92
76.91,-92
76.97,-91
77.08,-90
77.17,-92
77.24,-92
77.33,-93
77.39,-92
77.5,-90
77.59,-91
77.66,-92
77.75,-92
77.81,-92
77.92,-91
78.02,-90
78.08,-91
78.17,-93
78.24,-92
78.34,-91
78.44,-91
78.5,-92
78.59,-92
78.66,-93
78.75,-91
78.81,-90
78.92,-91
79.02,-92
79.08,-92
79.17,-91
79.24,-91
79.34,-90
79.44,-92
79.5,-93
79.59,-92
79.66,-91
79.77,-91
79.86,-92
79.92,-92
80.02,-92
80.08,-91
80.19,-90
80.28,-92
80.34,-93
80.44,-92
80.5,-91
80.61,-90
80.7,-91
80.77,-92
80.86,-93
80.92,-92
81.02,-90
81.08,-91
81.19,-91
81.28,-93
81.34,-92
81.44,-91
81.5,-90
81.61,-92
81.7,-93
81.77,-92
81.86,-91
81.92,-91
82.03,-91
82.13,-93
82.19,-92
82.28,-91
82.34,-91
82.45,-91
82.55,-92
82.61,-93
82.7,-92
82.77,-91
82.88,-91
82.97,-93
83.03,-93
83.13,-92
83.19,-92
83.3,-91
83.39,-92
83.45,-93
83.55,-92
83.61,-91
83.7,-91
83.77,-91
83.88,-92
83.97,-93
84.03,-92
84.13,-91
84.19,-91
84.3,-93
84.39,-93
84.45,-93
84.55,-91
84.61,-91
84.72,-92
84.81,-93
84.88,-92
84.97,-91
85.03,-91
85.14,-92
85.24,-93
85.3,-93
85.39,-91
85.45,-91
85.56,-91
85.66,-93
85.72,-93
85.81,-92
85.88,-91
85.99,-91
86.08,-93
86.14,-93
86.24,-92
86.3,-91
86.39,-91
86.45,-91
86.56,-93
86.66,-92
86.72,-91
86.81,-91
86.88,-91
86.95,-92
87.06,-93
87.16,-91
87.22,-90
87.33,-91
87.42,-93
87.49,-93
87.58,-92
87.64,-91
87.74,-91
87.8,-92
87.91,-93
88,-92
88.06,-91
88.16,-90
88.22,-91
88.33,-93
88.42,-92
88.49,-91
88.58,-90
88.64,-90
88.75,-92
88.84,-92
88.91,-92
89,-90
89.06,-91
89.17,-92
89.27,-93
89.33,-92
89.42,-91
89.49,-90
89.59,-92
89.69,-93
89.75,-92
89.84,-90
89.91,-90
90.02,-91
90.11,-92
90.17,-93
90.27,-91
90.33,-91
90.44,-92
90.53,-93
90.59,-93
90.69,-92
90.75,-91
90.84,-91
90.91,-92
91.02,-93
91.11,-92
91.17,-91
91.27,-91
91.33,-91
91.44,-93
91.53,-92
91.59,-91
91.69,-91
91.75,-91
91.86,-92
91.95,-93
92.02,-92
92.11,-91
92.17,-91
92.28,-93
92.38,-93
92.44,-92
92.53,-91
92.59,-91
92.7,-92
92.8,-93
92.86,-93
92.95,-91
93.02,-91
93.13,-93
93.22,-94
93.28,-93
93.38,-92
93.44,-91
93.53,-92
93.59,-93
93.7,-93
93.8,-92
93.86,-91
93.95,-91
94.02,-92
94.13,-94
94.22,-92
94.28,-91
94.38,-91
94.44,-91
94.55,-93
94.64,-92
94.7,-92
94.8,-91
94.86,-92
94.97,-93
95.06,-92
95.13,-92
95.22,-91
95.28,-92
95.39,-93
95.49,-93
95.55,-92
95.64,-91
95.7,-92
95.81,-93
95.91,-94
95.97,-93
96.06,-91
96.13,-92
96.24,-93
96.33,-94
96.39,-94
96.49,-92
96.55,-91
96.66,-92
96.75,-94
96.81,-93
96.91,-92
96.97,-91
97.08,-92
97.17,-93
97.24,-94
97.33,-92
97.39,-91
97.49,-92
97.55,-93
97.66,-93
97.75,-93
97.81,-92
97.92,-92
98.02,-93
98.08,-94
98.17,-93
98.24,-92
98.33,-91
98.39,-92
98.5,-93
98.59,-93
98.66,-92
98.75,-91
98.81,-92
98.92,-94
99.02,-94
99.08,-93
99.17,-91
99.24,-92
99.34,-94
99.44,-94
99.5,-93
99.59,-92
99.66,-92
99.77,-93
99.86,-94
99.92,-94
100.02,-92
100.08,-91
100.19,-93
100.28,-94
100.34,-94
100.44,-93
100.5,-92
100.61,-93
100.7,-95
100.77,-94
100.86,-93
100.92,-93
101.02,-93
101.08,-93
101.19,-95
101.28,-93
101.34,-92
101.44,-92
101.5,-93
101.61,-94
101.7,-93
101.77,-93
101.86,-92
101.92,-93
102.03,-94
102.13,-93
102.19,-92
102.28,-92
102.34,-92
102.45,-94
102.55,-93
102.61,-92
102.7,-92
102.77,-92
102.88,-93
102.97,-94
103.03,-94
103.13,-93
103.19,-93
103.3,-96
103.39,-97
103.45,-97
103.55,-96
103.61,-96
103.72,-98
103.81,-99
103.88,-98
103.97,-97
104.03,-96
104.14,-98
104.24,-100
104.3,-100
104.39,-99
104.45,-99
104.55,-100
104.61,-101
104.72,-101
104.81,-100
104.88,-99
104.97,-99
105.03,-100
105.14,-101
105.24,-99
105.3,-99
105.39,-99
105.45,-99
105.56,-101
105.66,-100
105.72,-98
105.81,-99
105.88,-100
105.99,-101
106.08,-100
106.14,-99
106.24,-98
106.3,-99
106.41,-100
106.5,-99
106.56,-98
106.66,-99
106.72,-99
106.83,-99
106.92,-83
106.99,-81
107.08,-81
107.14,-83
107.24,-86
107.3,-86
107.41,-89
107.5,-101
107.56,-108
107.66,-122
107.72,-128
107.83,-138
107.92,-139
107.99,-135
108.08,-138
108.14,-142
108.25,-157
108.34,-169
108.41,-175
108.5,-186
108.56,-192
108.67,-197
108.77,-206
108.83,-211
108.92,-224
108.99,-230
109.08,-241
109.14,-246
109.25,-257
109.34,-262
109.41,-269
109.5,-280
109.56,-284
109.67,-294
109.77,-305
109.83,-311
109.92,-161
109.99,-161
110.09,-86
110.19,-107
110.25,-117
110.34,-133
110.41,-140
110.52,-152
110.61,-159
110.67,-165
110.77,-174
110.83,-172
110.94,-165
111.03,-158
111.09,-157
111.19,-163
111.25,-163
111.45,-188
111.52,-195
111.61,-208
111.67,-214
111.78,-223
111.88,-235
111.94,-235
112.03,-248
112.09,-254
112.2,-264
112.3,-275
112.36,-281
112.45,-293
112.52,-298
112.63,-302
112.72,-312
112.78,-247
112.88,-166
112.94,-175
113.03,-189
113.09,-196
113.2,-203
113.3,-218
113.36,-224
113.45,-235
113.52,-241
113.63,-253
113.72,-266
113.78,-272
113.88,-276
113.94,-281
114.05,-292
114.14,-305
114.2,-310
114.3,-292
114.36,-133
114.47,-158
114.56,-168
114.63,-176
114.72,-190
114.78,-196
114.88,-209
114.94,-216
115.05,-229
115.14,-235
115.2,-240
115.3,-251
115.36,-257
115.47,-271
115.56,-281
115.63,-285
115.72,-296
115.78,-296
115.89,-309
115.97,-319
116.06,-85
116.13,-85
116.24,-111
116.33,-131
116.39,-139
116.49,-152
116.55,-159
116.64,-174
116.7,-181
116.81,-188
116.89,-199
116.99,-211
117.05,-217
117.16,-225
117.25,-237
117.31,-242
117.41,-252
117.47,-258
117.58,-270
117.67,-281
117.74,-281
117.83,-291
117.89,-295
117.99,-307
118.05,-314
118.16,-230
118.25,-107
118.31,-119
118.41,-129
118.47,-138
118.58,-153
118.67,-166
118.74,-172
118.83,-187
118.89,-194
119,-206
119.09,-211
119.16,-216
119.25,-229
119.31,-236
119.42,-246
119.52,-248
119.58,-249
119.67,-251
119.74,-252
119.83,-254
119.89,-253
120,-252
120.09,-254
120.16,-255
120.25,-255
120.31,-255
120.42,-254
120.52,-255
120.58,-257
120.67,-258
120.74,-258
120.84,-257
120.94,-258
121,-259
121.09,-261
121.16,-262
121.27,-261
121.36,-262
121.42,-263
121.52,-265
121.58,-265
121.69,-265
121.78,-265
121.84,-266
121.94,-269
122,-268
122.11,-268
122.2,-269
122.27,-269
122.36,-272
122.42,-272
122.52,-271
122.58,-271
122.69,-273
122.78,-275
122.84,-275
122.95,-274
123.05,-274
123.11,-275
123.2,-278
123.27,-278
123.36,-277
123.44,-277
123.5,-278
123.61,-281
123.7,-282
123.77,-282
123.88,-282
123.97,-285
124.03,-287
124.13,-292
124.19,-293
124.28,-295
124.34,-297
124.45,-303
124.55,-305
124.61,-307
124.7,-308
124.77,-310
124.88,-315
124.97,-319
125.03,-125
125.13,-101
125.19,-101
125.3,-114
125.39,-124
125.45,-127
125.55,-132
125.61,-136
125.72,-143
125.81,-147
125.88,-150
125.97,-153
126.03,-155
126.14,-161
126.24,-168
126.3,-170
126.42,-173
126.53,-177
126.64,-183
126.74,-187
126.8,-187
126.89,-190
126.95,-192
127.06,-198
127.16,-202
127.22,-203
127.31,-206
127.38,-209
127.49,-212
127.58,-216
127.64,-218
127.74,-220
127.8,-222
127.91,-228
128,-232
128.06,-232
128.11,-233
128.22,-235
128.27,-237
128.33,-240
128.42,-245
128.49,-246
128.58,-248
128.64,-250
128.69,-252
128.74,-252
128.8,-255
128.91,-259
129,-261
129.06,-263
129.11,-265
129.22,-270
129.27,-272
129.33,-273
129.42,-275
129.49,-275
129.58,-280
129.64,-283
129.69,-285
129.75,-287
129.8,-288
129.91,-290
130,-292
130.06,-295
130.11,-297
130.17,-299
130.22,-301
130.27,-301
130.33,-303
130.45,-307
130.52,-309
130.61,-313
130.67,-314
130.72,-315
130.77,-316
130.83,-212
130.94,-104
130.99,-104
131.09,-117
131.19,-124
131.25,-127
131.3,-131
131.41,-140
131.52,-144
131.61,-147
131.67,-149
131.72,-152
131.77,-155
131.83,-159
131.94,-163
131.99,-165
132.09,-169
132.19,-175
132.25,-178
132.3,-178
132.36,-180
132.45,-183
132.52,-184
132.61,-190
132.67,-193
132.72,-195
132.78,-197
132.83,-198
132.94,-199
132.99,-201
133.09,-207
133.2,-211
133.28,-212
133.33,-213
133.44,-217
133.49,-220
133.59,-225
133.7,-227
133.75,-229
133.8,-230
133.86,-233
133.95,-236
134.02,-238
134.13,-241
134.22,-244
134.28,-246
134.33,-248
134.44,-253
134.49,-255
134.55,-255
134.64,-257
134.7,-258
134.75,-261
134.8,-264
134.86,-266
134.97,-269
135.02,-270
135.13,-274
135.22,-276
135.28,-279
135.33,-281
135.39,-282
135.44,-283
135.49,-284
135.55,-286
135.64,-291
135.7,-293
135.75,-295
135.8,-296
135.86,-296
135.97,-298
136.02,-300
136.13,-305
136.22,-309
136.28,-310
136.33,-311
136.39,-313
136.44,-315
136.49,-315
136.55,-318
136.64,-78
136.7,-84
136.75,-92
136.81,-97
136.86,-103
136.97,-113
137.02,-117
137.13,-120
137.24,-125
137.33,-132
137.39,-136
137.44,-140
137.49,-142
137.55,-144
137.66,-148
137.75,-154
137.81,-154
137.86,-158
137.97,-162
138.02,-163
138.08,-165
138.17,-170
138.24,-173
138.33,-178
138.39,-180
138.44,-180
138.49,-181
138.55,-182
138.66,-188
138.75,-193
138.81,-195
138.86,-196
138.97,-199
139.02,-202
139.08,-202
139.17,-208
139.24,-210
139.33,-212
139.39,-214
139.44,-216
139.5,-219
139.55,-222
139.66,-225
139.75,-226
139.81,-228
139.86,-230
139.92,-232
139.97,-235
140.02,-237
140.08,-240
140.17,-242
140.24,-243
140.34,-248
140.44,-251
140.5,-252
140.55,-254
140.66,-256
140.77,-261
140.86,-266
140.92,-268
140.97,-268
141.02,-268
141.08,-270
141.19,-273
141.24,-275
141.34,-280
141.44,-282
141.5,-284
141.55,-285
141.66,-288
141.77,-293
141.86,-296
141.92,-296
141.97,-298
142.02,-299
142.08,-302
142.2,-307
142.27,-308
142.36,-310
142.42,-312
142.47,-314
142.53,-316
142.58,-319
142.69,-206
142.74,-74
142.84,-91
142.95,-103
143,-108
143.05,-113
143.11,-116
143.2,-121
143.27,-121
143.36,-128
143.42,-132
143.47,-135
143.53,-138
143.58,-140
143.69,-143
143.74,-146
143.84,-153
143.95,-155
144,-158
144.05,-159
144.11,-160
144.2,-165
144.27,-168
144.39,-173
144.45,-175
144.5,-176
144.55,-178
144.61,-180
144.7,-186
144.77,-188
144.88,-190
144.97,-192
145.03,-193
145.08,-196
145.19,-201
145.24,-203
145.3,-204
145.39,-206
145.45,-208
145.5,-211
145.55,-211
145.61,-214
145.72,-218
145.77,-219
145.88,-221
145.97,-227
146.03,-229
146.08,-231
146.14,-232
146.19,-232
146.24,-233
146.3,-234
146.39,-239
146.45,-242
146.5,-244
146.55,-246
146.61,-247
146.72,-249
146.77,-252
146.88,-254
146.97,-259
147.03,-260
147.08,-261
147.14,-262
147.19,-264
147.24,-267
147.3,-270
147.39,-274
147.45,-274
147.5,-274
147.56,-276
147.61,-277
147.72,-282
147.77,-285
147.88,-288
147.99,-290
148.08,-294
148.14,-294
148.19,-297
148.24,-299
148.3,-301
148.41,-303
148.53,-306
148.58,-309
148.64,-311
148.69,-313
148.74,-314
148.8,-315
148.91,-290
149,-88
149.06,-98
149.11,-98
149.22,-108
149.27,-111
149.33,-115
149.42,-124
149.49,-128
149.58,-134
149.64,-136
149.69,-138
149.75,-138
149.8,-141
149.91,-148
150,-153
150.06,-155
150.11,-156
150.17,-158
150.22,-161
150.27,-164
150.33,-167
150.42,-169
150.5,-171
150.56,-174
150.61,-176
150.67,-179
150.72,-179
150.77,-182
150.83,-185
150.92,-188
150.99,-189
151.08,-193
151.14,-196
151.19,-199
151.25,-201
151.3,-202
151.41,-203
151.5,-207
151.56,-210
151.61,-212
151.67,-215
151.72,-217
151.77,-218
151.83,-220
151.92,-224
151.99,-226
152.09,-229
152.19,-232
152.25,-234
152.3,-235
152.41,-240
152.52,-245
152.61,-247
152.67,-247
152.72,-249
152.77,-250
152.83,-252
152.94,-257
152.99,-260
153.09,-262
153.19,-264
153.25,-267
153.3,-267
153.36,-269
153.45,-273
153.52,-274
153.64,-277
153.69,-278
153.75,-281
153.8,-284
153.86,-286
153.94,-287
153.99,-288
154.09,-290
154.2,-296
154.25,-298
154.3,-299
154.36,-300
154.45,-302
154.52,-304
154.59,-307
154.7,-311
154.75,-313
154.8,-313
154.86,-314
154.95,-316
155.02,-305
155.13,-90
155.22,-105
155.28,-109
155.33,-113
155.44,-122
155.49,-126
155.55,-130
155.64,-132
155.7,-134
155.75,-137
155.8,-139
155.86,-142
155.97,-149
156.02,-152
156.13,-155
156.22,-157
156.28,-159
156.33,-162
156.39,-165
156.44,-168
156.49,-170
156.56,-171
156.63,-173
156.72,-177
156.78,-180
156.83,-183
156.89,-185
156.94,-187
156.99,-188
157.05,-190
157.14,-194
157.2,-194
157.25,-198
157.31,-200
157.36,-202
157.47,-205
157.52,-206
157.63,-211
157.74,-216
157.83,-218
157.89,-219
157.94,-220
157.99,-222
158.05,-225
158.16,-230
158.25,-233
158.31,-234
158.36,-235
158.47,-237
158.52,-240
158.63,-245
158.74,-247
158.83,-250
158.89,-252
158.94,-255
158.99,-257
159.05,-259
159.16,-260
159.25,-262
159.31,-264
159.36,-267
159.47,-272
159.52,-273
159.58,-274
159.67,-276
159.74,-278
159.83,-281
159.89,-283
159.94,-285
160,-287
160.05,-287
160.16,-290
160.25,-295
160.31,-297
160.36,-299
160.42,-299
160.47,-300
160.52,-301
160.58,-301
160.69,-306
160.74,-309
160.83,-312
160.89,-312
160.94,-314
161,-316
161.05,-316
161.16,-197
161.25,-94
161.31,-101
161.36,-106
161.42,-110
161.47,-114
161.52,-119
161.58,-123
161.67,-130
161.74,-130
161.84,-134
161.94,-140
162,-144
162.05,-147
162.16,-151
162.27,-155
162.36,-158
162.42,-161
162.47,-164
162.52,-167
162.58,-169
162.7,-171
162.77,-173
162.86,-179
162.92,-182
162.97,-184
163.02,-185
163.08,-187
163.19,-190
163.24,-193
163.34,-196
163.44,-200
163.5,-201
163.55,-202
163.61,-204
163.7,-209
163.77,-211
163.88,-215
163.94,-216
164,-217
164.05,-219
164.11,-222
164.2,-227
164.27,-229
164.36,-230
164.42,-231
164.47,-232
164.53,-234
164.58,-237
164.69,-242
164.74,-243
164.84,-245
164.95,-247
165,-249
165.05,-253
165.11,-255
165.2,-258
165.27,-259
165.38,-262
165.47,-267
165.53,-270
165.58,-270
165.69,-272
165.74,-273
165.8,-274
165.89,-279
165.95,-282
166,-284
166.05,-285
166.11,-286
166.2,-289
166.27,-289
166.38,-294
166.47,-298
166.53,-299
166.58,-300
166.69,-303
166.74,-306
166.8,-308
166.89,-311
166.95,-312
167,-313
167.05,-314
167.11,-315
167.22,-270
167.27,-98
167.38,-115
167.47,-124
167.53,-124
167.58,-128
167.64,-132
167.69,-137
167.74,-141
167.8,-144
167.89,-148
167.95,-151
168,-154
168.06,-157
168.11,-161
168.22,-163
168.27,-166
168.38,-169
168.49,-174
168.58,-180
168.64,-182
168.69,-184
168.74,-185
168.8,-186
168.91,-188
169,-194
169.06,-197
169.11,-198
169.22,-201
169.27,-202
169.33,-205
169.42,-210
169.49,-210
169.58,-214
169.64,-215
169.69,-216
169.74,-218
169.8,-220
169.91,-226
170,-229
170.06,-230
170.11,-230
170.22,-233
170.27,-236
170.33,-238
170.42,-242
170.49,-243
170.58,-246
170.64,-248
170.69,-251
170.75,-254
170.8,-254
170.91,-257
171,-259
171.06,-261
171.11,-263
171.17,-265
171.22,-267
171.27,-269
171.33,-270
171.42,-272
171.49,-273
171.61,-277
171.67,-282
171.72,-282
171.77,-284
171.83,-285
171.92,-287
171.99,-289
172.09,-295
172.19,-298
172.25,-299
172.3,-300
172.41,-301
172.52,-306
172.61,-310
172.67,-311
172.72,-312
172.77,-313
172.83,-315
172.92,-257
172.99,-79
173.09,-81
173.19,-94
173.25,-99
173.3,-103
173.36,-108
173.45,-116
173.52,-119
173.61,-124
173.67,-124
173.72,-126
173.77,-130
173.83,-133
173.94,-139
173.99,-141
174.09,-145
174.17,-147
174.22,-150
174.28,-153
174.33,-156
174.44,-159
174.49,-161
174.59,-165
174.7,-168
174.75,-171
174.8,-173
174.86,-175
174.95,-177
175.02,-179
175.11,-185
175.17,-187
175.22,-190
175.28,-190
175.33,-191
175.44,-193
175.49,-195
175.59,-201
175.7,-205
175.75,-206
175.8,-207
175.86,-209
175.95,-211
176.02,-213
176.13,-218
176.22,-221
176.28,-222
176.33,-224
176.44,-229
176.49,-231
176.55,-233
176.64,-235
176.7,-235
176.75,-237
176.8,-238
176.86,-241
176.97,-246
177.02,-248
177.13,-250
177.22,-251
177.28,-253
177.33,-256
177.39,-259
177.44,-261
177.49,-262
177.55,-263
177.64,-266
177.7,-268
177.75,-271
177.8,-274
177.86,-276
177.99,-277
178.05,-279
178.14,-283
178.2,-283
178.25,-286
178.31,-288
178.36,-290
178.47,-291
178.52,-293
178.63,-297
178.74,-302
178.83,-303
178.94,-305
178.99,-306
179.05,-308
179.16,-313
179.25,-316
179.31,-317
179.36,-187
179.47,-96
179.52,-96
179.63,-110
179.74,-118
179.83,-124
179.89,-127
179.94,-131
179.99,-135
180.05,-139
180.16,-141
180.31,-147
180.36,-150
180.47,-157
180.52,-159
180.58,-161
180.67,-164
180.74,-166
180.83,-169
180.89,-172
180.94,-175
181,-177
181.05,-178
181.16,-181
181.25,-186
181.31,-189
181.36,-191
181.42,-193
181.47,-193
181.52,-195
181.58,-195
181.67,-199
181.74,-202
181.83,-207
181.89,-209
181.94,-210
182,-211
182.05,-213
182.16,-215
182.25,-220
182.31,-223
182.36,-224
182.42,-225
182.47,-226
182.52,-228
182.58,-230
182.67,-235
182.74,-235
182.84,-238
182.94,-241
183,-243
183.05,-245
183.16,-250
183.27,-253
183.36,-254
183.42,-255
183.47,-257
183.52,-260
183.58,-263
183.69,-266
183.74,-267
183.84,-270
183.94,-275
184,-277
184.05,-277
184.11,-280
184.2,-282
184.27,-283
184.36,-287
184.42,-289
184.47,-291
184.53,-293
184.58,-294
184.69,-295
184.74,-296
184.84,-301
184.95,-305
185,-307
185.05,-308
185.11,-309
185.2,-312
185.27,-315
185.36,-317
185.42,-319
185.47,-221
185.53,-91
185.58,-100
185.69,-114
185.74,-119
185.84,-128
185.95,-131
186,-134
186.05,-137
186.11,-139
186.2,-147
186.27,-150
186.38,-154
186.47,-158
186.53,-161
186.58,-165
186.69,-168
186.74,-170
186.8,-172
186.89,-175
186.95,-177
187,-180
187.05,-183
187.11,-186
187.2,-190
187.27,-190
187.38,-192
187.47,-197
187.53,-200
187.58,-203
187.69,-206
187.74,-207
187.8,-209
187.89,-211
187.95,-214
188,-216
188.05,-219
188.11,-221
188.22,-223
188.27,-224
188.38,-229
188.47,-234
188.53,-236
188.58,-236
188.64,-237
188.69,-238
188.74,-239
188.8,-242
188.89,-247
188.95,-249
189,-250
189.05,-251
189.11,-253
189.22,-254
189.27,-257
189.38,-262
189.47,-265
189.53,-266
189.58,-267
189.64,-269
189.69,-272
189.74,-274
189.8,-276
189.89,-278
189.95,-279
190,-279
190.06,-281
190.11,-283
190.22,-289
190.27,-290
190.38,-293
190.49,-294
190.58,-298
190.64,-300
190.69,-303
190.8,-306
190.91,-308
191,-312
191.06,-314
191.11,-317
191.22,-318
191.27,-256
191.33,-81
191.42,-96
191.49,-103
191.58,-113
191.64,-117
191.69,-120
191.74,-122
191.8,-122
191.91,-129
192,-137
192.06,-140
192.11,-142
192.22,-145
192.3,-148
192.41,-154
192.5,-160
192.56,-161
192.61,-163
192.67,-164
192.72,-167
192.77,-167
192.83,-170
192.92,-175
192.99,-177
193.08,-180
193.14,-181
193.19,-184
193.25,-187
193.3,-190
193.41,-192
193.5,-195
193.56,-196
193.61,-198
193.67,-200
193.72,-203
193.77,-206
193.83,-208
193.92,-210
193.99,-211
194.09,-213
194.19,-219
194.25,-221
194.3,-223
194.41,-225
194.52,-228
194.61,-234
194.67,-236
194.72,-236
194.77,-237
194.83,-239
194.94,-241
194.99,-243
195.09,-249
195.19,-252
195.25,-253
195.3,-254
195.36,-254
195.45,-258
195.52,-261
195.61,-265
195.67,-266
195.72,-267
195.78,-268
195.83,-270
195.94,-276
195.99,-276
196.09,-279
196.2,-281
196.25,-282
196.3,-285
196.36,-287
196.45,-291
196.52,-293
196.63,-295
196.72,-296
196.78,-299
196.83,-301
196.94,-305
196.99,-306
197.05,-307
197.14,-310
197.2,-312
197.25,-315
197.3,-315
197.36,-317
197.45,-307
197.52,-105
197.63,-99
197.72,-112
197.78,-117
197.83,-120
197.89,-123
197.94,-123
197.99,-125
198.05,-128
198.14,-136
198.2,-140
198.25,-143
198.3,-145
198.39,-147
198.44,-148
198.49,-151
198.55,-154
198.64,-161
198.7,-163
198.75,-165
198.81,-166
198.86,-168
198.99,-171
199.05,-177
199.14,-181
199.2,-183
199.25,-183
199.31,-184
199.36,-186
199.47,-191
199.52,-194
199.63,-198
199.74,-200
199.83,-205
199.89,-205
199.94,-208
199.99,-211
200.05,-212
200.16,-214
200.25,-218
200.31,-221
200.36,-224
200.47,-227
200.52,-227
200.58,-229
200.67,-231
200.74,-233
200.83,-239
200.89,-241
200.94,-242
200.99,-243
201.05,-244
201.16,-246
201.25,-251
201.31,-253
201.36,-255
201.47,-257
201.52,-258
201.58,-261
201.67,-266
201.74,-268
201.83,-269
201.89,-270
201.94,-271
201.99,-273
202.05,-275
202.16,-280
202.25,-283
202.31,-284
202.36,-285
202.47,-287
202.52,-290
202.58,-292
202.67,-296
202.74,-298
202.83,-300
202.89,-301
202.94,-304
203.02,-307
203.08,-309
203.17,-311
203.24,-312
203.34,-316
203.44,-318
203.5,-235
203.55,-82
203.66,-98
203.75,-108
203.81,-113
203.86,-117
203.92,-122
203.97,-125
204.02,-128
204.08,-128
204.17,-132
204.24,-135
204.34,-143
204.44,-148
204.5,-150
204.55,-151
204.66,-156
204.77,-160
204.86,-165
204.92,-166
204.97,-168
205.02,-170
205.08,-172
205.19,-178
205.24,-180
205.34,-184
205.44,-185
205.5,-186
205.55,-188
205.61,-192
205.7,-197
205.77,-198
205.86,-200
205.92,-202
205.97,-204
206.03,-204
206.08,-207
206.19,-212
206.24,-213
206.34,-215
206.45,-220
206.5,-223
206.55,-225
206.61,-226
206.7,-228
206.77,-229
206.86,-232
206.92,-235
206.97,-237
207.03,-239
207.08,-240
207.19,-243
207.24,-245
207.34,-247
207.45,-252
207.5,-254
207.55,-255
207.61,-256
207.7,-260
207.77,-262
207.88,-267
207.97,-269
208.03,-270
208.08,-270
208.19,-274
208.24,-277
208.31,-279
208.38,-282
208.47,-284
208.53,-284
208.58,-287
208.69,-292
208.74,-294
208.8,-295
208.89,-297
208.95,-297
209,-299
209.05,-300
209.11,-303
209.22,-308
209.27,-309
209.38,-310
209.47,-314
209.53,-317
209.58,-317
209.64,-319
209.69,-152
209.74,-86
209.8,-95
209.89,-107
209.95,-112
210,-117
210.06,-121
210.11,-124
210.22,-126
210.27,-128
210.38,-134
210.49,-142
210.61,-146
210.72,-150
210.77,-153
210.88,-159
210.99,-163
211.08,-166
211.14,-168
211.19,-168
211.27,-171
211.38,-179
211.49,-182
211.58,-183
211.64,-185
211.69,-188
211.74,-191
211.8,-193
211.91,-196
212,-199
212.06,-201
212.11,-204
212.22,-207
212.27,-209
212.33,-211
212.42,-213
212.49,-215
212.58,-220
212.64,-223
212.69,-224
212.75,-226
212.8,-226
212.91,-228
213,-232
213.06,-235
213.11,-238
213.17,-239
213.22,-240
213.27,-241
213.33,-242
213.42,-247
213.49,-247
213.59,-252
213.69,-254
213.75,-255
213.8,-257
213.91,-262
214.02,-266
214.11,-267
214.17,-268
214.22,-269
214.27,-272
214.33,-274
214.44,-279
214.49,-280
214.59,-282
214.69,-286
214.75,-286
214.8,-289
214.86,-291
214.94,-293
214.99,-294
215.09,-296
215.19,-301
215.25,-302
215.3,-305
215.36,-306
215.45,-307
215.52,-309
215.61,-314
215.67,-316
215.72,-316
215.78,-318
215.83,-304
215.94,-83
215.99,-94
216.09,-107
216.2,-114
216.25,-117
216.3,-120
216.36,-120
216.45,-127
216.52,-131
216.61,-137
216.67,-139
216.72,-141
216.78,-143
216.83,-146
216.94,-153
216.99,-155
217.09,-157
217.2,-160
217.25,-162
217.3,-165
217.36,-168
217.49,-173
217.59,-175
217.7,-180
217.75,-183
217.8,-185
217.86,-188
217.95,-190
218.02,-190
218.13,-193
218.22,-199
218.28,-201
218.33,-203
218.44,-205
218.49,-207
218.59,-212
218.7,-214
218.75,-216
218.8,-218
218.86,-218
218.95,-222
219.02,-225
219.13,-230
219.22,-233
219.28,-233
219.33,-234
219.44,-238
219.49,-240
219.55,-243
219.64,-246
219.7,-247
219.75,-248
219.8,-250
219.86,-253
219.97,-256
220.02,-258
220.13,-260
220.22,-263
220.28,-265
220.33,-267
220.39,-270
220.44,-272
220.49,-273
220.55,-273
220.64,-275
220.7,-276
220.75,-279
220.81,-282
220.86,-284
220.97,-286
221.02,-287
221.13,-290
221.24,-293
221.33,-297
221.39,-298
221.44,-299
221.49,-299
221.55,-302
221.67,-306
221.74,-308
221.83,-310
221.89,-311
221.94,-313
221.99,-315
222.05,-317
222.16,-87
222.25,-96
222.31,-102
222.36,-107
222.47,-117
222.52,-121
222.58,-125
222.67,-130
222.74,-132
222.83,-135
222.89,-138
222.94,-142
223.05,-148
223.16,-151
223.25,-155
223.31,-159
223.36,-162
223.47,-165
223.52,-166
223.58,-168
223.7,-171
223.75,-177
223.81,-177
223.86,-179
223.92,-181
223.97,-183
224.02,-184
224.08,-185
224.17,-190
224.24,-193
224.34,-197
224.44,-198
224.5,-199
224.55,-201
224.66,-206
224.75,-211
224.81,-212
224.86,-213
224.92,-214
224.97,-216
225.02,-219
225.08,-222
225.17,-224
225.24,-226
225.34,-227
225.44,-231
225.5,-234
225.55,-237
225.66,-240
225.77,-241
225.86,-244
225.92,-246
225.97,-249
226.02,-251
226.08,-252
226.19,-254
226.24,-255
226.34,-260
226.44,-263
226.5,-265
226.55,-265
226.61,-267
226.7,-270
226.77,-272
226.86,-277
226.94,-278
227,-280
227.05,-280
227.11,-282
227.2,-287
227.27,-289
227.36,-291
227.42,-292
227.47,-293
227.53,-294
227.58,-296
227.69,-301
227.74,-303
227.84,-305
227.95,-307
228,-307
228.05,-310
228.11,-312
228.2,-316
228.27,-318
228.38,-160
228.47,-112
228.53,-119
228.58,-124
228.69,-128
228.74,-131
228.8,-134
228.89,-141
229.03,-148
229.08,-151
229.19,-155
229.24,-157
229.3,-160
229.39,-166
229.45,-169
229.5,-171
229.58,-173
229.69,-176
229.74,-179
229.8,-182
229.89,-187
229.95,-187
230,-188
230.05,-190
230.11,-191
230.22,-196
230.3,-199
230.39,-203
230.45,-205
230.5,-206
230.55,-208
230.61,-210
230.72,-215
230.77,-217
230.88,-219
230.97,-220
231.03,-222
231.08,-224
231.14,-227
231.19,-229
231.24,-231
231.3,-232
231.39,-235
231.45,-237
231.5,-240
231.56,-240
231.61,-242
231.72,-245
231.77,-246
231.88,-249
231.99,-255
232.08,-258
232.14,-259
232.19,-260
232.24,-260
232.3,-262
232.39,-266
232.45,-268
232.5,-270
232.56,-271
232.61,-272
232.72,-275
232.77,-278
232.88,-280
232.99,-284
233.08,-286
233.14,-288
233.19,-290
233.24,-293
233.3,-296
233.41,-299
233.5,-299
233.56,-301
233.61,-302
233.72,-308
233.77,-310
233.83,-311
233.92,-313
233.99,-314
234.08,-223
234.14,-223
234.19,-86
234.25,-96
234.3,-103
234.41,-112
234.5,-120
234.56,-125
234.61,-128
234.67,-132
234.72,-133
234.77,-136
234.83,-136
234.92,-142
235.03,-148
235.08,-151
235.14,-153
235.19,-154
235.25,-156
235.3,-158
235.41,-165
235.5,-167
235.56,-169
235.61,-170
235.67,-172
235.72,-174
235.77,-176
235.83,-179
235.92,-184
235.99,-185
236.09,-186
236.19,-190
236.25,-193
236.3,-195
236.41,-199
236.52,-202
236.58,-204
236.69,-209
236.77,-212
236.84,-214
236.95,-216
237.03,-219
237.11,-222
237.2,-227
237.25,-228
237.31,-229
237.36,-230
237.42,-230
237.47,-232
237.53,-234
237.58,-237
237.69,-241
237.78,-243
237.83,-244
237.94,-249
237.99,-251
238.09,-253
238.2,-255
238.27,-256
238.38,-260
238.45,-265
238.52,-266
238.61,-268
238.67,-268
238.72,-269
238.78,-271
238.84,-274
238.95,-278
239,-279
239.05,-280
239.11,-281
239.22,-284
239.27,-287
239.38,-289
239.47,-292
239.53,-293
239.58,-293
239.69,-298
239.74,-300
239.8,-302
239.89,-304
239.97,-305
240.03,-307
240.08,-309
240.14,-311
240.19,-313
240.24,-315
240.3,-316
240.39,-317
240.45,-220
240.5,-78
240.55,-89
240.61,-97
240.72,-107
240.77,-111
240.88,-117
240.97,-121
241.03,-125
241.08,-129
241.14,-132
241.19,-134
241.24,-136
241.3,-138
241.39,-145
241.47,-148
241.53,-151
241.58,-153
241.64,-154
241.69,-156
241.74,-158
241.8,-161
241.89,-167
241.95,-167
242,-168
242.06,-170
242.11,-171
242.22,-175
242.27,-178
242.38,-183
242.49,-186
242.58,-187
242.64,-188
242.69,-191
242.74,-194
242.8,-197
242.91,-200
243,-202
243.06,-204
243.11,-207
243.22,-210
243.27,-212
243.38,-215
243.49,-218
243.58,-223
243.64,-226
243.69,-227
243.74,-229
243.8,-229
243.91,-231
244,-235
244.06,-238
244.11,-240
244.22,-242
244.27,-243
244.33,-245
244.42,-250
244.49,-252
244.58,-254
244.64,-255
244.69,-256
244.75,-257
244.8,-259
244.91,-265
245,-268
245.06,-269
245.11,-270
245.17,-270
245.22,-271
245.27,-273
245.33,-276
245.42,-280
245.49,-281
245.59,-283
245.69,-288
245.75,-290
245.8,-290
245.91,-294
246.02,-295
246.11,-299
246.17,-302
246.22,-304
246.3,-306
246.41,-307
246.52,-311
246.61,-316
246.67,-318
246.72,-319
246.77,-319
246.83,-199
246.94,-108
246.99,-116
247.09,-127
247.19,-134
247.25,-137
247.3,-140
247.36,-143
247.45,-147
247.52,-150
247.61,-156
247.67,-157
247.72,-159
247.78,-161
247.83,-165
247.94,-171
247.99,-173
248.09,-175
248.2,-178
248.25,-180
248.3,-183
248.36,-186
248.45,-190
248.52,-191
248.61,-195
248.67,-197
248.72,-197
248.78,-200
248.83,-203
248.94,-206
248.99,-207
249.09,-211
249.2,-216
249.25,-218
249.3,-220
249.36,-220
249.45,-222
249.52,-224
249.63,-229
249.72,-233
249.78,-235
249.83,-235
249.94,-239
249.99,-241
250.05,-241
250.14,-246
250.2,-248
250.25,-248
250.3,-250
250.36,-251
250.47,-256
250.52,-259
250.63,-261
250.72,-263
250.78,-264
250.83,-266
250.94,-271
250.99,-273
251.05,-274
251.14,-276
251.2,-277
251.25,-279
251.3,-279
251.36,-281
251.47,-285
251.52,-286
251.63,-288
251.72,-293
251.78,-295
251.83,-297
251.89,-298
251.94,-298
251.99,-299
252.05,-300
252.2,-306
252.25,-309
252.31,-310
252.36,-311
252.47,-313
252.52,-315
252.63,-317
252.74,-94
252.83,-110
252.89,-115
252.94,-119
252.99,-124
253.05,-128
253.16,-136
253.25,-138
253.31,-140
253.36,-143
253.47,-149
253.52,-152
253.58,-155
253.67,-159
253.74,-160
253.83,-166
253.89,-166
253.94,-168
253.99,-172
254.05,-174
254.16,-176
254.25,-180
254.31,-183
254.36,-186
254.47,-190
254.52,-191
254.58,-191
254.67,-194
254.74,-197
254.83,-203
254.89,-205
254.94,-206
255,-207
255.05,-208
255.16,-213
255.25,-216
255.31,-218
255.36,-220
255.42,-221
255.47,-222
255.52,-224
255.58,-226
255.67,-231
255.74,-233
255.84,-234
255.94,-236
256,-239
256.05,-241
256.16,-246
256.25,-248
256.31,-249
256.36,-251
256.42,-254
256.47,-254
256.58,-259
256.63,-260
256.74,-262
256.84,-265
256.89,-268
256.94,-270
257,-273
257.05,-274
257.16,-275
257.27,-278
257.36,-283
257.42,-285
257.47,-286
257.58,-288
257.63,-290
257.69,-292
257.74,-294
257.84,-297
257.89,-299
257.94,-300
258,-301
258.05,-302
258.16,-306
258.27,-311
258.36,-313
258.42,-313
258.47,-314
258.58,-315
258.63,-123
258.69,-71
258.74,-81
258.84,-92
258.89,-96
258.94,-100
259,-104
259.05,-104
259.11,-109
259.16,-113
259.27,-118
259.36,-123
259.42,-126
259.47,-130
259.53,-133
259.58,-136
259.63,-138
259.69,-140
259.74,-140
259.84,-144
259.89,-147
259.95,-150
260,-153
260.05,-155
260.11,-157
260.16,-158
260.27,-162
260.36,-165
260.42,-168
260.47,-171
260.53,-172
260.58,-173
260.63,-174
260.69,-176
260.74,-178
260.84,-184
260.89,-186
260.95,-187
261,-187
261.05,-189
261.11,-190
261.16,-192
261.27,-198
261.38,-201
261.47,-203
261.53,-205
261.58,-208
261.63,-211
261.69,-211
261.74,-213
261.8,-215
261.89,-217
261.95,-219
262,-220
262.05,-223
262.11,-226
262.16,-228
262.27,-230
262.38,-232
262.47,-235
262.53,-238
262.58,-241
262.63,-242
262.69,-243
262.74,-244
262.8,-245
262.89,-250
262.95,-250
263,-253
263.05,-255
263.11,-256
263.16,-257
263.22,-258
263.31,-262
263.38,-264
263.47,-268
263.53,-269
263.58,-269
263.64,-270
263.69,-271
263.74,-273
263.8,-276
263.89,-281
263.95,-282
264,-283
264.06,-284
264.11,-285
264.16,-288
264.22,-290
264.31,-293
264.38,-294
264.49,-296
264.58,-299
264.64,-301
264.69,-304
264.77,-306
264.88,-308
264.99,-310
265.08,-263
265.14,-89
265.19,-96
265.24,-96
265.3,-103
265.41,-112
265.5,-121
265.56,-125
265.61,-128
265.66,-131
265.72,-133
265.81,-138
265.88,-138
266.03,-148
266.08,-150
266.14,-152
266.19,-154
266.24,-155
266.3,-158
266.41,-164
266.5,-167
266.56,-169
266.61,-170
266.69,-171
266.74,-176
266.8,-178
266.91,-181
267,-185
267.06,-185
267.11,-187
267.16,-189
267.22,-192
267.33,-197
267.38,-198
267.49,-199
267.58,-202
267.64,-204
267.69,-207
267.75,-210
267.8,-212
267.91,-214
268,-217
268.06,-219
268.11,-219
268.17,-222
268.22,-224
268.33,-226
268.38,-228
268.49,-231
268.59,-236
268.64,-238
268.69,-239
268.75,-240
268.8,-240
268.91,-243
269.02,-248
269.11,-252
269.17,-253
269.22,-253
269.33,-257
269.38,-260
269.49,-262
269.59,-265
269.64,-266
269.69,-267
269.75,-268
269.8,-271
269.91,-275
270.03,-278
270.09,-278
270.14,-280
270.19,-282
270.25,-284
270.3,-287
270.36,-288
270.41,-288
270.52,-290
270.61,-293
270.67,-295
270.72,-298
270.78,-300
270.83,-301
270.88,-302
270.94,-303
270.99,-305
271.09,-307
271.14,-309
271.2,-311
271.25,-313
271.3,-314
271.36,-315
271.41,-316
271.52,-86
271.61,-103
271.67,-103
271.72,-109
271.78,-113
271.83,-116
271.88,-119
271.94,-124
271.99,-128
272.09,-135
272.14,-137
272.2,-139
272.25,-141
272.3,-144
272.36,-144
272.41,-147
272.52,-153
272.63,-157
272.72,-161
272.78,-164
272.83,-167
272.88,-170
272.94,-172
272.99,-172
273.05,-174
273.14,-176
273.2,-178
273.25,-181
273.3,-184
273.36,-187
273.41,-188
273.47,-190
273.56,-192
273.63,-192
273.72,-198
273.78,-200
273.83,-203
273.88,-204
273.94,-205
273.99,-206
274.05,-208
274.14,-213
274.2,-216
274.25,-216
274.3,-217
274.36,-218
274.41,-219
274.47,-221
274.56,-226
274.63,-228
274.72,-232
274.78,-233
274.83,-234
274.89,-236
274.94,-236
274.99,-238
275.05,-241
275.14,-245
275.2,-246
275.25,-247
275.31,-248
275.36,-250
275.41,-253
275.47,-255
275.56,-257
275.63,-259
275.74,-260
275.83,-265
275.89,-267
275.94,-270
275.99,-271
276.05,-272
276.16,-274
276.25,-276
276.31,-279
276.36,-282
276.41,-283
276.47,-284
276.58,-286
276.63,-288
276.74,-293
276.83,-297
276.89,-297
276.94,-297
277,-298
277.05,-300
277.24,-307
277.33,-310
277.39,-311
277.44,-311
277.5,-313
277.55,-315
277.66,-320
277.75,-107
277.81,-107
277.86,-115
277.92,-121
278,-131
278.05,-135
278.16,-139
278.25,-144
278.31,-146
278.36,-149
278.42,-153
278.47,-156
278.58,-162
278.63,-163
278.74,-167
278.84,-170
278.89,-173
278.94,-176
279,-178
279.05,-180
279.16,-182
279.27,-187
279.36,-193
279.42,-194
279.47,-194
279.58,-196
279.63,-198
279.74,-204
279.84,-209
279.89,-210
279.94,-211
280,-213
280.05,-215
280.16,-218
280.27,-223
280.36,-226
280.42,-227
280.47,-228
280.58,-233
280.63,-236
280.69,-237
280.74,-237
280.84,-240
280.89,-241
280.94,-242
281,-245
281.05,-247
281.11,-250
281.16,-251
281.27,-253
281.36,-254
281.42,-256
281.47,-259
281.53,-261
281.58,-263
281.63,-264
281.69,-265
281.74,-266
281.84,-270
281.89,-272
281.94,-274
282,-276
282.05,-276
282.13,-277
282.19,-278
282.24,-281
282.34,-283
282.39,-285
282.45,-287
282.5,-289
282.55,-289
282.61,-290
282.66,-292
282.77,-296
282.88,-300
282.97,-302
283.03,-302
283.08,-302
283.19,-307
283.24,-309
283.3,-311
283.39,-313
283.45,-314
283.5,-315
283.55,-317
283.61,-198
283.66,-198
283.72,-85
283.81,-102
283.88,-107
283.95,-115
284,-115
284.05,-120
284.11,-124
284.16,-128
284.27,-133
284.38,-137
284.47,-144
284.53,-147
284.58,-150
284.63,-150
284.69,-151
284.74,-153
284.8,-155
284.89,-160
284.95,-163
285,-166
285.05,-168
285.11,-169
285.16,-170
285.22,-172
285.31,-174
285.38,-177
285.47,-182
285.53,-184
285.58,-185
285.64,-186
285.69,-188
285.74,-191
285.8,-194
285.89,-196
285.95,-198
286,-199
286.06,-200
286.11,-201
286.16,-204
286.22,-206
286.31,-211
286.38,-212
286.47,-214
286.53,-216
286.58,-216
286.64,-219
286.69,-221
286.74,-224
286.8,-225
286.91,-227
287,-231
287.06,-234
287.11,-236
287.16,-238
287.22,-238
287.31,-240
287.38,-241
287.49,-245
287.58,-250
287.64,-252
287.69,-253
287.74,-254
287.8,-255
287.91,-257
288,-262
288.06,-265
288.11,-266
288.16,-267
288.22,-268
288.33,-272
288.38,-274
288.5,-278
288.56,-280
288.61,-280
288.66,-281
288.72,-283
288.83,-286
288.88,-288
288.99,-291
289.08,-293
289.14,-294
289.19,-297
289.25,-299
289.3,-302
289.41,-304
289.52,-305
289.61,-308
289.67,-311
289.72,-313
289.83,-316
289.88,-317
289.99,-85
290.09,-101
290.14,-101
290.19,-107
290.25,-112
290.3,-116
290.41,-122
290.52,-129
290.61,-136
290.67,-139
290.72,-141
290.83,-142
290.94,-147
290.99,-151
291.09,-157
291.14,-158
291.19,-159
291.25,-161
291.3,-163
291.41,-166
291.52,-172
291.61,-175
291.67,-175
291.72,-177
291.83,-182
291.88,-185
291.94,-187
291.99,-189
292.09,-190
292.14,-191
292.19,-193
292.25,-196
292.3,-199
292.36,-201
292.41,-203
292.52,-205
292.61,-208
292.67,-211
292.72,-211
292.78,-214
292.83,-216
292.88,-217
292.94,-218
292.99,-219
293.09,-223
293.14,-226
293.19,-228
293.25,-230
293.3,-231
293.36,-231
293.41,-232
293.52,-235
293.61,-241
293.67,-243
293.72,-244
293.78,-245
293.83,-246
293.88,-248
293.94,-250
293.99,-250
294.09,-255
294.14,-257
294.2,-258
294.25,-259
294.3,-260
294.36,-262
294.41,-265
294.52,-269
294.63,-271
294.72,-272
294.78,-274
294.83,-276
294.88,-278
294.94,-280
294.99,-282
295.05,-283
295.14,-285
295.2,-287
295.25,-290
295.3,-290
295.36,-292
295.41,-295
295.52,-297
295.63,-299
295.72,-304
295.8,-306
295.86,-308
295.91,-309
295.97,-310
296.06,-312
296.13,-315
296.22,-320
296.28,-320
296.33,-143
296.39,-80
296.44,-89
296.49,-95
296.55,-101
296.64,-111
296.7,-115
296.75,-118
296.8,-120
296.86,-122
296.91,-122
296.97,-126
297.06,-133
297.13,-136
297.22,-140
297.28,-142
297.33,-143
297.39,-147
297.44,-149
297.49,-153
297.55,-153
297.64,-157
297.7,-158
297.75,-159
297.81,-162
297.86,-164
297.91,-167
297.97,-170
298.09,-173
298.14,-174
298.2,-175
298.25,-177
298.31,-180
298.36,-183
298.41,-185
298.47,-186
298.56,-187
298.63,-188
298.74,-193
298.83,-198
298.89,-199
298.94,-201
298.99,-201
299.05,-203
299.14,-208
299.2,-208
299.25,-210
299.31,-212
299.36,-213
299.41,-214
299.47,-215
299.56,-220
299.63,-222
299.74,-226
299.83,-227
299.89,-228
299.94,-229
299.99,-231
300.05,-234
300.16,-239
300.25,-240
300.31,-242
300.36,-243
300.41,-246
300.47,-246
300.58,-251
300.63,-252
300.74,-254
300.83,-257
300.89,-259
300.94,-262
301,-264
301.05,-265
301.16,-266
301.25,-268
301.31,-271
301.36,-273
301.42,-276
301.47,-277
301.58,-279
301.63,-280
301.74,-285
301.84,-287
301.89,-290
301.94,-290
302,-292
302.05,-292
302.16,-296
302.25,-301
302.31,-303
302.36,-304
302.47,-305
302.58,-308
302.63,-310
302.74,-315
302.84,-317
302.89,-276
302.94,-91
303,-93
303.05,-93
303.16,-109
303.27,-117
303.36,-123
303.42,-127
303.47,-130
303.58,-138
303.63,-140
303.69,-140
303.74,-142
303.84,-147
303.89,-149
303.94,-153
304,-156
304.05,-159
304.11,-160
304.16,-162
304.27,-166
304.36,-169
304.42,-172
304.47,-174
304.58,-177
304.63,-179
304.69,-180
304.74,-183
304.84,-188
304.89,-191
304.94,-192
305,-192
305.05,-193
305.11,-194
305.16,-196
305.27,-202
305.36,-206
305.42,-207
305.47,-208
305.53,-210
305.58,-212
305.63,-212
305.69,-215
305.74,-217
305.84,-220
305.89,-221
305.95,-222
306,-224
306.05,-227
306.11,-229
306.16,-232
306.27,-234
306.38,-235
306.47,-238
306.53,-241
306.58,-244
306.63,-245
306.69,-247
306.74,-247
306.84,-250
306.89,-252
306.95,-252
307,-255
307.05,-257
307.11,-259
307.16,-260
307.27,-262
307.38,-267
307.47,-271
307.53,-272
307.58,-272
307.63,-273
307.69,-274
307.74,-275
307.8,-278
307.89,-283
307.95,-284
308,-285
308.05,-286
308.11,-287
308.16,-289
308.22,-289
308.31,-294
308.38,-296
308.47,-298
308.53,-299
308.58,-301
308.63,-303
308.69,-305
308.74,-308
308.8,-309
308.89,-311
308.95,-311
309,-312
309.05,-314
309.11,-317
309.16,-319
309.22,-184
309.31,-112
309.38,-118
309.47,-127
309.53,-127
309.58,-132
309.64,-136
309.69,-140
309.74,-142
309.8,-144
309.89,-149
309.95,-153
310,-156
310.06,-159
310.11,-161
310.16,-161
310.22,-163
310.31,-166
310.38,-169
310.49,-175
310.58,-179
310.64,-180
310.69,-181
310.74,-183
310.8,-185
310.91,-188
310.99,-193
311.08,-195
311.14,-195
311.19,-196
311.24,-199
311.3,-201
311.41,-206
311.5,-208
311.56,-209
311.61,-211
311.66,-214
311.72,-216
311.83,-219
311.88,-220
311.99,-222
312.08,-225
312.14,-228
312.19,-230
312.25,-232
312.3,-234
312.41,-235
312.5,-237
312.56,-239
312.61,-241
312.67,-244
312.72,-246
312.83,-248
312.88,-249
312.99,-253
313.08,-255
313.14,-258
313.19,-259
313.25,-260
313.3,-261
313.41,-264
313.5,-269
313.56,-271
313.61,-272
313.67,-273
313.72,-273
313.83,-275
313.88,-277
313.99,-282
314.09,-285
314.14,-286
314.19,-287
314.25,-289
314.3,-291
314.41,-294
314.5,-297
314.56,-298
314.61,-299
314.67,-300
314.72,-302
314.83,-307
314.88,-309
314.94,-310
314.99,-311
315.09,-312
315.14,-314
315.19,-316
315.25,-318
315.3,-169
315.41,-104
315.52,-114
315.61,-124
315.67,-124
315.72,-129
315.83,-135
315.88,-137
315.94,-139
315.99,-142
316.09,-149
316.14,-153
316.19,-155
316.25,-157
316.3,-157
316.41,-160
316.52,-166
316.61,-172
316.69,-173
316.75,-175
316.8,-176
316.86,-178
316.91,-180
317.02,-185
317.11,-189
317.17,-190
317.22,-191
317.28,-191
317.33,-193
317.38,-196
317.44,-198
317.49,-201
317.59,-204
317.64,-205
317.69,-207
317.75,-209
317.8,-212
317.86,-214
317.91,-217
318.02,-218
318.11,-220
318.17,-222
318.22,-225
318.28,-227
318.33,-230
318.38,-232
318.44,-233
318.49,-234
318.59,-235
318.64,-237
318.7,-240
318.75,-242
318.8,-245
318.86,-246
318.91,-247
319.02,-250
319.13,-254
319.22,-257
319.28,-259
319.33,-259
319.38,-261
319.44,-261
319.49,-263
319.55,-265
319.64,-271
319.7,-272
319.75,-273
319.8,-274
319.86,-274
319.91,-275
319.99,-277
320.05,-282
320.14,-286
320.2,-286
320.25,-287
320.3,-288
320.36,-289
320.41,-291
320.47,-294
320.56,-298
320.63,-299
320.72,-301
320.78,-303
320.83,-303
320.89,-305
320.94,-308
320.99,-310
321.05,-311
321.14,-313
321.2,-314
321.25,-317
321.31,-296
321.36,-107
321.41,-109
321.47,-116
321.56,-121
321.63,-125
321.74,-133
321.83,-141
321.89,-144
321.94,-147
321.99,-148
322.05,-151
322.16,-154
322.25,-160
322.31,-163
322.36,-165
322.41,-167
322.47,-168
322.56,-173
322.63,-176
322.74,-181
322.83,-183
322.89,-184
322.94,-185
322.99,-188
323.05,-190
323.16,-195
323.25,-198
323.31,-199
323.36,-201
323.41,-201
323.47,-203
323.58,-209
323.63,-211
323.74,-213
323.83,-216
323.89,-219
323.94,-221
324,-224
324.05,-225
324.16,-226
324.25,-228
324.31,-231
324.36,-233
324.42,-236
324.47,-238
324.58,-240
324.63,-241
324.74,-242
324.84,-247
324.89,-250
324.94,-252
325,-253
325.05,-254
325.16,-257
325.27,-262
325.36,-264
325.42,-265
325.47,-267
325.58,-268
325.63,-270
325.69,-273
325.74,-275
325.86,-279
325.92,-279
325.97,-280
326.08,-284
326.13,-287
326.19,-289
326.24,-290
326.34,-292
326.39,-292
326.44,-293
326.5,-295
326.55,-298
326.66,-302
326.78,-305
326.84,-305
326.89,-307
326.94,-309
327,-311
327.05,-314
327.11,-315
327.16,-317
327.27,-205
327.36,-61
327.42,-58
327.47,-68
327.53,-74
327.58,-79
327.63,-83
327.69,-86
327.74,-89
327.84,-98
327.89,-102
327.95,-102
328,-105
328.05,-108
328.11,-110
328.16,-112
328.27,-118
328.38,-124
328.47,-129
328.53,-130
328.58,-132
328.63,-132
328.69,-134
328.74,-137
328.84,-143
328.99,-146
329.05,-149
329.11,-151
329.16,-154
329.27,-157
329.38,-161
329.47,-163
329.53,-164
329.58,-167
329.63,-169
329.69,-172
329.74,-174
329.8,-175
329.89,-176
329.95,-177
330,-179
330.05,-182
330.11,-185
330.16,-187
330.22,-189
330.31,-191
330.38,-192
330.47,-198
330.53,-198
330.58,-200
330.63,-203
330.69,-204
330.74,-205
330.8,-206
330.89,-210
330.95,-212
331,-215
331.05,-217
331.11,-218
331.16,-219
331.22,-219
331.31,-222
331.38,-224
331.47,-230
331.53,-231
331.58,-232
331.64,-233
331.69,-234
331.74,-236
331.8,-239
331.89,-241
331.95,-243
332,-245
332.06,-245
332.11,-247
332.16,-248
332.22,-250
332.31,-255
332.38,-257
332.49,-258
332.58,-260
332.64,-261
332.69,-264
332.74,-266
332.8,-269
332.91,-271
332.99,-271
333.08,-275
333.14,-278
333.19,-280
333.24,-282
333.3,-283
333.41,-284
333.5,-286
333.56,-288
333.61,-291
333.66,-293
333.72,-295
333.83,-296
333.88,-297
333.99,-301
334.14,-306
334.19,-308
334.25,-308
334.3,-309
334.41,-312
334.5,-317
334.56,-318
334.61,-138
334.66,-79
334.72,-88
334.83,-94
334.88,-100
334.99,-110
335.08,-117
335.14,-119
335.19,-122
335.25,-125
335.3,-128
335.41,-132
335.5,-138
335.56,-139
335.61,-141
335.67,-143
335.72,-146
335.83,-152
335.88,-155
335.99,-158
336.09,-159
336.14,-161
336.19,-164
336.25,-167
336.3,-170
336.38,-171
336.44,-173
336.49,-174
336.59,-178
336.64,-180
336.69,-183
336.75,-185
336.8,-187
336.86,-188
336.91,-189
337.02,-190
337.11,-195
337.17,-198
337.22,-200
337.33,-202
337.38,-203
337.44,-205
337.49,-207
337.59,-212
337.64,-212
337.69,-214
337.75,-215
337.8,-215
337.86,-217
337.91,-219
338.02,-224
338.11,-227
338.17,-228
338.22,-229
338.28,-231
338.33,-231
338.38,-233
338.44,-236
338.49,-238
338.59,-241
338.64,-242
338.7,-243
338.75,-244
338.8,-247
338.86,-250
338.91,-251
339.02,-253
339.11,-255
339.17,-256
339.22,-258
339.28,-260
339.33,-263
339.38,-265
339.44,-266
339.49,-267
339.59,-268
339.64,-269
339.7,-271
339.75,-274
339.8,-276
339.86,-278
339.91,-279
340.02,-281
340.13,-285
340.22,-289
340.28,-289
340.33,-291
340.38,-291
340.44,-292
340.49,-294
340.55,-296
340.64,-300
340.7,-302
340.75,-303
340.8,-304
340.88,-305
340.94,-307
340.99,-309
341.05,-311
341.14,-315
341.2,-315
341.25,-316
341.3,-317
341.36,-265
341.41,-102
341.47,-112
341.56,-125
341.63,-129
341.72,-135
341.78,-138
341.83,-142
341.89,-142
341.94,-146
341.99,-149
342.05,-152
342.14,-155
342.2,-157
342.25,-160
342.31,-163
342.36,-166
342.41,-169
342.47,-171
342.56,-173
342.63,-174
342.74,-178
342.83,-184
342.89,-186
342.94,-188
342.99,-189
343.05,-191
343.16,-192
343.25,-197
343.31,-200
343.36,-202
343.41,-203
343.47,-205
343.56,-208
343.63,-210
343.74,-215
343.83,-217
343.89,-218
343.94,-218
343.99,-220
344.05,-222
344.16,-227
344.25,-230
344.31,-231
344.36,-232
344.41,-234
344.47,-234
344.58,-239
344.63,-241
344.74,-243
344.83,-245
344.89,-247
344.94,-249
345,-252
345.05,-254
345.16,-255
345.25,-257
345.31,-258
345.36,-260
345.42,-263
345.47,-265
345.58,-268
345.63,-269
345.74,-270
345.84,-274
345.89,-276
345.94,-278
346,-280
346.05,-281
346.16,-283
346.25,-287
346.31,-289
346.36,-291
346.42,-291
346.47,-293
346.58,-295
346.63,-296
346.69,-298
346.74,-300
346.84,-305
346.89,-306
346.94,-306
347,-307
347.05,-307
347.16,-311
347.27,-316
347.36,-300
347.42,-105
347.47,-85
347.58,-101
347.63,-107
347.69,-107
347.74,-112
347.84,-118
347.89,-120
347.95,-124
348,-127
348.05,-131
348.11,-134
348.16,-137
348.27,-141
348.36,-143
348.47,-149
348.53,-152
348.58,-155
348.63,-156
348.69,-158
348.74,-159
348.84,-164
348.89,-167
348.94,-170
349,-170
349.05,-172
349.11,-173
349.16,-174
349.27,-178
349.36,-183
349.42,-186
349.47,-188
349.53,-189
349.58,-190
349.63,-190
349.69,-191
349.74,-193
349.84,-198
349.89,-200
349.95,-202
350,-203
350.05,-204
350.11,-205
350.16,-208
350.27,-210
350.38,-215
350.47,-217
350.53,-218
350.58,-220
350.63,-222
350.69,-225
350.74,-227
350.8,-228
350.89,-229
350.95,-229
351,-231
351.05,-233
351.11,-235
351.16,-238
351.22,-240
351.31,-242
351.38,-243
351.47,-247
351.53,-249
351.58,-249
351.64,-252
351.69,-253
351.74,-254
351.8,-255
351.89,-258
351.95,-260
352,-263
352.06,-265
352.11,-266
352.16,-267
352.22,-267
352.31,-269
352.38,-271
352.49,-276
352.58,-279
352.64,-279
352.69,-280
352.74,-282
352.8,-284
352.89,-287
352.95,-289
353,-290
353.06,-291
353.11,-292
353.16,-293
353.22,-295
353.31,-300
353.38,-301
353.49,-304
353.66,-306
353.72,-310
353.83,-312
353.88,-314
353.99,-316
354.08,-177
354.14,-79
354.19,-91
354.24,-98
354.3,-103
354.41,-110
354.5,-113
354.56,-118
354.61,-121
354.66,-126
354.72,-129
354.83,-133
354.88,-135
354.99,-141
355.08,-147
355.14,-147
355.19,-150
355.25,-151
355.3,-153
355.41,-157
355.5,-163
355.56,-165
355.61,-167
355.67,-168
355.72,-169
355.84,-171
355.91,-176
356,-181
356.06,-182
356.11,-182
356.17,-184
356.22,-185
356.33,-190
356.38,-192
356.49,-196
356.59,-199
356.64,-200
356.69,-203
356.75,-203
356.8,-205
356.91,-210
