时间,微压差
0.06,1
0.11,1
0.16,2
0.22,2
0.27,3
0.38,3
0.49,1
0.58,1
0.64,2
0.74,3
0.8,3
0.91,2
1,1
1.06,1
1.11,3
1.22,3
1.27,2
1.45,2
1.5,2
1.56,3
1.61,3
1.72,2
1.77,1
1.83,1
1.92,1
1.99,2
2.08,3
2.14,3
2.25,1
2.34,1
2.41,2
2.5,3
2.56,3
2.67,2
2.72,1
2.83,2
2.92,3
2.99,3
3.09,1
3.14,1
3.25,1
3.34,3
3.41,3
3.52,2
3.61,1
3.67,1
3.72,2
3.83,3
3.92,3
3.99,2
4.09,1
4.19,3
4.25,3
4.34,2
4.41,2
4.52,1
4.61,2
4.67,3
4.77,3
4.83,2
4.94,1
5.03,1
5.09,3
5.19,3
5.25,3
5.36,1
5.45,2
5.52,3
5.61,3
5.67,2
5.78,1
5.88,1
5.94,2
6.03,3
6.09,3
6.19,1
6.25,1
6.36,2
6.45,3
6.52,3
6.61,1
6.67,1
6.78,2
6.88,4
6.94,3
7.03,2
7.09,1
7.2,1
7.3,3
7.36,3
7.45,2
7.52,1
7.63,2
7.72,2
7.78,3
7.88,2
7.94,1
8.05,1
8.14,3
8.2,4
8.25,3
8.3,3
8.36,2
8.41,1
8.47,1
8.56,2
8.63,3
8.72,3
8.78,1
8.83,1
8.88,1
8.94,1
8.99,2
9.05,3
9.14,3
9.2,2
9.25,1
9.3,1
9.36,1
9.41,2
9.47,3
9.56,3
9.63,3
9.72,1
9.78,1
9.83,2
9.91,2
10,3
10.06,2
10.16,1
10.22,1
10.33,2
10.38,3
10.49,3
10.58,1
10.64,1
10.75,2
10.8,3
10.91,3
11,2
11.06,1
11.16,2
11.22,3
11.33,3
11.38,2
11.49,1
11.58,1
11.64,2
11.75,3
11.8,3
11.91,1
12,1
12.06,2
12.17,3
12.22,3
12.33,2
12.38,1
12.49,2
12.59,3
12.64,3
12.75,1
12.8,1
12.91,1
13.02,3
13.11,3
13.17,2
13.22,1
13.33,2
13.38,2
13.44,3
13.49,3
13.59,2
13.64,1
13.75,1
13.8,2
13.91,3
14.02,2
14.11,1
14.17,1
14.22,1
14.33,3
14.38,3
14.44,2
14.49,2
14.59,1
14.64,1
14.75,3
14.8,3
14.86,3
14.91,2
15.02,1
15.11,2
15.17,3
15.22,3
15.28,3
15.33,2
15.38,1
15.44,1
15.49,1
15.59,2
15.64,3
15.7,3
15.75,3
15.8,1
15.91,1
16.02,3
16.13,3
16.22,2
16.28,1
16.38,1
16.44,2
16.55,3
16.64,2
16.69,2
16.75,1
16.86,1
16.91,3
16.97,3
17.02,3
17.13,1
17.22,1
17.28,2
17.38,3
17.44,3
17.55,2
17.64,1
17.7,1
17.75,2
17.8,3
17.86,3
17.91,3
17.97,2
18.02,2
18.13,1
18.22,2
18.28,3
18.39,3
18.44,1
18.53,1
18.59,2
18.64,2
18.7,3
18.75,3
18.81,3
18.86,2
18.91,1
18.97,1
19.02,2
19.13,3
19.24,3
19.33,2
19.39,1
19.44,1
19.55,3
19.64,3
19.7,2
19.75,1
19.81,1
19.86,1
19.91,2
19.97,2
20.02,3
20.13,3
20.24,1
20.33,1
20.39,2
20.44,3
20.55,3
20.66,1
20.75,1
20.81,2
20.86,3
20.91,3
20.97,3
21.02,2
21.08,1
21.13,1
21.24,1
21.33,3
21.39,3
21.44,3
21.55,1
21.66,1
21.75,3
21.81,3
21.86,2
21.91,2
21.97,2
22.02,1
22.08,1
22.13,2
22.24,3
22.33,2
22.39,1
22.44,1
22.5,1
22.55,1
22.66,3
22.75,3
22.81,2
22.86,1
22.92,1
23.02,2
23.08,3
23.13,3
23.24,3
23.34,1
23.39,1
23.44,2
23.5,3
23.55,3
23.66,2
23.77,1
23.86,1
23.92,2
24.02,3
24.08,3
24.13,2
24.19,1
24.28,1
24.34,2
24.39,3
24.44,3
24.5,3
24.55,2
24.61,2
24.66,1
24.77,2
24.86,3
24.92,3
25.03,1
25.13,1
25.19,1
25.28,3
25.34,3
25.39,3
25.45,2
25.5,1
25.55,1
25.61,1
25.66,2
25.77,3
25.86,2
25.92,2
26.03,1
26.13,3
26.19,3
26.28,2
26.34,2
26.39,1
26.45,1
26.5,1
26.55,2
26.61,3
26.66,3
26.72,3
26.77,2
26.88,1
26.97,2
27.02,3
27.08,3
27.13,3
27.19,3
27.3,1
27.39,2
27.45,2
27.5,3
27.55,3
27.61,2
27.7,2
27.75,1
27.8,1
27.86,2
27.91,3
28.02,3
28.14,1
28.19,1
28.3,2
28.39,3
28.45,3
28.5,3
28.56,2
28.61,1
28.66,1
28.72,1
28.77,3
28.88,3
28.99,1
29.08,1
29.14,1
29.19,2
29.3,3
29.39,2
29.45,1
29.5,1
29.56,1
29.61,2
29.66,2
29.72,3
29.77,3
29.88,2
29.99,1
30.08,2
30.14,3
30.19,3
30.3,2
30.41,1
30.5,2
30.56,3
30.61,3
30.66,3
30.72,2
30.77,1
30.83,1
30.88,1
30.99,2
31.08,3
31.14,3
31.19,2
31.25,1
31.3,1
31.39,2
31.44,3
31.5,3
31.56,3
31.61,3
31.67,2
31.77,1
31.83,2
31.88,3
31.99,3
32.08,2
32.14,1
32.25,1
32.33,3
32.41,3
32.5,2
32.56,1
32.67,1
32.77,3
32.83,3
32.88,3
32.99,2
33.08,1
33.13,2
33.24,3
33.33,3
33.39,1
33.5,1
33.59,2
33.66,2
33.75,3
33.81,2
33.94,1
34.02,2
34.09,3
34.17,3
34.24,3
34.34,1
34.44,1
34.5,2
34.59,3
34.66,3
34.77,1
34.86,1
34.92,1
35.02,3
35.08,3
35.13,2
35.19,2
35.24,1
35.34,2
35.44,3
35.5,3
35.61,2
35.7,1
35.77,1
35.86,3
35.92,3
36.02,2
36.08,1
36.13,1
36.19,1
36.24,2
36.34,3
36.44,3
36.5,2
36.61,1
36.7,3
36.77,3
36.86,3
36.92,2
37.03,1
37.13,2
37.19,3
37.24,3
37.36,2
37.45,1
37.55,1
37.61,2
37.7,3
37.77,2
37.88,1
37.97,2
38.05,2
38.13,3
38.2,3
38.28,2
38.34,1
38.41,1
38.47,2
38.52,3
38.63,3
38.72,2
38.78,1
38.89,1
38.99,3
39.05,3
39.14,2
39.2,1
39.31,1
39.41,2
39.47,3
39.52,3
39.63,2
39.74,1
39.83,3
39.89,3
39.99,3
40.05,2
40.16,1
40.25,2
40.31,3
40.41,3
40.47,2
40.52,2
40.58,1
40.63,1
40.74,2
40.83,3
40.89,3
40.99,1
41.05,1
41.16,2
41.25,3
41.31,3
41.41,2
41.47,1
41.52,1
41.58,2
41.63,2
41.74,3
41.83,1
41.89,1
42,1
42.09,3
42.16,3
42.25,2
42.31,1
42.42,1
42.52,3
42.58,3
42.63,3
42.74,2
42.84,1
42.94,2
43,3
43.09,2
43.16,2
43.25,1
43.31,1
43.42,3
43.52,3
43.58,2
43.63,1
43.74,1
43.84,3
43.94,3
44,3
44.09,1
44.16,1
44.27,2
44.36,3
44.42,3
44.52,2
44.58,1
44.63,1
44.69,2
44.74,3
44.84,3
44.94,2
45,1
45.11,2
45.2,3
45.27,3
45.36,2
45.42,1
45.52,1
45.58,2
45.63,3
45.69,3
45.74,3
45.84,2
45.94,1
46,2
46.11,3
46.2,3
46.27,2
46.36,1
46.42,2
46.53,2
46.63,3
46.69,2
46.74,1
46.84,1
46.95,3
47.05,3
47.11,3
47.2,1
47.27,1
47.38,2
47.47,3
47.53,3
47.63,1
47.69,1
47.74,1
47.8,1
47.89,3
47.95,3
48.05,2
48.11,1
48.2,2
48.27,3
48.38,3
48.47,2
48.53,1
48.63,1
48.69,2
48.74,3
48.8,3
48.89,2
48.95,1
49.05,1
49.11,1
49.22,3
49.27,3
49.38,2
49.47,1
49.53,2
49.64,3
49.74,3
49.8,2
49.89,1
49.95,1
50.06,3
50.16,3
50.22,2
50.27,1
50.38,1
50.49,2
50.58,3
50.64,3
50.74,1
50.8,1
50.89,2
50.95,3
51.06,3
51.16,2
51.22,1
51.27,1
51.38,3
51.49,3
51.58,1
51.64,1
51.74,1
51.8,2
51.91,3
52,2
52.06,1
52.16,1
52.22,2
52.27,3
52.33,3
52.38,3
52.49,2
52.58,1
52.64,1
52.75,3
52.84,2
52.91,1
53,1
53.06,1
53.17,3
53.27,3
53.33,2
53.38,1
53.49,1
53.59,2
53.69,3
53.75,3
53.84,1
53.91,1
54.02,2
54.11,3
54.17,3
54.27,2
54.33,1
54.38,1
54.49,2
54.59,3
54.69,1
54.75,1
54.84,2
54.91,2
55.02,3
55.11,2
55.17,1
55.27,1
55.33,2
55.38,3
55.44,3
55.49,3
55.59,2
55.69,1
55.75,1
55.86,3
55.95,2
56.02,2
56.11,1
56.17,1
56.27,3
56.33,3
56.38,3
56.44,2
56.49,1
56.59,1
56.69,3
56.75,3
56.86,3
56.95,1
57.02,1
57.11,2
57.17,3
57.28,3
57.38,1
57.44,1
57.49,1
57.59,3
57.7,3
57.8,1
57.86,1
57.95,2
58.02,3
58.13,3
58.22,2
58.28,1
58.38,1
58.44,2
58.49,3
58.55,4
58.64,2
58.7,1
58.8,1
58.86,2
58.97,3
59.02,3
59.13,2
59.22,1
59.28,2
59.38,3
59.44,3
59.49,3
59.55,2
59.64,1
59.7,1
59.8,3
59.86,3
59.97,2
60.02,1
60.13,1
60.22,2
60.28,3
60.39,3
60.49,1
60.55,1
60.64,3
60.7,3
60.81,3
60.91,1
60.97,1
61.02,1
61.13,3
61.24,3
61.33,2
61.39,1
61.49,1
61.55,2
61.66,3
61.75,2
61.81,1
61.91,2
61.97,2
62.02,2
62.08,3
62.13,3
62.24,1
62.33,1
62.39,2
62.49,3
62.55,3
62.66,2
62.75,1
62.81,2
62.91,3
62.97,3
63.02,3
63.08,2
63.13,1
63.24,2
63.33,2
63.39,3
63.5,2
63.59,1
63.66,1
63.75,3
63.81,3
63.92,2
64.02,1
64.08,1
64.17,2
64.24,3
64.34,2
64.44,1
64.5,1
64.59,2
64.66,3
64.77,3
64.86,1
64.92,1
65.02,2
65.08,3
65.19,3
65.28,2
65.34,1
65.44,1
65.5,2
65.61,3
65.7,2
65.77,1
65.86,1
65.92,2
66.03,3
66.13,2
66.19,1
66.28,1
66.34,2
66.44,3
66.5,3
66.61,2
66.7,1
66.77,2
66.86,3
66.92,3
67.03,2
67.13,1
67.19,1
67.28,3
67.34,3
67.45,2
67.55,1
67.61,1
67.72,3
67.81,3
67.88,3
67.97,1
68.03,1
68.13,2
68.19,3
68.3,3
68.39,1
68.45,1
68.55,2
68.61,3
68.72,3
68.81,1
68.88,1
68.97,2
69.03,3
69.14,3
69.24,2
69.3,1
69.39,1
69.45,3
69.56,3
69.66,1
69.72,1
69.81,1
69.88,2
69.99,3
70.08,2
70.14,1
70.24,2
70.3,2
70.39,3
70.45,3
70.56,2
70.66,1
70.72,2
70.81,3
70.88,3
70.99,1
71.08,1
71.14,1
71.25,3
71.34,3
71.41,2
71.5,1
71.56,2
71.66,3
71.72,3
71.83,3
71.92,1
71.99,1
72.08,3
72.14,3
72.25,2
72.34,1
72.41,1
72.5,2
72.56,3
72.67,3
72.75,1
72.81,1
72.88,2
72.99,3
73.09,3
73.19,2
73.25,1
73.34,2
73.41,3
73.52,3
73.61,1
73.67,1
73.77,2
73.83,2
73.94,3
74.03,2
74.09,1
74.19,2
74.25,3
74.34,3
74.41,3
74.52,1
74.61,1
74.67,2
74.77,3
74.83,3
74.94,2
75.03,1
75.09,2
75.19,3
75.25,3
75.36,1
75.45,1
75.52,2
75.61,3
75.67,3
75.78,2
75.88,1
75.94,2
76.03,3
76.09,3
76.2,2
76.3,1
76.36,1
76.45,3
76.52,3
76.63,2
76.72,1
76.78,2
76.88,2
76.94,3
77.05,3
77.14,1
77.2,1
77.3,2
77.36,3
77.45,2
77.52,2
77.63,1
77.72,2
77.78,3
77.88,3
77.94,2
78.05,1
78.13,2
78.2,2
78.3,3
78.36,2
78.45,1
78.52,1
78.63,3
78.72,3
78.78,2
78.89,1
78.99,2
79.05,2
79.14,3
79.2,3
79.31,1
79.41,2
79.47,2
79.56,3
79.63,3
79.74,1
79.83,2
79.89,2
79.99,3
80.05,2
80.14,1
80.2,1
80.31,2
80.41,3
80.47,3
80.56,1
80.63,1
80.74,2
80.83,3
80.89,3
80.99,2
81.05,1
81.16,2
81.25,3
81.31,3
81.41,2
81.47,1
81.58,1
81.67,3
81.74,3
81.83,2
81.89,1
82,2
82.09,3
82.16,3
82.25,2
82.31,1
82.42,1
82.52,3
82.58,3
82.67,2
82.74,2
82.84,1
82.94,3
83,3
83.09,2
83.16,1
83.25,1
83.31,2
83.42,3
83.52,3
83.58,1
83.67,1
83.74,2
83.84,3
83.94,2
84,2
84.09,1
84.16,1
84.27,3
84.36,2
84.47,1
84.58,2
84.69,3
84.78,3
84.84,2
84.94,1
85,1
85.11,3
85.2,2
85.27,2
85.36,1
85.42,1
85.53,3
85.63,3
85.69,2
85.78,1
85.84,1
85.94,2
86,3
86.11,2
86.2,1
86.27,1
86.36,3
86.42,3
86.53,2
86.63,1
86.69,1
86.78,2
86.84,3
86.95,3
87.05,1
87.11,1
87.2,3
87.27,3
87.38,3
87.47,1
87.53,1
87.63,1
87.69,0
87.8,-2
87.89,-4
87.95,-6
88.05,-8
88.11,-8
88.22,-10
88.31,-14
88.38,-16
88.47,-17
88.53,-17
88.63,-18
88.69,-20
88.8,-24
88.89,-25
88.95,-25
89.05,-27
89.11,-29
89.22,-31
89.31,-32
89.38,-33
89.47,-34
89.53,-36
89.64,-40
89.74,-41
89.8,-41
89.89,-41
89.95,-43
90.06,-46
90.16,-48
90.22,-48
90.31,-49
90.38,-51
90.47,-53
90.53,-55
90.64,-56
90.74,-56
90.8,-58
90.89,-62
90.95,-63
91.06,-64
91.16,-64
91.22,-65
91.31,-69
91.38,-70
91.49,-71
91.58,-72
91.64,-74
91.74,-75
91.8,-77
91.91,-79
92,-80
92.06,-81
92.16,-84
92.22,-86
92.33,-87
92.42,-87
92.49,-88
92.58,-91
92.64,-92
92.75,-95
92.84,-95
92.91,-96
93,-99
93.06,-99
93.17,-102
93.27,-103
93.33,-103
93.42,-106
93.49,-108
93.59,-110
93.69,-110
93.75,-110
93.84,-112
93.91,-115
94.02,-117
94.11,-118
94.17,-118
94.27,-121
94.33,-123
94.42,-124
94.49,-125
94.59,-125
94.69,-128
94.75,-129
94.84,-132
94.91,-133
95.02,-133
95.11,-134
95.17,-136
95.27,-140
95.33,-140
95.44,-140
95.53,-142
95.59,-144
95.69,-146
95.75,-147
95.86,-148
95.95,-149
96.02,-150
96.11,-154
96.17,-155
96.28,-155
96.38,-156
96.44,-157
96.53,-161
96.59,-162
96.7,-162
96.8,-163
96.86,-165
96.95,-167
97.02,-169
97.11,-170
97.17,-170
97.28,-172
97.38,-175
97.44,-176
97.53,-177
97.59,-177
97.7,-178
97.8,-182
97.86,-184
97.95,-184
98.02,-185
98.13,-187
98.22,-188
98.28,-190
98.38,-192
98.44,-192
98.55,-193
98.64,-197
98.7,-198
98.8,-200
98.86,-200
98.97,-200
99.06,-204
99.13,-206
99.22,-208
99.28,-208
99.38,-209
99.44,-210
99.55,-212
99.64,-215
99.7,-215
99.8,-215
99.86,-217
99.97,-220
100.06,-222
100.13,-222
100.22,-223
100.28,-223
100.39,-227
100.49,-230
100.55,-230
100.64,-230
100.7,-231
100.81,-233
100.91,-236
100.97,-237
101.06,-237
101.13,-238
101.24,-241
101.33,-244
101.39,-244
101.49,-245
101.55,-245
101.66,-247
101.75,-251
101.81,-252
101.91,-252
101.97,-253
102.06,-256
102.13,-256
102.24,-259
102.33,-259
102.39,-260
102.49,-262
102.55,-264
102.66,-267
102.75,-267
102.81,-267
102.91,-268
102.97,-271
103.08,-274
103.17,-274
103.24,-274
103.33,-276
103.39,-278
103.5,-280
103.59,-281
103.66,-281
103.75,-283
103.81,-284
103.92,-287
104.02,-288
104.08,-288
104.17,-289
104.24,-291
104.34,-294
104.44,-296
104.5,-296
104.59,-297
104.66,-298
104.75,-160
104.81,-54
104.92,-69
105.02,-76
105.08,-80
105.17,-88
105.24,-91
105.34,-93
105.44,-96
105.5,-98
105.59,-103
105.66,-106
105.77,-109
105.86,-110
105.92,-113
106.02,-115
106.08,-118
106.17,-120
106.24,-121
106.34,-123
106.44,-127
106.5,-129
106.59,-131
106.66,-131
106.77,-132
106.86,-136
106.92,-138
107.02,-140
107.08,-141
107.19,-142
107.28,-144
107.34,-146
107.44,-150
107.5,-150
107.61,-151
107.7,-154
107.77,-156
107.86,-159
107.92,-159
108.03,-160
108.13,-162
108.19,-164
108.28,-167
108.34,-168
108.45,-168
108.55,-171
108.63,-171
108.69,-175
108.78,-176
108.84,-177
108.95,-177
109.05,-180
109.11,-182
109.2,-184
109.27,-184
109.38,-185
109.47,-189
109.53,-190
109.63,-192
109.69,-192
109.8,-192
109.89,-195
109.95,-197
110.05,-199
110.11,-199
110.22,-200
110.31,-202
110.38,-204
110.47,-207
110.53,-207
110.63,-207
110.69,-208
110.8,-212
110.89,-214
110.95,-214
111.05,-215
111.11,-215
111.22,-218
111.31,-221
111.38,-222
111.47,-222
111.53,-222
111.64,-225
111.74,-228
111.8,-229
111.89,-230
111.95,-230
112.05,-233
112.11,-235
112.22,-236
112.31,-237
112.38,-237
112.47,-239
112.53,-241
112.64,-244
112.74,-245
112.8,-245
112.89,-246
112.95,-248
113.06,-251
113.16,-252
113.22,-253
113.31,-255
113.38,-256
113.49,-258
113.58,-260
113.64,-260
113.74,-261
113.8,-263
113.91,-266
114,-268
114.06,-268
114.16,-268
114.22,-269
114.31,-273
114.38,-274
114.49,-275
114.58,-276
114.64,-278
114.74,-279
114.8,-281
114.91,-283
115,-283
115.06,-284
115.16,-287
115.22,-289
115.33,-290
115.42,-290
115.49,-291
115.58,-294
115.64,-296
115.75,-298
115.84,-164
115.91,-52
116,-61
116.06,-69
116.17,-78
116.27,-83
116.33,-86
116.42,-92
116.49,-95
116.58,-100
116.64,-101
116.75,-102
116.84,-106
116.91,-109
117,-113
117.06,-114
117.17,-116
117.27,-120
117.33,-120
117.42,-124
117.49,-125
117.59,-126
117.69,-129
117.75,-131
117.84,-135
117.91,-136
118.02,-136
118.11,-137
118.17,-139
118.27,-143
118.33,-144
118.52,-146
118.61,-149
118.67,-151
118.77,-154
118.83,-155
118.94,-155
119.03,-157
119.09,-160
119.19,-163
119.25,-163
119.36,-164
119.45,-167
119.52,-169
119.61,-170
119.67,-172
119.78,-172
119.88,-174
119.94,-176
120.03,-179
120.09,-180
120.19,-180
120.25,-180
120.36,-183
120.45,-186
120.52,-187
120.63,-188
120.72,-189
120.78,-191
120.88,-193
120.94,-195
121.03,-196
121.09,-195
121.2,-198
121.3,-201
121.36,-203
121.45,-203
121.52,-203
121.63,-204
121.72,-208
121.78,-209
121.88,-210
121.94,-210
122.05,-212
122.14,-216
122.2,-216
122.3,-218
122.36,-218
122.47,-219
122.56,-222
122.63,-224
122.72,-225
122.78,-225
122.88,-225
122.94,-227
123.05,-230
123.14,-232
123.2,-233
123.3,-233
123.36,-235
123.47,-237
123.56,-240
123.63,-240
123.72,-241
123.78,-241
123.89,-245
123.99,-248
124.05,-248
124.14,-248
124.2,-248
124.31,-251
124.41,-255
124.47,-255
124.56,-256
124.63,-256
124.72,-259
124.78,-259
124.89,-262
124.99,-263
125.05,-263
125.14,-266
125.2,-267
125.31,-270
125.41,-271
125.47,-270
125.56,-272
125.63,-274
125.75,-277
125.81,-278
125.91,-278
125.97,-279
126.08,-283
126.17,-286
126.24,-286
126.33,-286
126.39,-286
126.5,-289
126.59,-292
126.66,-293
126.75,-294
126.81,-294
126.91,-297
126.97,-294
127.08,-112
127.17,-60
127.24,-66
127.33,-75
127.39,-79
127.5,-86
127.59,-90
127.66,-90
127.75,-94
127.81,-97
127.92,-102
128.02,-105
128.08,-106
128.17,-110
128.24,-112
128.34,-115
128.44,-118
128.5,-118
128.55,-119
128.66,-122
128.75,-127
128.81,-129
128.86,-129
128.92,-130
128.97,-130
129.02,-131
129.08,-132
129.17,-136
129.24,-138
129.34,-140
129.44,-141
129.5,-143
129.55,-145
129.66,-147
129.77,-149
129.86,-150
129.92,-151
129.97,-153
130.02,-155
130.08,-157
130.19,-159
130.24,-159
130.34,-160
130.44,-163
130.5,-165
130.55,-167
130.61,-167
130.7,-168
130.77,-169
130.86,-172
130.92,-172
130.97,-174
131.03,-175
131.08,-176
131.19,-176
131.24,-178
131.34,-181
131.45,-184
131.5,-184
131.55,-184
131.61,-184
131.7,-186
131.77,-188
131.86,-191
131.92,-192
131.97,-192
132.03,-192
132.08,-193
132.19,-195
132.24,-196
132.34,-199
132.45,-200
132.5,-200
132.55,-201
132.61,-203
132.7,-206
132.77,-207
132.88,-208
132.97,-208
133.03,-210
133.08,-211
133.19,-214
133.24,-215
133.3,-215
133.39,-216
133.45,-218
133.5,-218
133.55,-220
133.61,-221
133.72,-223
133.77,-223
133.88,-225
133.97,-228
134.03,-230
134.08,-230
134.14,-230
134.19,-231
134.24,-230
134.3,-231
134.39,-235
134.45,-236
134.5,-237
134.56,-238
134.61,-238
134.72,-239
134.77,-241
134.88,-243
134.97,-245
135.03,-246
135.08,-246
135.14,-246
135.19,-247
135.24,-249
135.3,-251
135.39,-253
135.45,-253
135.5,-254
135.56,-254
135.61,-254
135.72,-257
135.77,-259
135.88,-261
135.99,-262
136.08,-262
136.14,-264
136.19,-266
136.24,-267
136.3,-268
136.41,-269
136.5,-270
136.56,-272
136.61,-274
136.72,-275
136.77,-276
136.83,-276
136.95,-277
137,-280
137.06,-280
137.11,-282
137.22,-284
137.27,-284
137.33,-284
137.42,-287
137.49,-289
137.58,-291
137.64,-291
137.69,-291
137.75,-292
137.8,-292
137.91,-295
138,-298
138.06,-299
138.11,-169
138.17,-53
138.22,-60
138.27,-68
138.33,-74
138.42,-79
138.49,-82
138.59,-87
138.69,-92
138.75,-94
138.8,-98
138.91,-103
139.02,-104
139.11,-106
139.17,-108
139.22,-111
139.27,-113
139.33,-115
139.42,-118
139.49,-118
139.59,-122
139.69,-124
139.75,-126
139.8,-128
139.91,-129
140.02,-131
140.11,-135
140.17,-137
140.22,-138
140.27,-138
140.33,-138
140.44,-140
140.49,-141
140.59,-146
140.69,-148
140.75,-148
140.8,-149
140.86,-150
140.95,-152
141.02,-154
141.11,-157
141.17,-157
141.22,-158
141.28,-158
141.33,-160
141.44,-163
141.49,-165
141.59,-166
141.7,-167
141.75,-167
141.8,-169
141.88,-171
141.94,-173
141.99,-174
142.09,-175
142.2,-176
142.25,-178
142.3,-180
142.36,-182
142.45,-183
142.52,-183
142.63,-184
142.72,-186
142.78,-188
142.83,-190
142.94,-191
142.99,-191
143.05,-192
143.14,-195
143.2,-195
143.25,-196
143.3,-198
143.36,-198
143.45,-199
143.52,-200
143.63,-203
143.72,-206
143.78,-207
143.83,-207
143.94,-207
143.99,-208
144.05,-210
144.14,-213
144.2,-214
144.25,-214
144.3,-214
144.36,-215
144.47,-218
144.52,-218
144.63,-221
144.72,-221
144.78,-222
144.83,-222
144.89,-224
144.94,-226
144.99,-227
145.05,-229
145.14,-229
145.2,-229
145.25,-229
145.31,-231
145.36,-232
145.47,-236
145.52,-236
145.63,-236
145.72,-239
145.78,-239
145.83,-241
145.89,-242
145.94,-243
145.99,-244
146.05,-244
146.14,-245
146.2,-247
146.25,-249
146.31,-250
146.36,-251
146.47,-251
146.52,-251
146.63,-254
146.74,-257
146.83,-259
146.89,-259
146.94,-259
146.99,-260
147.05,-262
147.16,-264
147.25,-266
147.31,-266
147.36,-266
147.47,-268
147.52,-270
147.58,-272
147.67,-274
147.74,-274
147.83,-274
147.89,-275
147.94,-277
148,-279
148.05,-280
148.16,-281
148.25,-282
148.31,-283
148.36,-283
148.42,-285
148.47,-287
148.52,-288
148.58,-289
148.67,-289
148.74,-290
148.83,-293
148.89,-295
148.94,-296
149,-296
149.05,-296
149.16,-297
149.25,-77
149.31,-57
149.36,-66
149.42,-71
149.47,-74
149.52,-78
149.58,-80
149.69,-84
149.74,-87
149.84,-94
149.94,-97
150,-98
150.05,-100
150.16,-106
150.27,-110
150.36,-110
150.42,-111
150.47,-112
150.52,-114
150.58,-117
150.69,-121
150.74,-122
150.84,-124
150.94,-127
151,-127
151.05,-128
151.11,-131
151.2,-132
151.27,-133
151.36,-135
151.42,-137
151.47,-139
151.52,-141
151.58,-142
151.69,-142
151.74,-143
151.84,-146
151.94,-150
152,-151
152.05,-151
152.11,-151
152.2,-153
152.27,-153
152.36,-157
152.42,-159
152.47,-159
152.53,-159
152.58,-160
152.69,-163
152.74,-164
152.84,-167
152.95,-168
153,-168
153.05,-169
153.11,-170
153.2,-173
153.27,-175
153.38,-176
153.47,-177
153.53,-178
153.58,-178
153.69,-182
153.74,-183
153.84,-183
153.95,-185
154,-186
154.05,-189
154.11,-190
154.2,-191
154.27,-191
154.38,-192
154.47,-195
154.53,-197
154.58,-198
154.64,-198
154.69,-198
154.74,-199
154.8,-200
154.89,-202
154.95,-204
155,-205
155.05,-206
155.11,-206
155.22,-207
155.27,-208
155.38,-212
155.47,-213
155.53,-213
155.58,-214
155.64,-214
155.69,-215
155.74,-216
155.8,-218
155.89,-221
155.95,-221
156,-221
156.06,-222
156.11,-223
156.22,-225
156.27,-227
156.38,-229
156.49,-229
156.58,-231
156.64,-233
156.69,-235
156.74,-236
156.8,-236
156.91,-236
157,-238
157.06,-240
157.11,-242
157.22,-243
157.27,-244
157.38,-245
157.49,-246
157.58,-250
157.64,-251
157.69,-251
157.74,-251
157.8,-252
157.91,-255
158,-258
158.06,-258
158.11,-258
158.22,-258
158.27,-260
158.33,-261
158.42,-265
158.49,-266
158.58,-266
158.64,-266
158.69,-268
158.75,-268
158.8,-270
158.91,-273
159,-273
159.06,-274
159.11,-275
159.17,-276
159.22,-278
159.27,-280
159.33,-281
159.42,-281
159.49,-281
159.58,-283
159.64,-285
159.69,-287
159.75,-288
159.8,-288
159.91,-289
160,-290
160.06,-291
160.11,-293
160.17,-295
160.22,-296
160.27,-296
160.33,-296
160.42,-238
160.49,-74
160.59,-68
160.69,-72
160.75,-76
160.8,-78
160.91,-85
161.02,-92
161.11,-96
161.17,-97
161.22,-99
161.27,-101
161.33,-101
161.44,-107
161.49,-109
161.59,-111
161.69,-114
161.75,-116
161.8,-119
161.86,-121
161.95,-122
162.02,-123
162.11,-124
162.17,-126
162.22,-128
162.27,-130
162.33,-132
162.44,-133
162.49,-134
162.59,-137
162.7,-139
162.75,-142
162.8,-142
162.86,-143
162.95,-144
163.02,-146
163.11,-150
163.17,-152
163.22,-152
163.28,-152
163.33,-153
163.44,-155
163.49,-156
163.59,-160
163.7,-162
163.75,-162
163.8,-163
163.86,-165
163.95,-167
164.02,-168
164.13,-170
164.25,-171
164.3,-172
164.36,-174
164.45,-177
164.52,-179
164.63,-179
164.7,-180
164.75,-181
164.8,-183
164.86,-185
164.95,-187
165.02,-187
165.13,-188
165.22,-190
165.28,-192
165.33,-194
165.44,-195
165.49,-195
165.55,-195
165.64,-198
165.7,-201
165.75,-202
165.8,-203
165.86,-203
165.97,-203
166.02,-203
166.13,-207
166.22,-210
166.28,-210
166.33,-210
166.44,-212
166.49,-212
166.55,-213
166.64,-216
166.7,-217
166.75,-217
166.8,-217
166.86,-218
166.97,-222
167.02,-223
167.13,-224
167.22,-225
167.28,-225
167.33,-226
167.39,-228
167.44,-230
167.49,-231
167.55,-232
167.64,-232
167.7,-233
167.75,-234
167.81,-234
167.86,-236
167.97,-238
168.02,-239
168.13,-239
168.24,-242
168.33,-246
168.39,-247
168.44,-247
168.49,-246
168.55,-247
168.66,-249
168.75,-253
168.81,-253
168.86,-254
168.97,-254
169.02,-256
169.13,-257
169.24,-260
169.33,-261
169.39,-261
169.44,-262
169.49,-263
169.55,-265
169.66,-268
169.75,-268
169.81,-268
169.86,-269
169.97,-271
170.02,-273
170.08,-275
170.17,-276
170.24,-275
170.36,-278
170.42,-280
170.47,-282
170.52,-283
170.58,-283
170.67,-283
170.74,-283
170.83,-286
170.89,-288
170.94,-289
171,-290
171.05,-290
171.16,-291
171.25,-294
171.31,-296
171.36,-296
171.42,-297
171.47,-297
171.52,-159
171.58,-49
171.67,-63
171.74,-70
171.84,-77
171.94,-81
172,-81
172.05,-84
172.16,-90
172.27,-95
172.36,-98
172.42,-99
172.47,-102
172.52,-104
172.58,-107
172.69,-109
172.74,-111
172.84,-112
172.94,-116
173,-118
173.05,-120
173.11,-121
173.2,-123
173.27,-123
173.36,-125
173.42,-127
173.47,-129
173.53,-131
173.58,-132
173.69,-133
173.74,-134
173.84,-138
173.95,-140
174,-141
174.05,-142
174.11,-142
174.2,-144
174.27,-146
174.38,-150
174.47,-152
174.53,-152
174.58,-152
174.69,-154
174.74,-157
174.84,-160
174.95,-161
175,-161
175.05,-162
175.11,-164
175.2,-166
175.27,-168
175.38,-169
175.47,-170
175.53,-172
175.58,-173
175.69,-176
175.74,-177
175.8,-177
175.89,-178
175.95,-178
176,-180
176.05,-182
176.11,-184
176.22,-185
176.27,-185
176.38,-187
176.47,-191
176.53,-191
176.58,-192
176.64,-193
176.69,-193
176.74,-193
176.8,-194
176.89,-198
176.95,-199
177,-200
177.06,-200
177.11,-200
177.22,-201
177.27,-202
177.38,-206
177.49,-207
177.58,-208
177.64,-209
177.69,-210
177.74,-213
177.8,-214
177.89,-215
177.95,-215
178,-215
178.06,-216
178.11,-217
178.22,-221
178.27,-222
178.38,-222
178.49,-223
178.58,-225
178.64,-227
178.69,-229
178.74,-229
178.8,-230
178.91,-230
179,-233
179.06,-235
179.11,-235
179.22,-237
179.27,-236
179.33,-237
179.42,-240
179.49,-241
179.58,-244
179.64,-244
179.69,-244
179.75,-244
179.8,-244
179.91,-248
180,-251
180.06,-251
180.11,-251
180.17,-252
180.22,-253
180.27,-254
180.33,-256
180.42,-258
180.49,-259
180.58,-259
180.64,-260
180.69,-261
180.75,-263
180.8,-264
180.91,-266
181,-266
181.06,-266
181.11,-267
181.17,-269
181.22,-271
181.27,-272
181.33,-273
181.42,-273
181.49,-274
181.59,-277
181.69,-279
181.75,-280
181.8,-281
181.91,-281
182.02,-284
182.11,-288
182.17,-288
182.22,-288
182.27,-288
182.33,-289
182.44,-290
182.49,-292
182.59,-295
182.69,-296
182.75,-296
182.8,-145
182.88,-51
182.94,-60
182.99,-68
183.09,-75
183.19,-81
183.25,-84
183.3,-84
183.36,-88
183.45,-93
183.52,-95
183.61,-98
183.67,-100
183.72,-103
183.78,-105
183.83,-108
183.94,-110
183.99,-110
184.09,-112
184.2,-116
184.25,-119
184.3,-120
184.36,-121
184.45,-122
184.52,-124
184.63,-126
184.72,-130
184.78,-132
184.83,-132
184.94,-133
184.99,-135
185.05,-137
185.14,-140
185.2,-142
185.25,-142
185.3,-141
185.36,-142
185.52,-147
185.63,-150
185.72,-151
185.78,-152
185.83,-153
185.94,-156
185.99,-157
186.05,-159
186.14,-160
186.2,-160
186.25,-161
186.3,-163
186.36,-165
186.47,-167
186.52,-168
186.63,-168
186.72,-170
186.78,-173
186.83,-174
186.89,-175
186.94,-176
186.99,-176
187.05,-177
187.14,-180
187.2,-180
187.25,-181
187.31,-183
187.36,-184
187.47,-184
187.52,-185
187.63,-188
187.74,-192
187.83,-192
187.89,-192
187.94,-192
187.99,-193
188.05,-195
188.14,-199
188.2,-199
188.25,-200
188.31,-200
188.36,-200
188.47,-204
188.52,-204
188.63,-207
188.74,-207
188.83,-209
188.89,-210
188.94,-212
188.99,-214
189.05,-214
189.16,-215
189.25,-216
189.31,-217
189.36,-219
189.47,-222
189.52,-222
189.58,-222
189.67,-224
189.74,-225
189.83,-227
189.89,-228
189.94,-229
189.99,-229
190.05,-230
190.16,-232
190.25,-235
190.31,-237
190.36,-237
190.47,-237
190.52,-237
190.58,-238
190.67,-242
190.74,-243
190.83,-244
190.89,-244
190.94,-245
191,-246
191.05,-248
191.16,-250
191.25,-251
191.31,-251
191.36,-251
191.42,-253
191.47,-254
191.52,-256
191.58,-258
191.67,-258
191.74,-258
191.84,-259
191.94,-262
192,-264
192.05,-265
192.16,-266
192.27,-267
192.36,-269
192.42,-270
192.47,-272
192.52,-272
192.58,-273
192.69,-274
192.74,-275
192.86,-278
192.92,-280
192.97,-280
193.02,-280
193.08,-280
193.19,-282
193.24,-285
193.34,-286
193.44,-287
193.5,-287
193.55,-287
193.61,-289
193.7,-293
193.77,-294
193.86,-294
193.92,-294
193.97,-295
194.03,-295
194.08,-266
194.19,-58
194.24,-67
194.34,-75
194.44,-82
194.5,-85
194.55,-89
194.61,-92
194.7,-94
194.77,-95
194.86,-99
194.92,-101
194.97,-104
195.03,-107
195.08,-108
195.19,-110
195.24,-111
195.34,-113
195.45,-118
195.5,-120
195.55,-121
195.61,-121
195.7,-124
195.77,-126
195.88,-130
195.97,-131
196.03,-131
196.08,-132
196.19,-135
196.24,-137
196.3,-139
196.39,-141
196.45,-141
196.5,-142
196.55,-143
196.61,-143
196.72,-147
196.77,-149
196.88,-150
196.97,-151
197.03,-153
197.08,-155
197.14,-157
197.19,-158
197.24,-158
197.3,-158
197.39,-159
197.45,-160
197.5,-162
197.55,-164
197.61,-166
197.72,-167
197.77,-167
197.88,-168
198,-171
198.06,-174
198.11,-175
198.22,-175
198.27,-175
198.38,-178
198.49,-181
198.58,-182
198.64,-183
198.69,-183
198.74,-185
198.8,-187
198.91,-189
199,-190
199.06,-190
199.11,-191
199.22,-194
199.27,-196
199.33,-197
199.42,-198
199.49,-198
199.58,-199
199.64,-201
199.69,-203
199.74,-204
199.8,-206
199.91,-206
200,-208
200.06,-209
200.11,-211
200.22,-213
200.27,-214
200.33,-214
200.42,-215
200.49,-216
200.58,-220
200.64,-221
200.69,-222
200.75,-221
200.8,-221
200.91,-223
201,-226
201.06,-228
201.11,-229
201.17,-229
201.22,-229
201.27,-230
201.33,-231
201.42,-233
201.49,-235
201.59,-236
201.69,-237
201.75,-238
201.8,-240
201.91,-243
202.02,-244
202.11,-244
202.17,-245
202.22,-246
202.27,-248
202.33,-250
202.44,-251
202.49,-251
202.59,-252
202.69,-256
202.75,-256
202.8,-258
202.86,-258
202.95,-259
203.02,-259
203.11,-263
203.17,-264
203.22,-265
203.28,-266
203.33,-266
203.44,-266
203.49,-267
203.59,-270
203.69,-273
203.75,-273
203.8,-273
203.86,-273
203.95,-276
204.02,-276
204.11,-279
204.17,-280
204.22,-280
204.28,-280
204.33,-281
204.44,-284
204.49,-286
204.55,-287
204.64,-287
204.7,-287
204.75,-288
204.8,-289
204.86,-290
204.95,-294
205.02,-294
205.13,-294
205.22,-297
205.28,-157
205.33,-157
205.44,-65
205.49,-71
205.55,-75
205.64,-82
205.7,-86
205.75,-90
205.8,-92
205.86,-94
205.97,-96
206.02,-98
206.13,-102
206.22,-107
206.28,-109
206.33,-110
206.39,-111
206.44,-112
206.49,-114
206.55,-117
206.64,-119
206.7,-121
206.75,-122
206.81,-122
206.86,-122
206.97,-126
207.02,-128
207.13,-132
207.22,-133
207.28,-133
207.33,-134
207.39,-135
207.44,-137
207.49,-139
207.55,-141
207.64,-142
207.7,-142
207.75,-143
207.81,-145
207.89,-147
207.94,-149
207.99,-150
208.05,-150
208.14,-151
208.2,-152
208.25,-152
208.31,-155
208.36,-156
208.47,-158
208.52,-159
208.63,-160
208.74,-163
208.83,-166
208.89,-166
208.94,-166
208.99,-167
209.05,-167
209.16,-170
209.25,-174
209.31,-174
209.36,-174
209.47,-175
209.52,-175
209.58,-176
209.67,-180
209.74,-181
209.83,-181
209.89,-182
209.94,-183
210,-184
210.05,-187
210.16,-188
210.25,-188
210.31,-189
210.36,-189
210.42,-191
210.47,-193
210.52,-195
210.58,-196
210.67,-196
210.74,-196
210.83,-197
210.89,-199
210.94,-201
211,-202
211.05,-203
211.16,-203
211.25,-205
211.31,-207
211.36,-209
211.42,-210
211.47,-210
211.52,-210
211.58,-210
211.67,-212
211.74,-213
211.84,-217
211.94,-217
212,-217
212.05,-218
212.16,-220
212.27,-223
212.36,-224
212.42,-224
212.47,-225
212.52,-226
212.58,-228
212.69,-231
212.74,-232
212.84,-232
212.94,-233
213,-234
213.05,-236
213.11,-238
213.2,-239
213.27,-239
213.36,-241
213.42,-241
213.47,-243
213.53,-244
213.58,-246
213.69,-246
213.74,-247
213.84,-249
213.94,-253
214,-253
214.05,-253
214.11,-254
214.2,-254
214.27,-256
214.38,-259
214.47,-261
214.53,-261
214.58,-261
214.69,-263
214.74,-263
214.84,-267
214.95,-268
215,-269
215.05,-269
215.11,-270
215.2,-274
215.27,-275
215.38,-276
215.47,-276
215.55,-277
215.61,-280
215.7,-282
215.77,-283
215.88,-283
215.97,-285
216.03,-287
216.08,-288
216.19,-290
216.24,-290
216.3,-290
216.39,-291
216.45,-293
216.5,-294
216.55,-296
216.61,-297
216.72,-100
216.77,-55
216.88,-71
216.97,-76
217.03,-80
217.08,-83
217.14,-85
217.19,-87
217.24,-90
217.3,-93
217.39,-99
217.45,-101
217.5,-102
217.56,-103
217.61,-103
217.72,-106
217.77,-109
217.88,-114
217.97,-116
218.03,-117
218.08,-118
218.14,-120
218.19,-122
218.24,-124
218.3,-124
218.39,-126
218.45,-127
218.5,-128
218.56,-129
218.61,-132
218.72,-136
218.77,-136
218.88,-137
218.99,-139
219.08,-142
219.14,-144
219.19,-146
219.24,-146
219.3,-146
219.41,-148
219.5,-153
219.56,-153
219.61,-154
219.72,-155
219.77,-155
219.83,-156
219.92,-160
219.99,-162
220.08,-163
220.14,-163
220.19,-163
220.25,-164
220.3,-165
220.41,-169
220.53,-171
220.61,-171
220.69,-172
220.75,-174
220.8,-176
220.91,-179
221,-179
221.06,-180
221.11,-181
221.17,-181
221.22,-183
221.27,-184
221.33,-186
221.42,-187
221.49,-187
221.59,-189
221.69,-193
221.75,-194
221.8,-194
221.91,-194
222.02,-196
222.11,-199
222.17,-201
222.22,-201
222.27,-202
222.33,-202
222.42,-204
222.49,-204
222.59,-208
222.69,-209
222.75,-209
222.8,-209
222.91,-212
223.02,-215
223.11,-216
223.17,-216
223.22,-216
223.27,-217
223.33,-218
223.44,-222
223.49,-223
223.59,-224
223.7,-225
223.75,-225
223.8,-227
223.86,-229
223.95,-231
224.02,-231
224.11,-232
224.17,-234
224.22,-235
224.28,-237
224.33,-238
224.44,-239
224.49,-238
224.59,-240
224.7,-244
224.75,-245
224.8,-246
224.86,-246
224.95,-247
225.02,-248
225.13,-250
225.22,-253
225.28,-253
225.33,-253
225.44,-255
225.49,-256
225.55,-259
225.64,-261
225.7,-261
225.75,-260
225.8,-261
225.86,-261
225.97,-265
226.02,-267
226.13,-268
226.22,-268
226.28,-269
226.33,-271
226.39,-271
226.44,-273
226.49,-274
226.55,-275
226.64,-275
226.7,-276
226.75,-277
226.83,-279
226.89,-281
226.94,-282
226.99,-283
227.05,-282
227.14,-284
227.2,-286
227.25,-287
227.31,-287
227.36,-289
227.47,-289
227.52,-290
227.63,-292
227.74,-296
227.83,-297
227.89,-262
227.94,-86
227.99,-86
228.05,-55
228.16,-71
228.25,-79
228.31,-82
228.36,-84
228.47,-89
228.52,-92
228.58,-96
228.67,-98
228.74,-100
228.83,-102
228.89,-104
228.94,-106
228.99,-109
229.05,-111
229.16,-113
229.25,-114
229.31,-115
229.36,-117
229.47,-121
229.52,-122
229.58,-123
229.67,-124
229.74,-125
229.83,-130
229.89,-132
229.94,-132
230,-133
230.05,-134
230.16,-135
230.25,-139
230.31,-141
230.36,-142
230.42,-143
230.47,-143
230.52,-143
230.58,-143
230.69,-147
230.75,-151
230.81,-151
230.86,-152
230.92,-152
230.97,-152
231.02,-153
231.08,-154
231.19,-158
231.24,-159
231.34,-160
231.44,-161
231.5,-163
231.55,-163
231.66,-166
231.77,-168
231.86,-168
231.92,-170
231.97,-172
232.02,-173
232.08,-175
232.19,-175
232.24,-175
232.34,-176
232.44,-180
232.5,-181
232.55,-182
232.61,-182
232.7,-183
232.77,-184
232.86,-186
232.92,-188
232.97,-189
233.03,-190
233.08,-190
233.19,-191
233.24,-193
233.34,-196
233.45,-197
233.5,-197
233.55,-197
233.61,-197
233.7,-200
233.77,-201
233.86,-203
233.92,-203
233.97,-203
234.03,-204
234.08,-206
234.19,-208
234.24,-209
234.34,-211
234.45,-211
234.5,-212
234.55,-214
234.61,-216
234.7,-218
234.77,-218
234.88,-218
234.97,-220
235.03,-222
235.08,-223
235.19,-225
235.24,-225
235.3,-226
235.39,-227
235.45,-228
235.5,-230
235.55,-232
235.61,-232
235.72,-233
235.77,-233
235.88,-236
235.97,-239
236.03,-240
236.08,-240
236.14,-240
236.19,-240
236.24,-241
236.3,-242
236.39,-246
236.45,-247
236.5,-247
236.56,-247
236.61,-248
236.72,-249
236.77,-251
236.88,-254
236.97,-255
237.03,-255
237.08,-256
237.14,-257
237.19,-259
237.24,-261
237.3,-262
237.39,-262
237.45,-262
237.5,-262
237.56,-264
237.61,-265
237.72,-269
237.77,-270
237.88,-270
237.99,-272
238.08,-273
238.14,-275
238.19,-277
238.27,-277
238.34,-277
238.42,-278
238.49,-279
238.58,-283
238.64,-284
238.69,-284
238.75,-284
238.8,-285
238.91,-288
239,-290
239.06,-291
239.11,-291
239.22,-292
239.27,-292
239.33,-294
239.42,-297
239.49,-194
239.58,-60
239.64,-60
239.69,-67
239.75,-72
239.8,-76
239.91,-85
240,-90
240.06,-91
240.11,-93
240.17,-96
240.22,-99
240.27,-99
240.33,-102
240.42,-106
240.49,-107
240.59,-110
240.69,-115
240.75,-117
240.8,-119
240.91,-119
241.02,-120
241.11,-124
241.17,-127
241.22,-129
241.27,-130
241.33,-130
241.42,-132
241.49,-134
241.59,-136
241.69,-140
241.75,-140
241.8,-141
241.91,-143
242.02,-147
242.11,-150
242.17,-150
242.22,-150
242.27,-151
242.33,-151
242.44,-155
242.49,-157
242.59,-160
242.69,-160
242.75,-161
242.8,-163
242.86,-163
242.95,-167
243.02,-168
243.11,-169
243.17,-170
243.22,-170
243.28,-172
243.33,-174
243.44,-177
243.49,-177
243.59,-177
243.7,-179
243.75,-181
243.8,-183
243.86,-185
243.95,-186
244.02,-186
244.13,-188
244.22,-190
244.28,-192
244.33,-193
244.44,-194
244.49,-194
244.55,-195
244.64,-199
244.7,-200
244.75,-202
244.8,-202
244.86,-202
244.95,-203
245.02,-204
245.13,-207
245.22,-210
245.28,-210
245.33,-210
245.44,-211
245.49,-212
245.55,-214
245.64,-217
245.7,-218
245.75,-217
245.8,-218
245.86,-219
245.97,-222
246.02,-224
246.13,-225
246.22,-225
246.28,-225
246.33,-227
246.39,-228
246.44,-230
246.49,-232
246.55,-232
246.64,-232
246.7,-233
246.75,-233
246.81,-234
246.86,-236
246.97,-238
247.02,-239
247.13,-240
247.24,-242
247.33,-246
247.39,-246
247.44,-247
247.49,-248
247.55,-247
247.64,-249
247.7,-250
247.75,-252
247.81,-254
247.86,-255
247.97,-255
248.02,-255
248.13,-256
248.24,-260
248.33,-262
248.39,-262
248.44,-263
248.49,-263
248.55,-265
248.66,-268
248.75,-269
248.81,-270
248.86,-270
248.97,-271
249.02,-272
249.08,-274
249.17,-277
249.25,-277
249.33,-277
249.41,-277
249.47,-280
249.52,-282
249.58,-284
249.67,-285
249.74,-285
249.83,-285
249.89,-286
249.94,-288
250,-289
250.05,-291
250.16,-291
250.25,-292
250.31,-292
250.36,-293
250.42,-295
250.47,-297
250.52,-129
250.58,-53
250.67,-67
250.74,-71
250.84,-80
250.94,-84
251,-86
251.05,-89
251.16,-92
251.27,-97
251.36,-102
251.42,-104
251.47,-105
251.52,-106
251.58,-106
251.69,-109
251.74,-111
251.84,-116
251.94,-117
252,-118
252.05,-119
252.16,-123
252.27,-125
252.36,-128
252.42,-128
252.47,-129
252.52,-130
252.58,-132
252.69,-136
252.74,-138
252.84,-139
252.94,-139
253,-141
253.05,-142
253.11,-144
253.2,-147
253.27,-147
253.36,-148
253.42,-149
253.47,-151
253.53,-151
253.58,-153
253.69,-155
253.74,-155
253.84,-157
253.95,-161
254,-162
254.05,-164
254.11,-164
254.2,-164
254.27,-164
254.38,-167
254.5,-171
254.55,-171
254.61,-172
254.7,-173
254.77,-173
254.88,-177
254.97,-179
255.03,-180
255.08,-180
255.19,-180
255.24,-182
255.3,-183
255.39,-186
255.45,-187
255.5,-187
255.55,-187
255.61,-188
255.7,-191
255.77,-193
255.88,-194
255.97,-194
256.03,-194
256.08,-196
256.13,-197
256.19,-199
256.24,-201
256.3,-202
256.39,-202
256.45,-202
256.5,-203
256.55,-204
256.61,-206
256.66,-207
256.72,-209
256.81,-210
256.88,-210
256.97,-212
257.03,-214
257.08,-214
257.14,-215
257.19,-216
257.24,-217
257.3,-217
257.39,-218
257.45,-220
257.5,-222
257.56,-223
257.61,-224
257.66,-224
257.72,-224
257.81,-225
257.88,-226
257.99,-229
258.08,-231
258.14,-232
258.19,-231
258.24,-232
258.3,-233
258.41,-235
258.5,-238
258.56,-239
258.61,-239
258.66,-239
258.72,-240
258.81,-243
258.88,-245
258.99,-246
259.08,-246
259.14,-247
259.19,-247
259.24,-249
259.3,-251
259.41,-253
259.5,-253
259.56,-254
259.61,-255
259.66,-255
259.72,-257
259.83,-260
259.88,-261
259.99,-261
260.08,-263
260.14,-264
260.19,-266
260.25,-267
260.3,-268
260.41,-268
260.5,-269
260.56,-270
260.61,-272
260.67,-273
260.72,-275
260.83,-275
260.88,-275
260.99,-276
261.09,-279
261.14,-281
261.19,-281
261.25,-282
261.3,-282
261.41,-283
261.5,-287
261.56,-288
261.61,-288
261.67,-289
261.72,-289
261.83,-289
261.88,-291
261.99,-295
262.09,-296
262.14,-277
262.22,-96
262.33,-63
262.38,-70
262.49,-78
262.59,-81
262.64,-83
262.69,-85
262.75,-88
262.8,-91
262.91,-97
263.02,-100
263.11,-103
263.17,-105
263.22,-105
263.33,-110
263.38,-112
263.44,-113
263.49,-114
263.59,-116
263.64,-118
263.69,-120
263.75,-122
263.8,-124
263.86,-125
263.91,-125
264.02,-126
264.11,-129
264.17,-132
264.22,-134
264.28,-135
264.33,-135
264.38,-136
264.44,-136
264.49,-138
264.59,-140
264.64,-142
264.7,-144
264.75,-145
264.86,-146
264.91,-146
265.02,-150
265.13,-154
265.22,-154
265.28,-154
265.33,-155
265.38,-156
265.44,-157
265.49,-160
265.55,-161
265.64,-163
265.7,-163
265.75,-163
265.8,-164
265.86,-164
265.91,-166
266.02,-170
266.14,-171
266.22,-171
266.3,-172
266.36,-174
266.41,-176
266.47,-178
266.56,-179
266.63,-179
266.72,-181
266.78,-182
266.83,-182
266.89,-185
266.94,-186
266.99,-186
267.05,-186
267.14,-187
267.2,-189
267.25,-191
267.31,-192
267.36,-193
267.41,-194
267.47,-194
267.56,-194
267.63,-195
267.72,-199
267.78,-200
267.83,-201
267.89,-201
267.94,-201
267.99,-201
268.05,-202
268.14,-204
268.2,-206
268.25,-207
268.31,-207
268.39,-208
268.44,-208
268.49,-209
268.55,-210
268.66,-213
268.75,-215
268.81,-215
268.86,-215
268.91,-216
268.97,-218
269.06,-219
269.13,-221
269.24,-221
269.33,-222
269.39,-223
269.44,-225
269.49,-227
269.55,-228
269.66,-228
269.75,-228
269.81,-229
269.86,-230
269.91,-232
269.97,-233
270.08,-235
270.13,-235
270.24,-236
270.33,-239
270.39,-239
270.44,-241
270.5,-241
270.55,-242
270.66,-242
270.75,-245
270.81,-246
270.86,-248
270.92,-249
270.97,-249
271.08,-249
271.13,-250
271.24,-253
271.34,-256
271.39,-256
271.44,-256
271.5,-256
271.55,-257
271.66,-258
271.75,-262
271.81,-263
271.86,-263
271.92,-264
271.97,-264
272.08,-266
272.13,-268
272.24,-271
272.34,-271
272.39,-271
272.44,-271
272.5,-273
272.55,-274
272.66,-278
272.77,-278
272.86,-279
272.92,-281
272.97,-281
273.08,-284
273.13,-285
273.19,-286
273.24,-286
273.34,-287
273.39,-289
273.44,-290
273.5,-292
273.55,-293
273.61,-293
273.66,-294
273.77,-294
273.86,-169
273.92,-55
273.97,-61
274.03,-68
274.08,-72
274.13,-75
274.19,-79
274.24,-79
274.34,-86
274.39,-89
274.45,-92
274.5,-94
274.55,-96
274.61,-97
274.66,-99
274.77,-104
274.88,-106
274.97,-110
275.03,-110
275.08,-111
275.13,-113
275.19,-115
275.24,-117
275.34,-121
275.39,-122
275.45,-122
275.5,-123
275.55,-123
275.61,-124
275.66,-127
275.77,-131
275.88,-132
275.97,-134
276.03,-136
276.08,-137
276.13,-140
276.19,-140
276.24,-141
276.3,-142
276.39,-143
276.45,-143
276.59,-147
276.66,-150
276.72,-151
276.81,-151
276.88,-152
276.97,-155
277.03,-157
277.08,-159
277.14,-160
277.19,-160
277.24,-161
277.3,-161
277.39,-165
277.45,-166
277.5,-166
277.56,-168
277.61,-169
277.66,-169
277.72,-169
277.81,-172
277.88,-174
277.97,-177
278.03,-177
278.08,-177
278.14,-177
278.19,-178
278.24,-179
278.3,-180
278.39,-184
278.45,-185
278.5,-185
278.56,-185
278.61,-186
278.66,-187
278.72,-189
278.81,-190
278.88,-192
278.99,-193
279.08,-194
279.14,-194
279.19,-197
279.24,-198
279.3,-200
279.41,-200
279.5,-200
279.56,-201
279.61,-203
279.66,-204
279.72,-206
279.83,-208
279.88,-208
279.99,-209
280.08,-210
280.14,-213
280.19,-214
280.25,-215
280.3,-215
280.41,-216
280.5,-218
280.56,-220
280.61,-222
280.67,-222
280.72,-222
280.83,-223
280.88,-223
280.99,-226
281.08,-229
281.14,-230
281.19,-230
281.25,-230
281.3,-231
281.41,-232
281.5,-236
281.56,-237
281.61,-237
281.67,-237
281.72,-237
281.83,-240
281.88,-242
281.99,-244
282.09,-244
282.14,-244
282.19,-245
282.25,-246
282.3,-248
282.41,-251
282.52,-252
282.61,-253
282.67,-253
282.72,-254
282.83,-257
282.88,-259
282.94,-259
282.99,-259
283.09,-260
283.14,-262
283.19,-264
283.25,-265
283.3,-265
283.41,-266
283.52,-266
283.61,-269
283.67,-271
283.72,-273
283.83,-273
283.88,-273
283.94,-273
283.99,-274
284.11,-277
284.17,-280
284.22,-281
284.28,-281
284.33,-281
284.38,-281
284.44,-282
284.49,-283
284.59,-287
284.64,-287
284.69,-288
284.75,-287
284.8,-288
284.86,-288
284.91,-288
285.02,-292
285.11,-294
285.17,-295
285.22,-295
285.28,-290
285.33,-112
285.38,-55
285.44,-65
285.49,-71
285.59,-75
285.64,-78
285.7,-81
285.75,-83
285.8,-87
285.86,-90
285.91,-93
286.02,-97
286.13,-100
286.22,-102
286.28,-104
286.33,-107
286.38,-109
286.44,-111
286.49,-112
286.55,-112
286.64,-115
286.7,-118
286.75,-120
286.8,-122
286.86,-122
286.91,-124
286.97,-124
287.06,-126
287.13,-127
287.22,-132
287.28,-133
287.33,-133
287.38,-134
287.44,-134
287.49,-134
287.55,-135
287.64,-139
287.7,-141
287.75,-142
287.8,-143
287.86,-143
287.91,-144
287.97,-145
288.05,-147
288.14,-151
288.2,-152
288.25,-153
288.31,-153
288.36,-154
288.41,-155
288.47,-155
288.56,-159
288.63,-161
288.72,-162
288.78,-162
288.83,-163
288.89,-164
288.94,-166
288.99,-168
289.05,-169
289.14,-169
289.2,-170
289.25,-170
289.33,-171
289.39,-174
289.44,-174
289.49,-176
289.55,-177
289.66,-177
289.75,-179
289.81,-180
289.86,-182
289.91,-184
289.97,-184
290.08,-184
290.13,-184
290.24,-186
290.33,-189
290.39,-191
290.44,-191
290.49,-191
290.55,-191
290.66,-194
290.75,-196
290.81,-197
290.86,-198
290.91,-198
290.97,-199
291.08,-200
291.13,-202
291.24,-205
291.33,-206
291.39,-206
291.44,-206
291.5,-207
291.55,-208
291.66,-212
291.75,-214
291.81,-214
291.86,-214
291.92,-215
291.97,-216
292.08,-218
292.13,-220
292.24,-221
292.34,-222
292.39,-223
292.44,-225
292.5,-226
292.55,-228
292.66,-229
292.77,-229
292.86,-231
292.92,-233
292.97,-234
293.08,-236
293.13,-237
293.19,-236
293.24,-237
293.34,-239
293.39,-241
293.44,-242
293.5,-243
293.55,-244
293.61,-244
293.66,-244
293.77,-247
293.86,-250
293.92,-251
293.97,-251
294.03,-251
294.08,-251
294.13,-251
294.19,-253
294.24,-254
294.34,-257
294.39,-258
294.44,-258
294.5,-259
294.55,-259
294.61,-260
294.66,-260
294.77,-264
294.86,-265
294.92,-266
294.97,-265
295.03,-267
295.08,-268
295.13,-270
295.19,-271
295.24,-272
295.34,-273
295.39,-273
295.45,-273
295.5,-274
295.55,-276
295.61,-277
295.66,-279
295.77,-280
295.88,-280
295.97,-281
296.03,-283
296.08,-285
296.13,-286
296.19,-287
296.24,-287
296.3,-287
296.39,-289
296.45,-290
296.5,-292
296.55,-292
296.61,-293
296.66,-294
296.72,-294
296.81,-295
296.88,-162
296.97,-57
297.03,-64
297.08,-68
297.13,-71
297.19,-74
297.24,-74
297.3,-77
297.39,-84
297.45,-87
297.5,-89
297.55,-91
297.61,-92
297.66,-94
297.72,-96
297.81,-101
297.88,-101
297.97,-104
298.03,-105
298.08,-106
298.14,-108
298.19,-109
298.24,-112
298.3,-114
298.39,-117
298.45,-117
298.5,-117
298.56,-118
298.61,-119
298.66,-121
298.72,-124
298.81,-127
298.88,-127
298.99,-128
299.08,-131
299.14,-134
299.19,-134
299.24,-135
299.3,-136
299.41,-137
299.5,-139
299.56,-141
299.61,-143
299.66,-144
299.72,-145
299.89,-146
299.95,-148
300,-150
300.06,-152
300.11,-152
300.16,-153
300.22,-153
300.31,-154
300.38,-155
300.49,-158
300.58,-160
300.64,-161
300.69,-161
300.74,-161
300.8,-161
300.91,-164
301,-167
301.06,-168
301.11,-168
301.16,-168
301.22,-169
301.33,-172
301.38,-174
301.49,-175
301.58,-175
301.64,-175
301.69,-176
301.75,-178
301.8,-179
301.91,-182
302,-182
302.06,-182
302.11,-182
302.17,-184
302.22,-185
302.33,-188
302.38,-189
302.49,-189
302.59,-191
302.64,-192
302.69,-194
302.75,-194
302.8,-195
302.91,-196
303,-197
303.06,-198
303.11,-200
303.17,-202
303.22,-202
303.33,-203
303.38,-203
303.49,-205
303.59,-208
303.64,-209
303.69,-210
303.75,-210
303.8,-210
303.91,-212
304.02,-214
304.11,-217
304.17,-217
304.22,-218
304.33,-218
304.38,-220
304.44,-222
304.49,-223
304.59,-225
304.64,-225
304.69,-225
304.75,-225
304.8,-226
304.86,-228
304.91,-230
305.02,-232
305.11,-233
305.17,-233
305.22,-234
305.33,-236
305.38,-238
305.44,-239
305.49,-240
305.59,-240
305.64,-241
305.69,-242
305.75,-244
305.8,-245
305.86,-247
305.91,-247
306.02,-248
306.11,-249
306.17,-250
306.22,-252
306.28,-253
306.33,-255
306.38,-255
306.44,-255
306.49,-255
306.59,-257
306.64,-258
306.7,-260
306.75,-262
306.8,-263
306.86,-263
306.91,-263
307.02,-265
307.13,-268
307.22,-270
307.28,-270
307.33,-270
307.38,-271
307.44,-271
307.49,-273
307.55,-275
307.64,-278
307.7,-278
307.75,-278
307.8,-278
307.86,-279
307.91,-279
307.97,-281
308.06,-284
308.13,-285
308.22,-286
308.28,-286
308.33,-287
308.38,-289
308.44,-290
308.49,-292
308.55,-292
308.64,-293
308.7,-293
308.75,-293
308.8,-295
308.86,-164
308.91,-54
308.97,-60
309.06,-71
309.13,-74
309.22,-77
309.28,-81
309.33,-85
309.39,-88
309.44,-91
309.49,-92
309.55,-94
309.64,-97
309.7,-100
309.75,-103
309.81,-105
309.86,-105
309.91,-107
309.97,-107
310.06,-109
310.13,-112
310.24,-116
310.33,-119
310.39,-119
310.44,-120
310.49,-120
310.55,-121
310.66,-125
310.75,-129
310.81,-130
310.86,-130
310.91,-130
310.97,-132
311.08,-136
311.13,-136
311.24,-139
311.33,-140
311.39,-140
311.44,-141
311.5,-143
311.55,-145
311.63,-147
311.74,-148
311.83,-150
311.89,-151
311.94,-153
312,-155
312.05,-156
312.16,-157
312.25,-157
312.31,-158
312.36,-160
312.42,-162
312.47,-164
312.58,-165
312.63,-165
312.74,-166
312.84,-169
312.89,-171
312.94,-172
313,-173
313.05,-173
313.16,-174
313.25,-177
313.31,-179
313.36,-180
313.42,-180
313.47,-181
313.58,-181
313.63,-182
313.74,-185
313.84,-188
313.89,-189
313.94,-189
314,-189
314.05,-189
314.16,-192
314.27,-196
314.36,-196
314.42,-197
314.47,-197
314.58,-200
314.63,-202
314.69,-202
314.74,-204
314.84,-204
314.89,-204
314.94,-206
315,-207
315.05,-209
315.11,-210
315.16,-212
315.27,-212
315.36,-212
315.42,-213
315.47,-215
315.53,-217
315.58,-218
315.63,-219
315.69,-220
315.74,-219
315.84,-221
315.89,-223
315.95,-224
316,-224
316.05,-226
316.11,-226
316.16,-226
316.27,-227
316.36,-230
316.42,-232
316.47,-233
316.53,-234
316.58,-233
316.63,-233
316.69,-234
316.74,-235
316.84,-238
316.89,-239
316.95,-240
317,-240
317.05,-241
317.11,-241
317.16,-242
317.27,-244
317.38,-247
317.47,-247
317.53,-248
317.58,-248
317.63,-250
317.69,-251
317.74,-253
317.8,-254
317.89,-254
317.95,-254
318,-255
318.05,-255
318.11,-257
318.16,-259
318.22,-260
318.31,-261
318.38,-261
318.47,-263
318.53,-264
318.58,-264
318.64,-266
318.69,-268
318.74,-268
318.8,-268
318.89,-269
318.95,-270
319,-272
319.06,-273
319.11,-275
319.16,-275
319.22,-275
319.31,-275
319.38,-276
319.47,-279
319.53,-281
319.58,-282
319.64,-281
319.69,-282
319.74,-282
319.8,-283
319.89,-285
319.95,-287
320,-288
320.06,-288
320.11,-288
320.16,-289
320.22,-289
320.31,-292
320.38,-294
320.49,-295
320.58,-295
320.64,-183
320.69,-57
320.74,-62
320.8,-70
320.91,-79
321,-84
321.06,-86
321.11,-89
321.16,-89
321.22,-92
321.33,-97
321.38,-99
321.49,-101
321.58,-104
321.64,-107
321.69,-109
321.75,-111
321.8,-111
321.91,-113
322,-115
322.06,-118
322.11,-120
322.17,-122
322.22,-123
322.33,-124
322.38,-125
322.49,-127
322.59,-131
322.64,-132
322.69,-133
322.75,-133
322.8,-134
322.91,-136
323,-140
323.06,-142
323.11,-142
323.17,-142
323.22,-142
323.33,-144
323.38,-146
323.49,-150
323.59,-151
323.64,-151
323.69,-152
323.75,-152
323.8,-153
323.91,-157
324.02,-159
324.11,-160
324.17,-160
324.22,-162
324.33,-166
324.38,-166
324.44,-167
324.49,-168
324.59,-168
324.64,-169
324.69,-171
324.77,-173
324.83,-174
324.88,-175
324.94,-175
324.99,-175
325.09,-177
325.14,-179
325.19,-181
325.25,-182
325.3,-183
325.36,-183
325.41,-183
325.52,-184
325.61,-187
325.67,-189
325.72,-190
325.78,-190
325.83,-190
325.88,-191
325.94,-192
325.99,-193
326.09,-196
326.14,-197
326.2,-198
326.25,-198
326.3,-198
326.36,-198
326.41,-200
326.52,-204
326.63,-205
326.72,-205
326.78,-206
326.83,-207
326.88,-208
326.94,-210
326.99,-212
327.05,-213
327.14,-213
327.2,-213
327.25,-215
327.3,-215
327.36,-216
327.41,-219
327.47,-220
327.56,-221
327.63,-221
327.72,-223
327.78,-225
327.83,-226
327.89,-228
327.94,-228
327.99,-228
328.05,-228
328.14,-229
328.2,-231
328.25,-233
328.31,-234
328.36,-235
328.41,-235
328.47,-235
328.56,-237
328.63,-237
328.74,-240
328.83,-242
328.89,-242
328.94,-242
328.99,-243
329.05,-244
329.14,-248
329.2,-249
329.25,-249
329.31,-249
329.36,-249
329.41,-250
329.47,-250
329.56,-254
329.63,-256
329.74,-256
329.83,-257
329.89,-257
329.94,-258
329.99,-260
330.05,-262
330.16,-263
330.25,-264
330.31,-264
330.36,-266
330.41,-268
330.47,-269
330.58,-270
330.63,-270
330.74,-271
330.83,-273
330.89,-275
330.94,-276
331,-277
331.05,-277
331.17,-278
331.24,-279
331.33,-282
331.39,-284
331.44,-284
331.5,-284
331.55,-284
331.66,-285
331.75,-288
331.81,-290
331.86,-291
331.92,-291
331.97,-291
332.08,-293
332.13,-294
332.24,-296
332.34,-61
332.39,-61
332.44,-68
332.5,-72
332.55,-77
332.66,-85
332.75,-90
332.81,-90
332.86,-92
332.92,-93
332.97,-96
333.08,-101
333.13,-104
333.24,-107
333.34,-108
333.39,-110
333.44,-110
333.5,-113
333.55,-115
333.66,-118
333.77,-119
333.86,-122
333.92,-124
333.97,-127
334.08,-129
334.13,-129
334.19,-129
334.24,-130
334.34,-133
334.39,-135
334.44,-137
334.5,-138
334.55,-138
334.61,-139
334.66,-139
334.77,-141
334.92,-147
334.97,-147
335.03,-148
335.08,-148
335.13,-149
335.19,-151
335.24,-153
335.34,-156
335.39,-156
335.44,-156
335.5,-156
335.55,-157
335.61,-158
335.66,-160
335.77,-163
335.86,-164
335.92,-165
335.97,-165
336.03,-167
336.08,-167
336.13,-169
336.2,-171
336.27,-172
336.38,-173
336.47,-174
336.53,-175
336.58,-178
336.63,-179
336.69,-180
336.74,-180
336.84,-181
336.89,-182
336.95,-184
337,-184
337.05,-185
337.11,-187
337.16,-187
337.27,-187
337.38,-190
337.47,-193
337.53,-195
