时间,微压差
0.05,3
0.16,3
0.27,2
0.36,3
0.42,3
0.52,3
0.58,2
0.63,2
0.69,1
0.74,2
0.84,3
0.89,4
1,3
1.17,2
1.24,3
1.34,4
1.44,3
1.5,1
1.55,1
1.61,2
1.7,3
1.77,4
1.86,3
1.92,2
1.97,1
2.03,2
2.08,2
2.19,3
2.24,3
2.34,2
2.39,1
2.45,1
2.55,3
2.61,3
2.66,4
2.77,2
2.88,2
2.97,3
3.03,4
3.08,4
3.19,3
3.24,2
3.3,2
3.39,3
3.45,3
3.55,3
3.61,3
3.66,2
3.77,1
3.88,3
3.97,3
4.03,3
4.13,1
4.19,2
4.3,3
4.39,4
4.45,3
4.55,2
4.61,1
4.72,3
4.81,4
4.88,3
4.97,2
5.03,2
5.14,3
5.19,3
5.3,3
5.39,2
5.45,2
5.56,3
5.61,3
5.72,4
5.81,2
5.88,1
5.99,2
6.06,3
6.11,4
6.22,3
6.31,1
6.38,2
6.49,4
6.58,3
6.64,3
6.69,2
6.8,2
6.91,3
7,4
7.06,3
7.11,2
7.22,2
7.33,3
7.42,4
7.49,3
7.58,1
7.64,2
7.69,2
7.75,3
7.84,4
7.91,3
8,2
8.06,1
8.17,3
8.22,3
8.33,3
8.38,2
8.49,2
8.58,2
8.64,3
8.75,4
8.8,3
8.91,2
9.02,3
9.11,4
9.17,3
9.22,3
9.33,1
9.38,2
9.49,3
9.59,4
9.64,3
9.75,1
9.8,2
9.91,2
10.02,4
10.11,2
10.17,2
10.22,1
10.33,3
10.38,4
10.44,4
10.49,3
10.59,2
10.64,2
10.75,3
10.8,4
10.86,4
10.91,3
11.02,2
11.11,2
11.17,2
11.22,3
11.28,4
11.33,4
11.38,3
11.44,2
11.49,1
11.59,3
11.64,3
11.7,4
11.75,3
11.8,2
11.86,2
11.91,1
12.02,2
12.11,4
12.17,3
12.22,3
12.28,2
12.33,2
12.38,2
12.44,3
12.49,3
12.59,4
12.64,3
12.7,2
12.75,1
12.8,2
12.86,2
12.91,3
13.02,4
13.13,2
13.22,1
13.28,2
13.33,3
13.38,4
13.44,4
13.49,3
13.55,2
13.64,1
13.7,2
13.75,2
13.8,3
13.86,4
13.91,3
13.97,3
14.06,1
14.13,2
14.22,3
14.28,4
14.33,3
14.39,2
14.49,2
14.55,1
14.64,3
14.7,4
14.75,4
14.81,3
14.91,1
14.97,2
15.06,3
15.13,3
15.24,3
15.33,2
15.39,1
15.49,3
15.55,4
15.64,3
15.7,3
15.75,2
15.81,1
15.91,3
15.97,3
16.06,3
16.13,2
16.24,2
16.33,2
16.39,3
16.44,4
16.55,3
16.66,1
16.75,3
16.81,4
16.86,4
16.91,3
16.97,2
17.02,2
17.08,1
17.13,2
17.24,3
17.33,4
17.39,3
17.44,2
17.55,2
17.66,2
17.75,4
17.81,3
17.86,2
17.91,2
17.97,2
18.02,2
18.08,3
18.13,4
18.24,3
18.33,2
18.39,1
18.44,2
18.5,3
18.55,3
18.66,3
18.75,1
18.81,1
18.86,2
18.92,3
19.02,4
19.08,4
19.13,3
19.24,1
19.34,3
19.39,3
19.44,4
19.5,3
19.55,2
19.66,1
19.77,2
19.86,4
19.92,4
20.02,2
20.08,1
20.13,2
20.19,2
20.28,3
20.34,4
20.39,3
20.44,2
20.5,2
20.55,1
20.66,3
20.77,3
20.86,3
20.92,2
21.02,1
21.08,3
21.13,3
21.19,4
21.28,2
21.34,2
21.39,1
21.44,2
21.5,3
21.55,3
21.61,4
21.66,3
21.77,2
21.86,2
21.92,3
22.03,4
22.13,3
22.19,3
22.28,2
22.34,2
22.39,3
22.45,4
22.5,4
22.55,3
22.61,2
22.66,1
22.77,2
22.88,3
22.97,3
23.03,2
23.13,1
23.19,2
23.3,4
23.39,3
23.45,2
23.5,2
23.55,1
23.61,2
23.66,2
23.77,4
23.88,2
23.97,1
24.03,2
24.13,3
24.19,4
24.3,3
24.39,2
24.45,2
24.5,3
24.55,3
24.61,4
24.66,3
24.72,2
24.77,2
24.88,1
24.97,3
25.03,4
25.14,3
25.19,2
25.3,2
25.39,2
25.45,3
25.5,4
25.56,3
25.61,2
25.66,2
25.72,1
25.77,2
25.88,4
25.99,3
26.08,2
26.14,1
26.19,2
26.3,3
26.41,3
26.5,1
26.56,1
26.61,2
26.66,3
26.72,3
26.77,3
26.88,3
26.99,1
27.08,2
27.14,3
27.19,4
27.3,3
27.41,1
27.5,2
27.56,3
27.61,4
27.66,4
27.72,3
27.77,2
27.83,2
27.88,1
27.95,2
28,3
28.06,4
28.11,3
28.16,3
28.22,2
28.27,1
28.33,1
28.38,2
28.49,3
28.58,3
28.64,2
28.69,1
28.75,2
28.8,2
28.91,4
29,3
29.06,3
29.11,2
29.17,2
29.27,3
29.33,4
29.38,4
29.49,2
29.59,2
29.64,2
29.69,2
29.75,3
29.8,4
29.91,3
30.02,1
30.11,3
30.17,4
30.27,4
30.33,3
30.38,2
30.44,2
30.53,2
30.59,3
30.64,4
30.69,4
30.75,3
30.8,2
30.86,1
30.91,1
31.02,3
31.11,4
31.17,3
31.28,2
31.38,2
31.44,3
31.53,4
31.59,4
31.64,3
31.69,2
31.75,1
31.8,2
31.86,3
31.91,4
32.02,3
32.11,2
32.17,2
32.28,2
32.38,4
32.44,4
32.49,3
32.59,1
32.7,2
32.8,4
32.86,4
32.95,2
33.02,2
33.13,2
33.22,4
33.28,4
33.38,2
33.44,1
33.49,1
33.55,2
33.64,3
33.7,4
33.8,3
33.86,2
33.97,2
34.02,3
34.13,4
34.22,3
34.28,2
34.38,2
34.44,2
34.49,3
34.55,4
34.64,3
34.7,2
34.8,2
34.86,2
34.97,4
35.02,4
35.13,2
35.22,2
35.28,2
35.39,4
35.49,4
35.55,3
35.64,1
35.7,2
35.81,4
35.91,3
35.97,2
36.02,2
36.13,1
36.24,3
36.33,4
36.39,3
36.49,1
36.55,2
36.66,4
36.75,4
36.81,3
36.91,2
36.97,2
37.02,2
37.08,3
37.13,4
37.24,3
37.33,2
37.39,2
37.49,3
37.55,3
37.66,3
37.75,2
37.81,1
37.91,3
37.97,4
38.02,4
38.08,4
38.13,3
38.24,1
38.33,2
38.39,4
38.5,3
38.59,2
38.66,2
38.75,2
38.81,3
38.92,4
39.02,2
39.08,2
39.13,2
39.24,3
39.34,4
39.44,3
39.5,2
39.59,2
39.66,3
39.77,4
39.86,2
39.92,2
40.02,2
40.08,2
40.13,3
40.19,4
40.24,4
40.34,2
40.44,2
40.5,3
40.61,4
40.7,3
40.77,2
40.86,2
40.92,2
41.03,4
41.13,3
41.19,2
41.24,1
41.34,2
41.44,4
41.5,4
41.61,2
41.7,1
41.77,2
41.86,4
41.92,4
42.03,3
42.13,2
42.19,2
42.24,2
42.34,4
42.45,3
42.55,2
42.61,1
42.7,3
42.77,4
42.88,3
42.97,2
43.03,2
43.13,3
43.19,4
43.24,4
43.3,4
43.39,2
43.45,2
43.55,3
43.61,4
43.72,3
43.77,2
43.88,2
43.97,2
44.03,3
44.14,4
44.24,2
44.3,1
44.39,3
44.45,3
44.55,4
44.61,3
44.72,2
44.77,2
44.88,3
44.97,4
45.03,3
45.14,2
45.24,2
45.3,3
45.39,4
45.45,3
45.56,2
45.66,2
45.72,3
45.77,4
45.88,4
45.99,2
46.08,2
46.14,3
46.24,4
46.3,4
46.39,2
46.45,2
46.56,2
46.66,4
46.72,4
46.77,3
46.88,2
46.99,2
47.08,3
47.14,4
47.24,3
47.3,2
47.41,2
47.5,4
47.56,4
47.66,2
47.72,2
47.77,2
47.83,2
47.88,2
47.99,4
48.08,3
48.14,2
48.25,2
48.34,4
48.41,4
48.5,4
48.56,3
48.66,2
48.72,2
48.77,3
48.83,4
48.88,4
48.99,2
49.08,2
49.14,2
49.25,3
49.34,3
49.41,3
49.5,2
49.56,2
49.67,4
49.77,4
49.83,3
49.88,2
49.99,1
50.09,3
50.19,4
50.25,3
50.34,2
50.41,2
50.52,3
50.61,4
50.67,3
50.77,2
50.83,1
50.88,2
50.94,3
50.99,3
51.09,4
51.19,2
51.25,2
51.34,3
51.41,3
51.52,3
51.61,3
51.67,2
51.77,2
51.83,3
51.88,4
51.94,4
51.99,3
52.09,2
52.19,2
52.25,3
52.36,4
52.45,3
52.52,2
52.61,2
52.67,3
52.78,4
52.88,2
52.94,2
52.99,2
53.09,2
53.2,4
53.3,3
53.36,2
53.45,2
53.52,3
53.61,3
53.67,4
53.78,3
53.88,2
53.94,2
53.99,3
54.09,4
54.2,3
54.3,1
54.36,2
54.45,3
54.52,4
54.63,3
54.72,2
54.78,2
54.88,3
54.94,3
54.99,4
55.05,3
55.14,2
55.2,1
55.3,3
55.36,3
55.47,2
55.52,2
55.63,-1
55.72,-1
55.78,0
55.88,-1
55.94,-3
55.99,-4
56.05,-5
56.14,-5
56.2,-5
56.3,-5
56.36,-7
56.47,-10
56.52,-10
56.63,-10
56.72,-11
56.78,-13
56.89,-15
56.99,-17
57.05,-17
57.14,-17
57.2,-18
57.31,-22
57.41,-23
57.47,-23
57.52,-23
57.63,-24
57.74,-28
57.83,-30
57.89,-30
57.99,-30
58.05,-31
58.14,-33
58.2,-35
58.31,-37
58.41,-37
58.47,-37
58.52,-39
58.63,-42
58.74,-43
58.83,-43
58.89,-44
58.99,-46
59.05,-48
59.11,-49
59.17,-49
59.27,-50
59.33,-50
59.41,-51
59.49,-53
59.59,-55
59.69,-56
59.74,-56
59.83,-58
59.89,-60
60,-62
60.09,-62
60.16,-62
60.25,-63
60.31,-65
60.41,-68
60.47,-69
60.52,-69
60.58,-69
60.63,-70
60.74,-71
60.83,-75
60.89,-76
61,-77
61.09,-78
61.16,-80
61.25,-83
61.31,-84
61.42,-85
61.52,-85
61.58,-87
61.63,-88
61.74,-92
61.84,-93
61.94,-93
62,-93
62.09,-97
62.16,-99
62.27,-100
62.36,-101
62.42,-102
62.52,-105
62.58,-107
62.63,-107
62.69,-108
62.74,-108
62.84,-109
62.94,-112
63,-114
63.11,-116
63.2,-116
63.27,-116
63.36,-118
63.42,-120
63.53,-123
63.63,-124
63.69,-124
63.74,-125
63.84,-129
63.95,-131
64.05,-132
64.11,-132
64.2,-134
64.27,-136
64.36,-139
64.42,-139
64.53,-140
64.63,-140
64.69,-142
64.78,-146
64.84,-147
64.95,-147
65.05,-148
65.11,-150
65.2,-152
65.27,-154
65.38,-155
65.47,-155
65.53,-157
65.63,-161
65.69,-162
65.8,-163
65.89,-163
65.95,-164
66.05,-167
66.11,-169
66.22,-171
66.34,-171
66.45,-174
66.55,-177
66.61,-178
66.72,-179
66.81,-180
66.88,-180
66.97,-184
67.03,-186
67.14,-187
67.24,-187
67.3,-189
67.39,-192
67.45,-194
67.56,-194
67.66,-195
67.72,-195
67.81,-199
67.88,-201
67.99,-202
68.08,-203
68.14,-203
68.24,-205
68.3,-207
68.39,-210
68.47,-210
68.58,-211
68.67,-214
68.74,-215
68.83,-217
68.89,-218
69,-218
69.09,-220
69.16,-222
69.25,-225
69.31,-225
69.42,-226
69.52,-227
69.58,-228
69.67,-232
69.74,-233
69.83,-233
69.89,-234
70,-236
70.09,-239
70.16,-240
70.25,-241
70.31,-241
70.42,-243
70.52,-247
70.58,-248
70.67,-249
70.74,-249
70.84,-250
70.94,-253
71,-255
71.09,-209
71.16,-67
71.27,-55
71.36,-66
71.42,-66
71.52,-73
71.58,-75
71.69,-78
71.78,-83
71.84,-86
71.94,-91
72,-92
72.09,-93
72.16,-94
72.27,-98
72.36,-103
72.42,-104
72.52,-105
72.58,-107
72.69,-108
72.78,-113
72.84,-115
72.94,-116
73,-116
73.11,-120
73.2,-124
73.27,-125
73.36,-126
73.42,-126
73.53,-128
73.63,-132
73.69,-134
73.78,-136
73.84,-136
73.95,-138
74.05,-140
74.11,-142
74.42,-146
74.53,-152
74.63,-153
74.69,-153
74.78,-154
74.84,-155
74.95,-159
75.05,-161
75.11,-162
75.2,-163
75.27,-163
75.38,-166
75.47,-169
75.53,-170
75.63,-171
75.7,-171
75.77,-173
75.88,-177
75.97,-179
76.03,-179
76.13,-180
76.19,-182
76.3,-184
76.39,-187
76.45,-187
76.55,-188
76.61,-189
76.72,-193
76.81,-195
76.88,-196
76.97,-196
77.03,-197
77.14,-200
77.24,-203
77.3,-204
77.39,-204
77.45,-205
77.56,-206
77.66,-210
77.72,-212
77.81,-212
77.88,-212
77.97,-215
78.03,-217
78.14,-220
78.24,-220
78.3,-220
78.39,-222
78.45,-224
78.56,-227
78.66,-228
78.72,-228
78.81,-229
78.88,-230
78.99,-234
79.08,-236
79.14,-236
79.24,-237
79.3,-238
79.41,-242
79.5,-243
79.56,-243
79.66,-243
79.72,-245
79.83,-248
79.92,-251
79.99,-251
80.08,-252
80.14,-252
80.25,-255
80.34,-56
80.41,-42
80.5,-53
80.56,-57
80.67,-64
80.77,-68
80.83,-71
80.92,-74
80.99,-76
81.09,-80
81.19,-86
81.25,-88
81.34,-90
81.41,-91
81.5,-92
81.56,-95
81.67,-99
81.77,-102
81.83,-102
81.92,-105
81.99,-107
82.09,-109
82.19,-112
82.25,-112
82.34,-114
82.41,-116
82.52,-121
82.61,-123
82.67,-123
82.77,-124
82.83,-125
82.94,-129
83.03,-132
83.09,-132
83.19,-133
83.25,-134
83.36,-136
83.45,-140
83.52,-141
83.61,-142
83.67,-142
83.78,-146
83.88,-149
83.94,-150
84.03,-150
84.09,-151
84.19,-154
84.25,-156
84.36,-159
84.45,-159
84.52,-160
84.61,-163
84.67,-163
84.78,-167
84.88,-168
84.94,-168
85.03,-170
85.09,-172
85.2,-175
85.3,-176
85.36,-176
85.45,-177
85.52,-178
85.63,-182
85.72,-184
85.78,-184
85.88,-186
85.94,-187
86.05,-190
86.14,-192
86.2,-193
86.3,-193
86.36,-195
86.45,-199
86.52,-200
86.63,-201
86.72,-201
86.78,-202
86.88,-206
86.94,-207
87.05,-209
87.14,-209
87.2,-211
87.3,-212
87.36,-214
87.47,-216
87.56,-217
87.63,-218
87.72,-221
87.78,-223
87.89,-225
87.99,-226
88.05,-226
88.14,-228
88.2,-229
88.31,-233
88.41,-234
88.47,-234
88.56,-235
88.63,-236
88.74,-240
88.83,-242
88.89,-242
88.99,-243
89.05,-245
89.16,-248
89.25,-250
89.31,-250
89.41,-250
89.47,-252
89.58,-256
89.67,-88
89.74,-52
89.83,-60
89.89,-64
90,-72
90.09,-80
90.16,-82
90.25,-85
90.31,-87
90.42,-92
90.52,-95
90.58,-97
90.67,-99
90.74,-100
90.84,-104
90.94,-109
91,-111
91.09,-112
91.16,-112
91.25,-114
91.31,-117
91.42,-121
91.52,-123
91.58,-123
91.67,-126
91.74,-128
91.84,-130
91.94,-133
92,-133
92.09,-135
92.16,-137
92.27,-141
92.36,-142
92.42,-142
92.52,-144
92.63,-147
92.69,-149
92.78,-152
92.84,-152
92.94,-154
93,-155
93.11,-157
93.2,-161
93.27,-161
93.36,-161
93.42,-162
93.52,-166
93.58,-168
93.69,-169
93.78,-170
93.84,-170
93.94,-173
94,-175
94.11,-178
94.2,-179
94.27,-179
94.36,-181
94.42,-183
94.53,-186
94.63,-188
94.69,-187
94.78,-190
94.84,-192
94.95,-195
95.05,-196
95.11,-196
95.2,-197
95.27,-199
95.38,-203
95.47,-204
95.53,-205
95.63,-206
95.69,-206
95.8,-210
95.89,-213
95.95,-213
96.05,-214
96.11,-215
96.22,-219
96.31,-220
96.38,-221
96.47,-221
96.53,-222
96.63,-226
96.69,-227
96.8,-229
96.89,-230
96.95,-230
97.05,-233
97.11,-234
97.22,-237
97.31,-238
97.38,-238
97.47,-241
97.53,-243
97.64,-245
97.74,-246
97.8,-246
97.89,-248
97.95,-250
98.06,-253
98.16,-253
98.22,-253
98.31,-254
98.38,-229
98.49,-63
98.58,-74
98.64,-77
98.74,-83
98.8,-86
98.91,-90
99,-95
99.06,-96
99.16,-99
99.22,-101
99.31,-106
99.38,-108
99.49,-110
99.58,-111
99.64,-112
99.74,-116
99.8,-119
99.91,-121
100,-122
100.06,-124
100.16,-128
100.22,-128
100.33,-131
100.42,-132
100.49,-133
100.58,-136
100.64,-138
100.75,-141
100.84,-141
100.91,-141
101,-144
101.06,-146
101.17,-150
101.27,-151
101.33,-152
101.42,-155
101.49,-155
101.59,-158
101.69,-160
101.75,-160
101.84,-161
101.91,-163
102,-167
102.06,-168
102.17,-168
102.27,-169
102.34,-171
102.41,-175
102.52,-176
102.61,-177
102.67,-177
102.77,-180
102.83,-182
102.94,-185
103.03,-186
103.09,-186
103.19,-187
103.25,-189
103.34,-192
103.41,-193
103.52,-194
103.61,-196
103.67,-198
103.77,-200
103.83,-201
103.94,-202
104.03,-203
104.09,-205
104.19,-209
104.25,-210
104.36,-211
104.45,-211
104.52,-212
104.61,-216
104.67,-218
104.78,-219
104.88,-220
104.94,-221
105.03,-224
105.09,-224
105.2,-227
105.3,-228
105.36,-228
105.45,-231
105.52,-233
105.63,-236
105.72,-236
105.78,-236
105.88,-238
105.94,-240
106.05,-243
106.14,-244
106.2,-245
106.3,-247
106.36,-247
106.45,-251
106.52,-252
106.63,-252
106.72,-254
106.78,-189
106.88,-50
106.94,-56
107.05,-61
107.14,-66
107.2,-70
107.3,-77
107.36,-80
107.47,-83
107.56,-86
107.63,-89
107.72,-92
107.78,-94
107.89,-97
107.99,-99
108.05,-101
108.14,-106
108.2,-108
108.31,-110
108.41,-111
108.47,-112
108.56,-116
108.63,-118
108.74,-121
108.83,-122
108.89,-123
108.99,-125
109.05,-127
109.14,-131
109.2,-132
109.31,-133
109.41,-136
109.47,-138
109.56,-141
109.63,-141
109.74,-142
109.83,-143
109.89,-146
109.99,-149
110.05,-150
110.16,-151
110.25,-152
110.31,-153
110.41,-157
110.47,-159
110.58,-160
110.67,-161
110.74,-163
110.83,-167
110.89,-167
111,-168
111.09,-169
111.16,-170
111.25,-174
111.31,-176
111.41,-177
111.47,-177
111.58,-178
111.67,-181
111.74,-183
111.83,-185
111.89,-186
112,-187
112.09,-190
112.16,-192
112.25,-194
112.31,-194
112.42,-194
112.52,-197
112.58,-200
112.67,-202
112.74,-203
112.84,-203
112.94,-205
113,-206
113.09,-210
113.16,-210
113.27,-211
113.36,-213
113.42,-215
113.52,-217
113.58,-218
113.69,-219
113.78,-220
113.84,-222
113.94,-226
114,-227
114.11,-227
114.2,-228
114.27,-229
114.36,-233
114.42,-234
114.53,-235
114.63,-236
114.69,-237
114.78,-239
114.84,-241
114.94,-243
115,-243
115.11,-245
115.2,-248
115.27,-250
115.36,-251
115.42,-251
115.53,-252
115.63,-255
115.69,-129
115.78,-51
115.84,-56
115.95,-62
116.05,-66
116.11,-70
116.2,-76
116.27,-78
116.38,-81
116.47,-86
116.53,-88
116.63,-93
116.69,-94
116.78,-95
116.84,-96
116.95,-100
117.05,-104
117.11,-106
117.2,-107
117.27,-108
117.38,-110
117.47,-114
117.53,-117
117.63,-118
117.69,-118
117.8,-121
117.89,-126
117.95,-127
118.05,-128
118.11,-128
118.22,-130
118.31,-134
118.38,-136
118.47,-138
118.53,-138
118.64,-140
118.74,-142
118.8,-144
118.89,-147
118.95,-147
119.05,-148
119.11,-150
119.22,-153
119.31,-155
119.38,-156
119.47,-156
119.53,-157
119.64,-161
119.74,-164
119.8,-165
119.89,-165
119.95,-165
120.06,-168
120.16,-172
120.22,-173
120.31,-173
120.38,-174
120.49,-177
120.58,-179
120.64,-180
120.74,-181
120.8,-182
120.91,-184
121,-188
121.06,-189
121.16,-190
121.22,-190
121.33,-191
121.42,-195
121.49,-197
121.58,-198
121.64,-199
121.75,-200
121.84,-204
121.91,-204
122,-206
122.06,-207
122.17,-208
122.27,-211
122.33,-213
122.42,-215
122.49,-215
122.58,-215
122.64,-216
122.75,-220
122.84,-223
122.91,-223
123,-224
123.06,-225
123.17,-229
123.27,-230
123.33,-231
123.42,-232
123.49,-232
123.59,-235
123.69,-239
123.75,-239
123.84,-239
123.91,-240
124.02,-242
124.11,-246
124.17,-247
124.27,-247
124.33,-248
124.42,-251
124.49,-251
124.59,-254
124.69,-254
124.75,-105
124.84,-54
124.91,-60
125.02,-69
125.11,-72
125.17,-74
125.27,-77
125.33,-80
125.44,-86
125.53,-90
125.59,-91
125.69,-94
125.75,-96
125.86,-99
125.95,-103
126.02,-104
126.11,-105
126.17,-107
126.28,-112
126.38,-115
126.44,-115
126.53,-116
126.59,-117
126.7,-121
126.8,-125
126.86,-126
126.95,-127
127.02,-128
127.13,-130
127.22,-134
127.28,-136
127.38,-137
127.44,-137
127.53,-140
127.59,-143
127.7,-145
127.81,-146
127.91,-147
128.02,-150
128.13,-154
128.22,-155
128.28,-155
128.33,-156
128.44,-158
128.49,-159
128.55,-161
128.64,-163
128.7,-163
128.75,-164
128.8,-165
128.86,-167
128.97,-171
129.02,-171
129.09,-171
129.2,-173
129.25,-174
129.3,-176
129.36,-176
129.47,-179
129.52,-180
129.63,-180
129.72,-183
129.78,-184
129.83,-186
129.89,-187
129.94,-188
129.99,-188
130.05,-188
130.14,-189
130.2,-191
130.25,-193
130.31,-195
130.36,-196
130.47,-196
130.52,-196
130.63,-198
130.74,-202
130.83,-204
130.89,-204
130.94,-204
130.99,-205
131.05,-206
131.14,-210
131.2,-211
131.25,-212
131.31,-212
131.36,-212
131.47,-213
131.52,-215
131.63,-219
131.74,-220
131.83,-221
131.89,-222
131.94,-222
131.99,-224
132.05,-225
132.16,-228
132.25,-228
132.31,-229
132.36,-230
132.47,-234
132.52,-235
132.58,-235
132.67,-236
132.74,-236
132.83,-239
132.89,-240
132.94,-242
133,-243
133.05,-244
133.16,-244
133.25,-245
133.31,-247
133.36,-249
133.42,-250
133.47,-251
133.52,-252
133.58,-252
133.67,-253
133.74,-215
133.84,-49
133.94,-56
134,-60
134.05,-63
134.16,-69
134.27,-76
134.36,-81
134.42,-82
134.47,-84
134.52,-84
134.58,-85
134.67,-90
134.74,-93
134.84,-96
134.94,-98
135,-99
135.05,-102
135.16,-104
135.27,-108
135.36,-109
135.42,-110
135.47,-112
135.52,-114
135.58,-116
135.69,-119
135.74,-119
135.84,-120
135.94,-123
136,-125
136.05,-128
136.11,-129
136.2,-130
136.27,-131
136.36,-134
136.42,-136
136.47,-136
136.53,-138
136.58,-139
136.69,-140
136.74,-141
136.84,-144
136.95,-148
137,-149
137.05,-149
137.11,-149
137.2,-150
137.27,-152
137.38,-155
137.47,-157
137.53,-158
137.58,-158
137.69,-161
137.74,-163
137.8,-163
137.89,-166
137.95,-166
138,-166
138.05,-167
138.11,-168
138.2,-172
138.27,-174
138.38,-175
138.47,-175
138.53,-176
138.58,-177
138.69,-181
138.74,-182
138.8,-183
138.89,-183
138.95,-184
139,-185
139.05,-185
139.11,-188
139.22,-190
139.27,-191
139.38,-191
139.47,-194
139.53,-196
139.58,-197
139.64,-198
139.69,-198
139.74,-199
139.8,-199
139.89,-201
139.95,-203
140,-204
140.06,-206
140.11,-206
140.22,-207
140.27,-208
140.38,-209
140.47,-213
140.53,-214
140.58,-214
140.64,-215
140.69,-214
140.74,-216
140.8,-217
140.89,-221
140.95,-222
141,-222
141.06,-222
141.11,-223
141.22,-225
141.27,-226
141.38,-230
141.49,-230
141.58,-231
141.64,-231
141.69,-233
141.74,-235
141.8,-237
141.91,-239
142,-239
142.06,-240
142.11,-242
142.22,-245
142.27,-246
142.33,-246
142.42,-247
142.49,-247
142.58,-250
142.64,-252
142.69,-254
142.75,-255
142.8,-255
142.91,-68
143,-56
143.06,-63
143.11,-69
143.17,-73
143.22,-76
143.27,-78
143.33,-80
143.42,-85
143.49,-88
143.59,-91
143.69,-95
143.75,-96
143.8,-97
143.91,-101
144,-106
144.06,-108
144.11,-108
144.17,-109
144.22,-109
144.27,-110
144.33,-112
144.42,-117
144.49,-119
144.59,-120
144.69,-122
144.75,-124
144.8,-126
144.91,-128
145.02,-130
145.11,-131
145.17,-133
145.22,-135
145.27,-137
145.33,-139
145.44,-140
145.49,-141
145.59,-142
145.75,-148
145.8,-149
145.86,-150
145.95,-150
146.02,-152
146.11,-155
146.17,-155
146.22,-157
146.28,-158
146.33,-159
146.44,-160
146.49,-161
146.59,-166
146.69,-168
146.75,-168
146.8,-168
146.86,-168
146.95,-171
147.02,-173
147.11,-176
147.17,-176
147.22,-177
147.28,-177
147.33,-178
147.44,-182
147.49,-182
147.59,-185
147.7,-185
147.75,-186
147.8,-187
147.86,-189
147.95,-193
148.02,-194
148.13,-194
148.22,-195
148.28,-197
148.33,-198
148.44,-202
148.49,-202
148.55,-202
148.64,-204
148.7,-206
148.75,-206
148.8,-208
148.86,-209
148.97,-210
149.02,-211
149.13,-213
149.22,-216
149.28,-218
149.33,-218
149.39,-218
149.44,-218
149.49,-219
149.55,-220
149.64,-223
149.7,-225
149.75,-226
149.81,-227
149.86,-226
149.97,-228
150.02,-230
150.13,-232
150.24,-234
150.33,-235
150.39,-236
150.44,-237
150.49,-239
150.55,-241
150.64,-243
150.7,-243
150.75,-242
150.81,-243
150.86,-244
150.97,-248
151.02,-250
151.13,-251
151.24,-251
151.33,-254
151.39,-254
151.44,-232
151.49,-83
151.55,-48
151.66,-59
151.75,-67
151.81,-71
151.86,-74
151.97,-78
152.02,-78
152.08,-80
152.17,-84
152.24,-87
152.33,-92
152.39,-93
152.44,-95
152.5,-95
152.55,-97
152.66,-99
152.75,-104
152.81,-105
152.86,-106
152.92,-107
152.97,-108
153.02,-110
153.08,-112
153.17,-116
153.24,-117
153.33,-117
153.39,-118
153.44,-119
153.5,-121
153.55,-123
153.66,-127
153.77,-128
153.86,-130
153.92,-132
153.97,-132
154.02,-134
154.08,-136
154.17,-138
154.24,-138
154.34,-141
154.44,-145
154.52,-146
154.58,-147
154.69,-148
154.74,-149
154.84,-152
154.94,-155
155,-155
155.05,-156
155.11,-156
155.2,-158
155.27,-160
155.36,-164
155.42,-164
155.47,-164
155.52,-165
155.58,-165
155.69,-168
155.74,-170
155.84,-173
155.94,-173
156,-174
156.05,-175
156.11,-177
156.2,-179
156.27,-180
156.36,-181
156.42,-182
156.47,-183
156.53,-184
156.58,-187
156.69,-189
156.74,-189
156.84,-190
156.95,-192
157,-194
157.05,-196
157.11,-197
157.2,-198
157.27,-198
157.38,-201
157.47,-205
157.53,-205
157.58,-206
157.69,-206
157.74,-207
157.8,-208
157.89,-212
157.95,-213
158,-214
158.05,-214
158.11,-214
158.2,-215
158.27,-217
158.38,-221
158.47,-222
158.53,-222
158.58,-223
158.69,-226
158.74,-228
158.8,-228
158.89,-229
158.95,-230
159,-230
159.05,-231
159.11,-233
159.22,-236
159.27,-237
159.38,-238
159.47,-238
159.53,-240
159.58,-242
159.64,-243
159.69,-245
159.74,-245
159.8,-245
159.89,-246
159.95,-248
160,-250
160.06,-252
160.11,-252
160.22,-253
160.27,-253
160.38,-255
160.49,-60
160.58,-72
160.64,-76
160.69,-78
160.74,-78
160.8,-82
160.91,-89
161,-94
161.06,-95
161.11,-96
161.22,-100
161.27,-103
161.38,-108
161.49,-109
161.58,-110
161.64,-112
161.69,-114
161.74,-117
161.8,-119
161.91,-121
162,-123
162.06,-123
162.11,-124
162.22,-129
162.27,-131
162.33,-131
162.42,-132
162.49,-133
162.58,-138
162.64,-140
162.69,-140
162.75,-141
162.8,-141
162.91,-142
163,-146
163.06,-148
163.11,-150
163.17,-150
163.22,-151
163.27,-151
163.33,-151
163.42,-154
163.49,-156
163.59,-159
163.69,-159
163.75,-160
163.8,-162
163.91,-166
164.02,-167
164.11,-168
164.17,-169
164.22,-170
164.3,-171
164.41,-175
164.52,-177
164.61,-178
164.67,-179
164.72,-181
164.77,-183
164.83,-184
164.94,-185
164.99,-185
165.09,-186
165.19,-190
165.25,-192
165.3,-193
165.36,-193
165.45,-194
165.52,-195
165.61,-198
165.67,-200
165.72,-201
165.77,-201
165.83,-201
165.94,-203
165.99,-205
166.09,-208
166.19,-210
166.25,-210
166.3,-210
166.36,-210
166.45,-214
166.52,-216
166.61,-218
166.67,-218
166.72,-218
166.78,-219
166.83,-221
166.94,-223
166.99,-224
167.09,-225
167.2,-226
167.25,-228
167.3,-230
167.36,-232
167.45,-234
167.52,-233
167.63,-234
167.72,-236
167.78,-238
167.83,-240
167.94,-241
167.99,-241
168.05,-241
168.14,-245
168.2,-245
168.25,-247
168.3,-248
168.36,-249
168.47,-249
168.52,-250
168.63,-253
168.72,-254
168.78,-108
168.83,-108
168.94,-58
168.99,-64
169.05,-69
169.14,-76
169.2,-78
169.25,-80
169.3,-82
169.36,-84
169.47,-90
169.52,-90
169.63,-94
169.72,-96
169.78,-97
169.83,-99
169.89,-102
169.94,-105
169.99,-106
170.05,-107
170.14,-108
170.2,-109
170.25,-110
170.31,-112
170.36,-115
170.47,-118
170.52,-119
170.63,-120
170.74,-124
170.83,-126
170.89,-128
170.94,-128
170.99,-129
171.05,-129
171.16,-133
171.25,-137
171.31,-138
171.36,-138
171.47,-139
171.52,-140
171.58,-141
171.74,-147
171.83,-148
171.89,-148
171.94,-150
172,-151
172.05,-153
172.16,-155
172.25,-157
172.31,-157
172.36,-158
172.42,-159
172.47,-161
172.52,-163
172.58,-165
172.67,-166
172.74,-166
172.83,-167
172.89,-169
172.97,-171
173.02,-174
173.08,-174
173.17,-174
173.24,-175
173.34,-178
173.44,-182
173.5,-183
173.55,-183
173.66,-184
173.77,-186
173.86,-190
173.92,-191
173.97,-191
174.02,-191
174.08,-192
174.17,-195
174.24,-197
174.34,-199
174.44,-199
174.5,-199
174.55,-201
174.66,-204
174.77,-207
174.86,-207
174.92,-208
174.97,-209
175.02,-209
175.08,-211
175.19,-214
175.24,-215
175.34,-216
175.44,-218
175.5,-220
175.55,-222
175.61,-223
175.7,-223
175.77,-223
175.86,-225
175.92,-227
175.97,-229
176.03,-231
176.08,-231
176.19,-231
176.24,-232
176.34,-234
176.44,-237
176.5,-239
176.55,-239
176.61,-239
176.7,-241
176.77,-243
176.86,-246
176.92,-247
176.97,-247
177.03,-247
177.08,-247
177.19,-249
177.24,-251
177.34,-254
177.45,-255
177.5,-126
177.55,-47
177.66,-54
177.77,-66
177.88,-72
177.97,-76
178.03,-78
178.08,-82
178.19,-87
178.24,-87
178.34,-90
178.45,-93
178.5,-95
178.55,-98
178.61,-101
178.7,-103
178.77,-104
178.88,-105
178.97,-109
179.03,-111
179.08,-113
179.19,-114
179.24,-115
179.3,-116
179.39,-120
179.45,-123
179.5,-124
179.55,-124
179.61,-125
179.72,-126
179.77,-127
179.88,-132
179.97,-134
180.03,-135
180.08,-135
180.14,-137
180.19,-137
180.24,-138
180.3,-140
180.39,-144
180.45,-144
180.5,-144
180.56,-145
180.61,-146
180.72,-150
180.77,-152
180.88,-153
180.99,-153
181.08,-156
181.14,-158
181.19,-160
181.24,-162
181.3,-162
181.39,-162
181.45,-164
181.5,-164
181.56,-166
181.61,-168
181.72,-170
181.77,-171
181.84,-171
181.91,-172
182,-175
182.06,-177
182.11,-178
182.22,-179
182.27,-179
182.33,-181
182.42,-182
182.49,-184
182.58,-187
182.64,-187
182.69,-188
182.74,-188
182.8,-190
182.91,-193
183,-195
183.06,-196
183.11,-196
183.22,-197
183.27,-198
183.33,-201
183.42,-204
183.49,-204
183.58,-205
183.64,-206
183.69,-208
183.75,-208
183.8,-210
183.91,-212
184,-212
184.06,-213
184.11,-214
184.17,-216
184.22,-218
184.27,-220
184.33,-220
184.42,-220
184.49,-221
184.59,-223
184.69,-227
184.75,-228
184.8,-228
184.91,-229
185.02,-232
185.11,-234
185.17,-236
185.22,-236
185.27,-237
185.33,-237
185.44,-239
185.49,-241
185.59,-244
185.69,-244
185.75,-244
185.8,-244
185.86,-246
185.95,-250
186.02,-251
186.11,-252
186.17,-252
186.22,-253
186.27,-254
186.33,-254
186.44,-64
186.49,-69
186.59,-78
186.69,-84
186.75,-87
186.8,-90
186.86,-93
186.95,-96
187.02,-97
187.11,-100
187.17,-102
187.22,-104
187.28,-107
187.33,-109
187.44,-111
187.49,-112
187.59,-116
187.69,-118
187.75,-120
187.8,-122
187.86,-123
187.95,-124
188.02,-125
188.11,-129
188.17,-131
188.22,-132
188.28,-132
188.33,-133
188.44,-134
188.49,-135
188.59,-139
188.7,-142
188.75,-142
188.8,-143
188.86,-144
189.02,-148
189.13,-151
189.22,-152
189.28,-153
189.33,-154
189.44,-158
189.49,-159
189.55,-160
189.64,-161
189.7,-161
189.75,-162
189.8,-163
189.86,-165
189.95,-169
190.02,-169
190.13,-170
190.25,-171
190.3,-175
190.36,-176
190.47,-178
190.52,-178
190.63,-179
190.72,-182
190.78,-184
190.83,-186
190.89,-186
190.94,-187
190.99,-187
191.05,-188
191.14,-191
191.2,-191
191.25,-193
191.3,-195
191.36,-195
191.47,-196
191.52,-197
191.63,-201
191.72,-204
191.78,-204
191.83,-204
191.89,-204
191.94,-205
191.99,-206
192.05,-208
192.14,-211
192.2,-212
192.25,-212
192.31,-212
192.36,-213
192.47,-215
192.52,-217
192.63,-220
192.74,-221
192.83,-222
192.89,-224
192.94,-226
192.99,-228
193.05,-229
193.16,-229
193.25,-230
193.31,-231
193.36,-233
193.47,-236
193.52,-238
193.58,-238
193.67,-239
193.74,-240
193.83,-242
193.89,-244
193.94,-245
194,-246
194.05,-246
194.16,-248
194.25,-251
194.31,-253
194.36,-254
194.47,-254
194.52,-255
194.58,-186
194.67,-52
194.74,-59
194.83,-67
194.89,-70
194.94,-72
195,-75
195.05,-78
195.16,-81
195.25,-87
195.31,-88
195.36,-89
195.42,-91
195.47,-92
195.52,-95
195.58,-98
195.67,-102
195.74,-102
195.84,-103
195.94,-107
196,-109
196.05,-112
196.16,-115
196.27,-116
196.36,-118
196.42,-119
196.47,-122
196.52,-124
196.58,-126
196.69,-127
196.74,-127
196.84,-131
196.94,-135
197,-135
197.05,-136
197.16,-137
197.27,-139
197.36,-143
197.42,-145
197.5,-146
197.55,-146
197.61,-147
197.7,-149
197.77,-152
197.86,-155
197.92,-155
197.97,-155
198.03,-156
198.08,-156
198.19,-159
198.24,-162
198.34,-164
198.44,-165
198.5,-166
198.55,-167
198.61,-169
198.74,-171
198.84,-173
198.95,-174
199,-174
199.05,-176
199.11,-178
199.2,-181
199.27,-182
199.38,-182
199.47,-185
199.53,-187
199.58,-189
199.69,-190
199.74,-190
199.84,-191
199.95,-194
200,-196
200.05,-198
200.11,-198
200.2,-199
200.27,-199
200.38,-202
200.47,-206
200.53,-207
200.58,-207
200.69,-208
200.74,-209
200.8,-211
200.89,-213
200.95,-214
201,-215
201.05,-215
201.11,-216
201.22,-218
201.27,-220
201.38,-223
201.47,-224
201.53,-224
201.58,-224
201.64,-225
201.69,-227
201.74,-229
201.8,-231
201.89,-232
201.95,-233
202,-233
202.06,-234
202.11,-235
202.22,-238
202.27,-239
202.38,-240
202.49,-241
202.58,-244
202.64,-247
202.69,-248
202.74,-249
202.8,-249
202.89,-249
202.95,-250
203,-251
203.06,-253
203.11,-255
203.22,-180
203.27,-57
203.38,-58
203.49,-63
203.58,-71
203.64,-74
203.69,-76
203.74,-78
203.8,-80
203.91,-86
203.99,-88
204.08,-92
204.14,-94
204.19,-94
204.24,-96
204.3,-98
204.41,-103
204.5,-105
204.56,-106
204.61,-106
204.72,-108
204.77,-110
204.83,-113
204.92,-116
204.99,-117
205.08,-119
205.14,-119
205.19,-120
205.25,-123
205.3,-125
205.41,-128
205.5,-129
205.56,-130
205.61,-131
205.67,-134
205.72,-136
205.77,-136
205.83,-137
205.92,-138
205.99,-139
206.09,-142
206.19,-146
206.25,-147
206.3,-147
206.41,-148
206.52,-150
206.61,-154
206.67,-156
206.72,-156
206.77,-157
206.83,-157
206.94,-160
206.99,-162
207.09,-164
207.19,-166
207.25,-166
207.3,-166
207.36,-168
207.45,-172
207.52,-173
207.61,-174
207.67,-174
207.72,-174
207.77,-175
207.83,-177
207.94,-180
207.99,-182
208.09,-183
208.19,-184
208.25,-186
208.3,-188
208.36,-188
208.45,-191
208.52,-191
208.61,-192
208.67,-194
208.72,-195
208.78,-198
208.83,-199
208.94,-200
208.99,-200
209.09,-201
209.2,-204
209.25,-206
209.3,-208
209.36,-208
209.45,-209
209.52,-210
209.63,-214
209.72,-215
209.78,-216
209.83,-216
209.94,-217
209.99,-219
210.05,-221
210.14,-224
210.2,-224
210.25,-225
210.3,-225
210.36,-225
210.45,-227
210.52,-230
210.63,-232
210.72,-233
210.78,-233
210.83,-234
210.94,-236
210.99,-238
211.05,-240
211.14,-241
211.2,-241
211.25,-242
211.3,-243
211.36,-245
211.47,-248
211.52,-249
211.63,-249
211.72,-251
211.78,-252
211.83,-255
211.89,-221
211.94,-78
211.99,-46
212.05,-53
212.14,-61
212.2,-65
212.25,-65
212.31,-70
212.36,-73
212.47,-77
212.52,-78
212.63,-83
212.74,-88
212.83,-91
212.89,-91
212.94,-93
212.99,-94
213.05,-95
213.16,-100
213.25,-104
213.31,-105
213.36,-105
213.47,-108
213.52,-108
213.63,-112
213.74,-114
213.83,-115
213.89,-116
213.94,-118
213.99,-120
214.05,-122
214.16,-123
214.25,-124
214.31,-124
214.36,-126
214.47,-130
214.52,-132
214.58,-132
214.67,-133
214.74,-134
214.83,-136
214.89,-138
214.94,-140
214.99,-141
215.05,-141
215.16,-142
215.25,-146
215.31,-148
215.36,-150
215.42,-150
215.47,-150
215.52,-150
215.58,-151
215.67,-153
215.74,-155
215.83,-158
215.89,-159
215.94,-159
216,-159
216.05,-160
216.16,-163
216.25,-166
216.31,-167
216.36,-168
216.42,-168
216.47,-169
216.52,-171
216.59,-173
216.66,-175
216.77,-177
216.86,-177
216.92,-178
216.97,-180
217.02,-182
217.08,-182
217.17,-185
217.24,-185
217.34,-186
217.44,-190
217.5,-192
217.55,-193
217.66,-194
217.77,-195
217.86,-198
217.92,-200
217.97,-202
218.02,-202
218.08,-203
218.19,-204
218.24,-205
218.34,-209
218.44,-211
218.5,-211
218.55,-211
218.61,-212
218.7,-214
218.77,-216
218.86,-219
218.92,-219
218.97,-220
219.02,-220
219.08,-220
219.19,-224
219.24,-226
219.34,-228
219.44,-228
219.5,-230
219.55,-231
219.61,-233
219.7,-235
219.77,-236
219.86,-237
219.92,-237
219.97,-238
220.03,-240
220.08,-242
220.19,-244
220.24,-244
220.34,-245
220.45,-248
220.5,-249
220.55,-251
220.61,-252
220.7,-253
220.77,-253
220.88,-77
221.03,-55
221.08,-59
221.19,-65
221.24,-67
221.3,-71
221.39,-77
221.45,-79
221.5,-81
221.55,-82
221.61,-82
221.72,-86
221.77,-89
221.88,-94
221.97,-96
222.03,-97
222.08,-98
222.14,-101
222.19,-103
222.24,-106
222.3,-106
222.39,-108
222.45,-108
222.5,-109
222.55,-111
222.61,-113
222.72,-118
222.77,-119
222.88,-120
222.97,-121
223.03,-123
223.08,-126
223.14,-128
223.19,-129
223.24,-130
223.3,-130
223.39,-132
223.45,-134
223.5,-137
223.56,-137
223.61,-138
223.72,-139
223.77,-140
223.88,-143
224,-147
224.06,-147
224.11,-148
224.22,-149
224.27,-150
224.38,-154
224.49,-156
224.58,-157
224.64,-157
224.69,-158
224.74,-160
224.8,-162
224.91,-165
225,-166
225.06,-166
225.11,-168
225.22,-170
225.27,-172
225.33,-173
225.42,-174
225.49,-175
225.58,-178
225.64,-179
225.69,-181
225.75,-182
225.8,-182
225.91,-183
226,-185
226.06,-187
226.11,-189
226.17,-190
226.22,-191
226.27,-191
226.33,-191
226.42,-194
226.49,-194
226.58,-198
226.64,-199
226.69,-199
226.75,-199
226.8,-200
226.91,-203
227,-206
227.06,-207
227.11,-207
227.17,-207
227.22,-207
227.27,-208
227.33,-210
227.42,-214
227.49,-214
227.59,-214
227.69,-217
227.75,-219
227.8,-219
227.91,-222
228.02,-223
228.11,-225
228.17,-227
228.22,-228
228.27,-230
228.33,-231
228.44,-231
228.49,-231
228.59,-233
228.69,-237
228.75,-238
228.8,-239
228.86,-239
228.95,-240
229.02,-242
229.11,-244
229.17,-245
229.22,-246
229.28,-246
229.33,-246
229.44,-249
229.49,-251
229.59,-254
229.69,-254
229.75,-254
229.8,-254
229.86,-115
229.95,-50
230.02,-56
230.11,-63
230.17,-66
230.22,-68
230.28,-71
230.33,-75
230.44,-78
230.49,-80
230.59,-83
230.7,-86
230.75,-89
230.8,-91
230.86,-94
230.95,-96
231.02,-96
231.13,-98
231.22,-103
231.28,-105
231.33,-107
231.44,-108
231.49,-109
231.55,-110
231.64,-112
231.7,-115
231.75,-116
231.8,-117
231.86,-118
231.97,-119
232.02,-121
232.13,-125
232.22,-126
232.28,-127
232.33,-127
232.39,-127
232.44,-128
232.49,-130
232.55,-133
232.64,-135
232.7,-136
232.75,-136
232.81,-137
232.86,-139
232.97,-141
233.02,-143
233.24,-146
233.33,-149
233.39,-151
233.44,-153
233.49,-154
233.55,-154
233.64,-155
233.7,-156
233.75,-157
233.81,-160
233.86,-161
233.97,-163
234.02,-163
234.13,-165
234.24,-169
234.36,-171
234.44,-172
234.49,-172
234.55,-173
234.66,-177
234.75,-180
234.81,-180
234.86,-180
234.97,-181
235.02,-182
235.08,-184
235.17,-188
235.24,-189
235.33,-189
235.39,-190
235.44,-192
235.5,-194
235.55,-194
235.66,-197
235.75,-197
235.81,-198
235.86,-199
235.92,-201
236,-203
236.05,-204
236.16,-205
236.25,-207
236.31,-208
236.36,-210
236.42,-212
236.47,-213
236.52,-213
236.58,-214
236.67,-214
236.74,-215
236.83,-219
236.89,-221
236.94,-221
237,-222
237.05,-222
237.16,-223
237.25,-227
237.31,-228
237.36,-229
237.42,-230
237.47,-230
237.52,-230
237.58,-232
237.67,-236
237.74,-237
237.84,-237
237.94,-238
238,-239
238.05,-240
238.16,-244
238.27,-245
238.36,-246
238.42,-248
238.47,-248
238.52,-249
238.58,-251
238.69,-253
238.74,-253
238.84,-244
238.94,-49
239,-58
239.05,-63
239.16,-66
239.27,-71
239.36,-78
239.42,-81
239.47,-84
239.52,-86
239.58,-87
239.69,-90
239.74,-93
239.84,-95
239.94,-99
240,-100
240.05,-101
240.11,-102
240.2,-107
240.27,-109
240.36,-112
240.42,-112
240.47,-112
240.53,-113
240.58,-114
240.69,-119
240.74,-121
240.84,-122
240.95,-124
241,-126
241.05,-126
241.11,-128
241.2,-132
241.27,-132
241.38,-133
241.47,-136
241.53,-138
241.58,-140
241.69,-141
241.74,-141
241.8,-142
241.89,-144
241.95,-146
242,-149
242.05,-150
242.11,-151
242.22,-151
242.27,-153
242.38,-154
242.47,-158
242.53,-159
242.58,-159
242.64,-159
242.69,-160
242.74,-162
242.8,-164
242.89,-167
242.95,-167
243,-167
243.06,-168
243.11,-168
243.24,-171
243.3,-175
243.39,-176
243.45,-176
243.5,-176
243.56,-177
243.61,-178
243.72,-182
243.77,-183
243.88,-184
243.99,-184
244.08,-188
244.14,-190
244.19,-192
244.24,-193
244.3,-193
244.41,-194
244.5,-197
244.56,-199
244.61,-199
244.72,-200
244.77,-200
244.83,-200
244.92,-204
244.99,-205
245.08,-208
245.14,-208
245.19,-208
245.25,-209
245.3,-209
245.41,-212
245.5,-215
245.56,-215
245.61,-215
245.72,-217
245.77,-219
245.83,-221
245.92,-223
245.99,-223
246.08,-224
246.14,-225
246.19,-226
246.25,-228
246.3,-230
246.41,-231
246.5,-232
246.56,-232
246.61,-233
246.67,-235
246.72,-237
246.77,-238
246.83,-239
246.92,-239
246.99,-240
247.09,-244
247.19,-245
247.25,-246
247.3,-247
247.41,-247
247.52,-250
247.61,-254
247.67,-254
247.72,-254
247.77,-247
247.83,-98
247.94,-46
247.99,-55
248.09,-65
248.19,-70
248.25,-72
248.3,-75
248.36,-78
248.45,-84
248.52,-84
248.61,-87
248.67,-88
248.72,-90
248.78,-93
248.83,-95
248.94,-99
248.99,-100
249.09,-102
249.19,-104
249.25,-106
249.3,-109
249.36,-111
249.45,-112
249.52,-113
249.61,-116
249.67,-118
249.72,-120
249.78,-121
249.83,-121
249.94,-122
249.99,-122
250.05,-124
250.14,-128
250.2,-130
250.25,-130
250.3,-131
250.36,-131
250.45,-132
250.52,-134
250.63,-138
250.72,-140
250.78,-140
250.83,-141
250.94,-144
250.99,-146
251.05,-147
251.14,-148
251.2,-148
251.25,-149
251.3,-150
251.36,-151
251.47,-156
251.52,-157
251.63,-157
251.72,-158
251.78,-159
251.83,-161
251.89,-163
251.94,-165
251.99,-165
252.05,-165
252.14,-167
252.2,-168
252.25,-171
252.33,-172
252.39,-173
252.44,-174
252.49,-174
252.55,-175
252.64,-178
252.7,-178
252.75,-180
252.81,-182
252.86,-182
252.97,-183
253.02,-184
253.13,-188
253.24,-191
253.33,-191
253.39,-191
253.44,-191
253.49,-193
253.55,-195
253.66,-197
253.75,-198
253.81,-198
253.86,-200
253.97,-204
254.02,-204
254.08,-206
254.17,-207
254.24,-207
254.33,-210
254.39,-212
254.44,-214
254.5,-214
254.55,-215
254.66,-215
254.75,-217
254.81,-218
254.86,-220
254.92,-222
254.97,-223
255.02,-223
255.08,-223
255.17,-225
255.24,-227
255.33,-229
255.39,-231
255.44,-231
255.5,-231
255.55,-232
255.66,-235
255.75,-238
255.81,-239
255.86,-239
255.92,-239
255.97,-239
256.08,-241
256.13,-242
256.24,-245
256.34,-246
256.39,-246
256.44,-248
256.5,-249
256.55,-251
256.66,-253
256.77,-85
256.86,-70
256.92,-75
256.97,-80
257.08,-87
257.13,-89
257.19,-90
257.24,-90
257.34,-95
257.39,-98
257.44,-101
257.5,-103
257.55,-105
257.66,-107
257.77,-110
257.86,-115
257.92,-115
257.97,-116
258.08,-118
258.13,-119
258.19,-120
258.24,-123
258.34,-127
258.39,-128
258.44,-129
258.5,-129
258.55,-129
258.61,-130
258.66,-132
258.77,-136
258.86,-138
258.92,-139
258.97,-139
259.03,-141
259.08,-143
259.13,-145
259.24,-147
259.34,-148
259.39,-149
259.45,-150
259.5,-152
259.55,-153
259.61,-156
259.66,-156
259.77,-157
259.88,-158
259.97,-162
260.03,-163
260.08,-165
260.13,-166
260.19,-166
260.24,-167
260.34,-169
260.39,-172
260.45,-173
260.5,-173
260.55,-175
260.61,-175
260.66,-175
260.77,-177
260.88,-181
260.97,-184
261.03,-184
261.08,-184
261.13,-184
261.19,-186
261.24,-187
261.3,-190
261.39,-193
261.45,-193
261.5,-193
261.55,-194
261.61,-195
261.66,-197
261.72,-199
261.81,-201
261.88,-201
261.97,-202
262.03,-203
262.08,-205
262.14,-207
262.19,-209
262.24,-210
262.3,-210
262.39,-211
262.45,-211
262.5,-213
262.55,-215
262.61,-217
262.66,-218
262.72,-219
262.81,-220
262.88,-220
262.97,-224
263.03,-226
263.08,-226
263.14,-227
263.19,-227
263.24,-227
263.3,-228
263.39,-232
263.45,-233
263.5,-235
263.56,-235
263.61,-236
263.66,-236
263.72,-236
263.81,-239
263.88,-241
263.99,-244
264.08,-244
264.14,-244
264.19,-246
264.24,-248
264.3,-250
264.41,-251
264.5,-252
264.56,-252
264.61,-254
264.66,-255
264.72,-154
264.83,-69
264.88,-74
264.99,-80
265.08,-83
265.14,-87
265.19,-91
265.25,-94
265.3,-95
265.41,-98
265.5,-103
265.56,-106
265.61,-108
265.67,-108
265.72,-110
265.83,-112
265.88,-113
265.99,-118
266.09,-122
266.14,-123
266.19,-123
266.25,-124
266.3,-124
266.41,-128
266.52,-132
266.61,-134
266.67,-134
266.72,-136
266.83,-140
266.88,-142
266.99,-143
267.2,-147
267.25,-148
267.3,-151
267.41,-154
267.52,-154
267.61,-155
267.67,-157
267.72,-159
267.83,-163
267.88,-163
267.94,-163
267.99,-164
268.09,-168
268.14,-170
268.19,-171
268.27,-171
268.33,-172
268.38,-173
268.44,-174
268.49,-175
268.59,-177
268.64,-180
268.7,-181
268.75,-181
268.8,-182
268.86,-182
268.91,-183
269.02,-187
269.11,-190
269.17,-190
269.22,-190
269.28,-190
269.33,-191
269.38,-193
269.44,-195
269.49,-197
269.59,-198
269.64,-199
269.7,-199
269.75,-201
269.8,-202
269.86,-202
269.91,-205
270.02,-207
270.13,-208
270.22,-210
270.28,-212
270.33,-214
270.38,-215
270.44,-216
270.49,-216
270.55,-216
270.64,-218
270.7,-220
270.75,-222
270.8,-223
270.86,-224
270.91,-224
270.97,-225
271.06,-227
271.13,-229
271.22,-231
271.28,-232
271.33,-232
271.39,-232
271.44,-233
271.49,-234
271.55,-236
271.64,-240
271.7,-241
271.75,-241
271.81,-241
271.86,-241
271.91,-242
271.97,-244
272.06,-248
272.13,-248
272.22,-249
272.28,-250
272.33,-251
272.39,-253
272.44,-255
272.49,-255
272.55,-256
272.64,-120
272.7,-73
272.75,-79
272.81,-85
272.86,-90
272.91,-94
272.97,-97
273.06,-100
273.13,-100
273.24,-104
273.33,-109
273.39,-112
273.44,-113
273.49,-114
273.55,-115
273.66,-119
273.75,-121
273.81,-123
273.86,-125
273.91,-125
273.97,-126
274.08,-129
274.13,-131
274.24,-135
274.33,-136
274.39,-137
274.44,-137
274.5,-138
274.55,-140
274.66,-144
274.8,-146
274.86,-147
274.91,-148
274.97,-151
275.08,-153
275.13,-154
275.24,-155
275.33,-157
275.39,-159
275.44,-161
275.5,-163
275.55,-164
275.66,-164
275.75,-165
275.81,-167
275.86,-168
275.94,-171
276,-173
276.05,-173
276.16,-173
276.27,-177
276.36,-181
276.42,-182
276.47,-182
276.58,-183
276.63,-185
276.74,-187
276.84,-190
276.89,-191
276.94,-191
277,-191
277.05,-193
277.16,-197
277.27,-199
277.36,-200
277.42,-200
277.47,-201
277.58,-204
277.63,-207
277.69,-208
277.74,-209
277.84,-209
277.89,-210
277.94,-212
278,-212
278.05,-214
278.11,-216
278.16,-217
278.27,-217
278.36,-220
278.42,-222
278.47,-224
278.53,-225
278.58,-226
278.63,-226
278.69,-226
278.74,-226
278.84,-229
278.89,-231
278.95,-233
279,-234
279.05,-235
279.11,-235
279.16,-236
279.27,-237
279.36,-241
279.42,-243
279.47,-244
279.53,-244
279.58,-244
279.63,-245
279.69,-247
279.74,-249
279.84,-251
279.89,-251
279.95,-252
280,-252
280.05,-253
280.11,-254
280.16,-192
280.27,-58
280.38,-67
280.47,-74
280.53,-78
280.58,-78
280.63,-81
280.69,-85
280.74,-87
280.8,-88
280.89,-92
280.95,-94
281,-97
281.05,-100
281.11,-102
281.16,-103
281.22,-103
281.31,-105
281.38,-107
281.47,-112
281.53,-114
281.58,-115
281.64,-116
281.69,-117
281.74,-118
281.8,-120
281.89,-122
281.95,-125
282,-126
282.06,-127
282.11,-128
282.16,-128
282.22,-130
282.31,-135
282.38,-136
282.47,-138
282.53,-138
282.58,-138
282.64,-139
282.69,-141
282.74,-144
282.8,-146
282.91,-148
283,-149
283.06,-150
283.11,-152
283.16,-152
283.22,-154
283.31,-157
283.38,-158
283.49,-159
283.58,-163
283.64,-165
283.69,-166
283.74,-167
283.8,-167
283.91,-168
284.03,-171
284.08,-175
284.14,-175
284.19,-176
284.24,-176
284.3,-176
284.41,-179
284.5,-183
284.56,-184
284.61,-185
284.66,-185
284.72,-186
284.83,-187
284.88,-189
284.99,-193
285.08,-194
285.14,-194
285.19,-195
285.25,-196
285.3,-199
285.41,-200
285.5,-202
285.56,-202
285.61,-203
285.67,-204
285.72,-206
285.83,-210
285.88,-211
285.99,-211
286.09,-212
286.14,-214
286.19,-216
286.25,-217
286.3,-218
286.41,-219
286.52,-221
286.61,-225
286.67,-226
286.72,-226
286.83,-227
286.88,-228
286.94,-229
286.99,-230
287.09,-234
287.14,-235
287.19,-235
287.25,-236
287.3,-236
287.36,-236
287.41,-238
287.52,-241
287.61,-243
287.67,-243
287.72,-244
287.83,-246
287.88,-248
287.94,-250
287.99,-251
288.09,-251
288.14,-252
288.19,-252
288.25,-253
288.3,-255
288.36,-142
288.41,-74
288.52,-86
288.61,-92
288.67,-92
288.72,-95
288.78,-99
288.83,-102
288.88,-104
288.94,-106
288.99,-107
289.09,-111
289.14,-113
289.2,-116
289.25,-118
289.3,-118
289.36,-119
289.41,-120
289.52,-123
289.63,-128
289.72,-131
289.78,-132
289.83,-133
289.88,-133
289.94,-133
289.99,-135
290.05,-138
290.14,-142
290.2,-142
290.25,-143
290.3,-143
290.36,-145
290.44,-147
290.49,-149
290.55,-151
290.64,-153
290.7,-153
290.75,-154
290.8,-155
290.86,-158
290.91,-158
290.97,-160
291.06,-162
291.13,-163
291.22,-164
291.28,-166
291.33,-168
291.39,-170
291.44,-171
291.52,-171
291.63,-172
291.72,-176
291.78,-178
291.83,-179
291.89,-179
291.94,-180
291.99,-180
292.05,-181
292.14,-183
292.2,-185
292.25,-187
292.31,-188
292.36,-189
292.41,-189
292.47,-189
292.56,-191
292.63,-193
292.74,-196
292.83,-197
292.89,-198
292.94,-198
292.99,-201
293.05,-202
293.16,-205
293.25,-206
293.31,-206
293.36,-206
293.41,-208
293.47,-210
293.58,-213
293.63,-214
293.74,-214
293.83,-216
293.89,-217
293.94,-219
294,-221
294.05,-222
294.16,-222
294.25,-224
294.31,-227
294.36,-228
294.42,-230
294.47,-230
294.58,-231
294.63,-231
294.74,-233
294.84,-237
294.89,-238
294.94,-239
295,-239
295.05,-239
295.16,-241
295.25,-244
295.31,-246
295.36,-246
295.42,-247
295.47,-247
295.58,-250
295.63,-252
295.74,-254
295.84,-255
295.89,-255
295.94,-222
296,-80
296.05,-77
296.16,-88
296.27,-93
296.36,-98
296.42,-98
296.47,-101
296.58,-107
296.63,-109
296.69,-110
296.74,-111
296.84,-115
296.89,-117
296.95,-120
297,-122
297.05,-123
297.11,-123
297.16,-124
297.27,-127
297.36,-132
297.42,-133
297.47,-135
297.53,-135
297.58,-136
297.63,-137
297.69,-139
297.74,-139
297.84,-143
298.02,-146
298.08,-146
298.13,-148
298.19,-150
298.24,-152
298.34,-155
298.39,-155
298.45,-156
298.5,-156
298.55,-158
298.61,-160
298.66,-162
298.77,-164
298.88,-164
298.97,-166
299.03,-168
299.08,-170
299.13,-172
299.19,-173
299.24,-173
299.3,-173
299.39,-174
299.45,-176
299.5,-178
299.55,-180
299.61,-181
299.66,-181
299.77,-182
299.88,-185
299.97,-188
300.03,-189
300.08,-190
300.13,-190
300.19,-191
300.24,-191
300.3,-193
300.39,-197
300.45,-198
300.5,-199
300.55,-199
300.61,-199
300.66,-199
300.72,-200
300.81,-204
300.88,-206
300.97,-207
301.03,-207
301.08,-208
301.14,-209
301.19,-212
301.24,-213
301.3,-213
301.39,-215
301.45,-215
301.5,-215
301.56,-217
301.61,-219
301.66,-220
301.72,-222
301.81,-223
301.88,-223
301.99,-224
302.08,-227
302.14,-230
302.19,-231
302.24,-231
302.3,-231
302.39,-232
302.45,-235
302.5,-236
302.56,-238
302.61,-238
302.66,-238
302.72,-239
302.81,-240
302.88,-241
302.99,-244
303.08,-246
303.14,-246
303.19,-247
303.24,-247
303.3,-248
303.41,-252
303.5,-254
303.56,-251
303.61,-106
303.66,-60
303.72,-68
303.83,-78
303.88,-78
303.99,-84
304.08,-87
304.14,-90
304.19,-92
304.25,-96
304.3,-98
304.41,-101
304.5,-103
304.56,-103
304.61,-105
304.67,-108
304.72,-110
304.83,-113
304.88,-114
304.99,-116
305.09,-120
305.14,-123
305.19,-123
305.25,-124
305.3,-124
305.41,-126
305.5,-130
305.56,-132
305.61,-134
305.67,-134
305.72,-135
305.83,-135
305.88,-136
305.99,-141
306.09,-143
306.14,-144
306.19,-144
306.25,-145
306.33,-147
306.38,-149
306.44,-151
306.49,-153
306.59,-154
306.64,-154
306.69,-155
306.75,-157
306.8,-157
306.91,-161
307.02,-162
307.11,-163
307.17,-165
307.22,-167
307.33,-170
307.38,-171
307.45,-171
307.53,-171
307.59,-173
307.64,-175
307.69,-177
307.75,-178
307.8,-180
307.86,-180
307.91,-180
308.02,-182
308.11,-184
308.17,-186
308.22,-188
308.28,-188
308.33,-188
308.38,-188
308.44,-190
308.49,-192
308.59,-195
308.64,-196
308.7,-197
308.75,-197
308.8,-197
308.86,-198
308.91,-199
309.02,-204
309.13,-206
309.22,-206
309.28,-207
309.33,-209
309.38,-209
309.44,-211
309.49,-213
309.59,-214
309.64,-214
309.7,-215
309.75,-216
309.8,-218
309.86,-220
309.91,-221
309.97,-221
310.06,-222
310.13,-222
310.22,-225
310.28,-227
310.33,-228
310.38,-229
310.44,-229
310.49,-230
310.55,-230
310.64,-234
310.7,-234
310.75,-236
310.8,-237
310.86,-238
310.91,-238
310.97,-238
311.06,-241
311.13,-243
311.22,-245
311.28,-245
311.33,-245
311.39,-246
311.44,-246
311.49,-248
311.55,-250
311.64,-253
311.7,-253
311.75,-253
311.81,-254
311.86,-249
311.91,-103
311.97,-103
312.06,-76
312.13,-80
312.24,-85
312.33,-91
312.39,-95
312.44,-98
312.49,-100
312.55,-102
312.64,-103
312.7,-104
312.75,-107
312.81,-109
312.86,-112
312.91,-114
312.97,-115
313.06,-117
313.13,-118
313.24,-123
313.33,-125
313.39,-127
313.44,-127
313.49,-128
313.55,-129
313.66,-133
313.75,-136
313.81,-137
313.86,-138
313.91,-138
313.97,-138
314.08,-141
314.13,-143
314.24,-146
314.33,-147
314.39,-148
314.44,-149
314.5,-152
314.55,-153
314.66,-155
314.75,-156
314.81,-157
314.86,-158
314.91,-159
314.97,-162
315.08,-165
315.13,-165
315.24,-165
315.33,-167
315.39,-169
315.44,-171
315.5,-173
315.55,-173
315.66,-174
315.75,-177
315.81,-179
315.86,-179
315.92,-181
315.97,-182
316.08,-183
316.13,-183
316.24,-186
316.34,-190
316.39,-190
316.44,-191
316.5,-191
316.55,-191
316.66,-193
316.77,-197
316.86,-198
316.92,-199
316.97,-199
317.08,-202
317.13,-204
317.19,-204
317.24,-205
317.34,-206
317.39,-206
317.44,-207
317.5,-209
317.55,-211
317.61,-212
317.66,-213
317.77,-214
317.86,-214
317.92,-216
317.97,-218
318.08,-221
318.13,-221
318.19,-222
318.24,-222
318.34,-225
318.39,-227
318.44,-227
318.5,-228
318.55,-230
318.61,-229
318.66,-230
318.77,-232
318.86,-235
318.92,-237
318.97,-237
319.03,-238
319.08,-238
319.13,-238
319.19,-239
319.24,-240
319.34,-244
319.39,-245
319.45,-245
319.5,-246
319.55,-246
319.61,-247
319.66,-249
319.77,-251
319.88,-253
319.97,-253
320.03,-229
320.08,-86
320.13,-47
320.2,-55
320.27,-61
320.38,-66
320.47,-72
320.53,-75
320.58,-79
320.63,-81
320.69,-83
320.74,-83
320.8,-84
320.89,-87
320.95,-90
321,-93
321.05,-95
321.11,-97
321.16,-97
321.22,-98
321.31,-101
321.38,-101
321.47,-106
321.53,-108
321.58,-109
321.64,-110
321.69,-110
321.74,-111
321.8,-113
321.89,-117
321.95,-119
322,-119
322.06,-119
322.11,-120
322.16,-121
322.22,-122
322.31,-127
322.38,-128
322.47,-130
322.53,-130
322.58,-131
322.64,-133
322.69,-133
322.74,-135
322.8,-137
322.91,-139
322.99,-139
323.08,-141
323.14,-143
323.19,-146
323.24,-147
323.3,-148
323.41,-149
323.5,-151
323.56,-153
323.61,-155
323.66,-155
323.72,-157
323.81,-157
323.88,-158
323.99,-161
324.08,-165
324.14,-165
324.19,-165
324.25,-166
324.3,-166
324.41,-168
324.5,-172
324.56,-173
324.61,-173
324.66,-174
324.72,-174
324.83,-177
324.88,-179
324.99,-180
325.08,-181
325.14,-181
325.19,-182
325.25,-184
325.3,-186
325.41,-189
325.5,-190
325.56,-190
325.61,-190
325.67,-191
325.72,-193
325.83,-197
325.88,-198
325.99,-198
326.09,-200
326.14,-202
326.19,-204
326.25,-204
326.3,-205
326.41,-206
326.52,-207
326.61,-211
326.67,-212
326.72,-213
326.83,-214
326.88,-214
326.94,-214
326.99,-216
327.09,-220
327.14,-221
327.19,-221
327.25,-221
327.3,-222
327.36,-223
327.41,-224
327.52,-226
327.61,-229
327.67,-229
327.72,-229
327.83,-231
327.88,-233
327.94,-235
327.99,-236
328.09,-236
328.14,-237
328.19,-237
328.25,-238
328.3,-239
328.36,-241
328.41,-243
328.52,-244
328.61,-244
328.67,-246
328.72,-248
328.78,-249
328.83,-249
328.88,-251
328.94,-251
328.99,-251
329.09,-252
329.14,-254
329.2,-256
329.25,-180
329.3,-70
329.36,-74
329.41,-79
329.52,-83
329.63,-90
329.72,-97
329.78,-98
329.83,-100
329.88,-101
329.94,-103
329.99,-106
330.05,-109
330.14,-112
330.2,-113
330.25,-114
330.3,-115
330.36,-116
330.41,-118
330.52,-122
330.63,-125
330.72,-126
330.78,-126
330.83,-128
330.88,-129
330.94,-132
330.99,-134
331.05,-135
331.14,-135
331.2,-136
331.25,-138
331.3,-140
331.36,-142
331.41,-142
331.47,-143
331.56,-144
331.67,-146
331.72,-147
331.78,-149
331.83,-151
331.89,-152
331.94,-153
331.99,-153
332.05,-153
332.14,-155
332.2,-157
332.25,-159
332.31,-160
332.36,-161
332.41,-161
332.47,-161
332.56,-164
332.63,-166
332.74,-168
332.83,-169
332.89,-169
332.94,-170
332.99,-171
333.06,-173
333.13,-175
333.24,-177
333.33,-178
333.39,-178
333.44,-180
333.49,-182
333.55,-184
333.66,-185
333.75,-185
333.81,-186
333.86,-187
333.91,-189
333.97,-191
334.08,-193
334.13,-193
334.24,-195
334.33,-196
334.39,-198
334.44,-200
334.5,-202
334.55,-202
334.66,-202
334.75,-205
334.81,-208
334.86,-209
334.92,-210
334.97,-210
335.08,-211
335.13,-211
335.24,-215
335.34,-218
335.39,-219
335.44,-219
335.5,-219
335.55,-220
335.66,-222
335.75,-226
335.81,-227
335.86,-227
335.92,-227
335.97,-228
336.08,-231
336.13,-233
336.24,-235
336.34,-235
336.39,-235
336.44,-236
336.5,-238
336.55,-240
336.66,-243
336.77,-243
336.86,-245
336.92,-245
336.97,-247
337.08,-250
337.13,-251
337.19,-251
337.24,-251
337.34,-254
337.39,-253
337.44,-109
337.5,-67
337.55,-67
337.61,-73
337.66,-77
337.77,-84
337.86,-91
337.92,-94
337.97,-96
338.03,-97
338.08,-99
338.13,-101
338.19,-103
338.24,-103
338.34,-109
338.39,-110
338.44,-111
338.5,-112
338.55,-113
338.61,-115
338.66,-118
338.77,-122
338.86,-123
338.92,-123
338.97,-124
339.03,-125
339.08,-128
339.13,-130
339.19,-132
339.24,-133
339.34,-134
339.39,-135
339.45,-137
339.5,-137
339.55,-139
339.61,-141
339.66,-142
339.77,-144
339.88,-145
339.97,-149
340.03,-151
340.08,-152
340.13,-152
340.19,-153
340.24,-153
340.34,-155
340.39,-157
340.45,-159
340.5,-160
340.55,-161
340.61,-161
340.66,-162
340.77,-164
340.88,-166
340.97,-169
341.03,-170
341.08,-170
341.13,-170
341.19,-171
341.24,-174
341.3,-176
341.39,-178
341.45,-178
341.5,-178
341.55,-178
341.61,-179
341.66,-181
341.72,-183
341.81,-186
341.88,-186
341.97,-187
342.03,-188
342.08,-188
342.14,-190
342.19,-192
342.24,-193
342.3,-194
342.39,-195
342.45,-195
342.5,-197
342.56,-199
342.61,-201
342.66,-202
342.72,-202
342.81,-203
342.88,-203
342.99,-206
343.08,-210
343.14,-210
343.19,-210
343.24,-211
343.3,-211
343.41,-213
