时间,微压差
0.06,0
0.11,-1
0.17,-1
0.27,0
0.33,1
0.42,1
0.49,1
0.59,-1
0.64,-1
0.75,1
0.8,1
0.91,0
1,-1
1.06,-1
1.11,-1
1.17,0
1.22,1
1.27,1
1.33,1
1.42,-1
1.49,-1
1.59,0
1.69,1
1.75,1
1.8,0
1.91,-1
2.02,0
2.11,1
2.17,1
2.22,0
2.33,-1
2.44,0
2.49,0
2.59,1
2.64,1
2.75,-1
2.86,0
2.91,0
3.02,1
3.11,0
3.17,0
3.22,-1
3.28,-1
3.33,0
3.44,1
3.49,1
3.59,-1
3.64,-1
3.7,-1
3.8,0
3.86,1
3.91,1
4.02,0
4.13,-1
4.22,0
4.28,1
4.38,1
4.44,1
4.55,-1
4.64,0
4.7,1
4.8,1
4.86,0
4.97,0
5.06,-1
5.13,0
5.22,1
5.28,1
5.39,-1
5.44,-1
5.55,0
5.64,1
5.7,1
5.8,0
5.86,-1
5.97,0
6.06,1
6.13,1
6.22,0
6.28,0
6.39,-1
6.44,0
6.55,1
6.64,0
6.7,-1
6.81,-1
6.86,0
6.97,1
7.06,0
7.13,0
7.24,-1
7.33,1
7.39,1
7.44,1
7.55,0
7.66,-1
7.75,0
7.81,1
7.86,1
7.97,0
8.08,-1
8.13,0
8.24,0
8.33,1
8.39,1
8.5,-1
8.55,-1
8.66,1
8.75,1
8.81,0
8.91,0
8.97,-1
9.08,0
9.13,1
9.24,1
9.33,0
9.39,0
9.5,0
9.55,1
9.66,2
9.75,0
9.81,0
9.92,1
9.97,2
10.08,2
10.13,2
10.24,1
10.34,0
10.39,2
10.5,3
10.55,2
10.66,1
10.77,1
10.86,2
10.92,3
10.97,3
11.08,2
11.13,1
11.19,1
11.24,2
11.34,4
11.39,3
11.5,3
11.55,2
11.61,2
11.66,2
11.77,3
11.86,4
11.92,3
11.97,2
12.08,2
12.13,3
12.19,3
12.24,5
12.34,4
12.39,3
12.5,3
12.55,3
12.61,4
12.66,5
12.77,5
12.86,4
12.92,3
12.97,3
13.03,4
13.08,5
13.13,6
13.19,5
13.24,5
13.34,4
13.39,4
13.45,4
13.5,5
13.55,6
13.61,6
13.66,5
13.77,4
13.88,4
13.97,6
14.03,6
14.08,6
14.13,5
14.19,4
14.24,4
14.3,4
14.39,6
14.45,7
14.5,6
14.55,6
14.61,5
14.66,5
14.72,5
14.81,6
14.88,7
14.97,7
15.03,6
15.08,5
15.14,5
15.24,7
15.3,7
15.39,8
15.45,7
15.5,6
15.56,6
15.66,7
15.72,8
15.81,8
15.88,7
15.97,7
16.03,6
16.14,8
16.19,9
16.3,8
16.39,7
16.45,6
16.5,7
16.56,8
16.61,8
16.66,9
16.72,9
16.77,8
16.88,7
16.99,8
17.08,10
17.14,9
17.19,9
17.3,8
17.41,8
17.5,10
17.56,10
17.61,9
17.66,9
17.72,8
17.77,8
17.83,8
17.88,10
17.99,10
18.08,10
18.14,9
18.19,8
18.25,9
18.3,9
18.41,11
18.5,10
18.56,10
18.61,9
18.67,9
18.77,10
18.83,11
18.88,11
18.99,10
19.08,9
19.14,10
19.19,10
19.25,11
19.3,11
19.41,11
19.5,9
19.56,10
19.61,10
19.67,11
19.77,11
19.83,11
19.88,11
19.99,10
20.09,11
20.14,12
20.19,12
20.25,12
20.3,11
20.41,10
20.52,11
20.61,13
20.67,13
20.77,11
20.83,11
20.88,11
20.94,12
21.03,13
21.09,13
21.14,13
21.19,12
21.25,11
21.3,11
21.36,11
21.41,12
21.52,13
21.61,12
21.67,11
21.78,11
21.88,13
21.94,14
22.03,13
22.09,13
22.14,12
22.19,12
22.25,13
22.3,14
22.36,14
22.41,14
22.52,13
22.61,12
22.67,12
22.78,14
22.88,14
22.94,13
23.03,12
23.09,12
23.14,13
23.2,14
23.25,15
23.3,15
23.36,14
23.41,13
23.52,13
23.63,15
23.72,15
23.78,15
23.88,14
23.94,13
24.05,15
24.14,16
24.2,15
24.25,14
24.3,14
24.36,14
24.41,14
24.47,15
24.52,15
24.63,16
24.72,14
24.78,14
24.89,15
24.94,16
25.05,16
25.14,15
25.2,14
25.25,14
25.3,15
25.36,15
25.41,16
25.47,16
25.52,16
25.63,14
25.72,14
25.78,15
25.89,17
25.94,16
26.05,15
26.14,15
26.2,16
26.25,14
26.31,14
26.36,1
26.41,1
26.47,0
26.52,-1
26.58,-1
26.63,-1
26.74,1
26.83,0
26.89,0
26.94,-1
27.05,-1
27.16,1
27.25,1
27.31,0
27.36,-1
27.41,-1
27.47,-1
27.52,0
27.58,1
27.63,1
27.74,1
27.83,-1
27.89,-1
27.94,-1
28,0
28.05,1
28.16,1
28.25,-1
28.31,-1
28.36,-1
28.42,0
28.52,1
28.58,1
28.63,0
28.74,-1
28.83,0
28.89,1
28.94,1
29,1
29.05,1
29.16,-1
29.25,0
29.31,0
29.36,1
29.42,1
29.52,0
29.58,0
29.63,-1
29.74,0
29.84,1
29.89,1
29.94,0
30,-1
30.05,-1
30.16,0
30.27,1
30.36,1
30.42,0
30.52,-1
30.58,0
30.63,0
30.69,1
30.78,0
30.84,0
30.89,-1
30.94,-1
31,-1
31.05,0
31.11,1
31.16,1
31.27,0
31.36,-1
31.42,0
31.53,0
31.63,1
31.69,1
31.78,-1
31.84,-1
31.89,0
31.94,0
32,1
32.11,0
32.2,0
32.27,-1
32.36,0
32.42,1
32.53,1
32.63,-1
32.69,-1
32.74,-1
32.84,0
32.95,1
33.05,0
33.11,-1
33.2,0
33.27,1
33.38,1
33.47,0
33.53,-1
33.63,-1
33.69,0
33.74,1
33.8,1
33.89,0
33.95,-1
34.05,-1
34.11,-1
34.22,1
34.27,1
34.38,0
34.47,-1
34.53,0
34.64,1
34.74,1
34.8,0
34.89,-1
34.95,0
35.06,1
35.16,1
35.22,0
35.27,-1
35.38,-1
35.49,0
35.58,1
35.64,0
35.74,-1
35.8,-1
35.91,1
36,1
36.06,1
36.16,-1
36.22,-1
36.27,-1
36.38,1
36.49,1
36.58,-1
36.64,-1
36.74,0
36.8,0
36.91,1
37,0
37.06,-1
37.16,0
37.22,1
37.27,1
37.33,1
37.38,1
37.49,-1
37.58,0
37.64,0
37.74,1
37.8,1
37.91,-1
38,-1
38.06,0
38.16,1
38.22,1
38.27,0
38.33,-1
38.38,-1
38.49,0
38.58,1
38.64,1
38.75,0
38.84,-1
38.91,0
39,1
39.06,1
39.17,0
39.27,-1
39.33,-1
39.38,0
39.49,1
39.59,0
39.69,-1
39.75,-1
39.84,1
39.91,1
40.02,1
40.11,-1
40.17,-1
40.27,1
40.33,1
40.38,1
40.44,0
40.49,0
40.59,-1
40.69,0
40.75,1
40.86,1
40.95,-1
41.02,-1
41.11,0
41.17,1
41.28,1
41.38,0
41.44,-1
41.49,-1
41.59,0
41.7,1
41.8,-1
41.86,-1
41.95,-1
42.02,0
42.11,1
42.17,1
42.28,-1
42.38,-1
42.44,0
42.49,1
42.59,1
42.7,0
42.8,-1
42.86,0
42.95,1
43.02,1
43.13,-1
43.22,-1
43.28,-1
43.38,1
43.44,1
43.49,1
43.55,0
43.64,-1
43.7,0
43.8,0
43.86,1
43.97,1
44.02,0
44.13,-1
44.22,1
44.28,1
44.39,0
44.49,-1
44.55,-1
44.64,0
44.7,1
44.81,1
44.91,-1
44.97,-1
45.02,0
45.13,1
45.24,1
45.33,0
45.39,-1
45.49,0
45.55,1
45.64,1
45.7,0
45.81,-1
45.91,0
45.97,0
46.02,1
46.13,1
46.24,-1
46.33,0
46.39,0
46.5,1
46.59,0
46.66,-1
46.75,-1
46.81,0
46.91,1
46.97,1
47.02,0
47.08,0
47.13,-1
47.24,0
47.33,1
47.39,1
47.5,-1
47.59,-1
47.66,0
47.75,1
47.81,1
47.92,0
48.02,-1
48.08,0
48.13,0
48.24,1
48.33,0
48.39,0
48.5,-1
48.59,1
48.66,1
48.75,0
48.81,-1
48.92,-1
49.02,0
49.08,1
49.13,1
49.24,0
49.34,-1
49.44,1
49.5,1
49.59,0
49.66,0
49.77,-1
49.86,0
49.92,1
50.02,1
50.08,0
50.13,-1
50.19,-1
50.24,0
50.34,0
50.44,1
50.5,1
50.61,-1
50.7,0
50.77,0
50.86,1
50.92,1
51.03,-1
51.13,-1
51.19,0
51.24,1
51.34,1
51.45,-1
51.55,0
51.61,0
51.7,1
51.77,1
51.88,-1
51.97,-1
52.03,0
52.13,1
52.19,1
52.24,1
52.34,-1
52.45,-1
52.55,1
52.61,1
52.7,0
52.77,-1
52.88,-1
52.97,0
53.03,1
53.13,0
53.19,0
53.24,-1
53.3,-1
53.39,1
53.45,1
53.55,1
53.61,0
53.72,-1
53.77,-1
53.88,1
53.97,1
54.03,0
54.14,-1
54.24,0
54.3,1
54.39,1
54.45,0
54.56,-1
54.66,0
54.72,1
54.77,1
54.88,1
54.97,-1
55.03,-1
55.14,0
55.24,1
55.3,1
55.39,-1
55.45,-1
55.56,0
55.66,1
55.72,1
55.77,0
55.88,-1
55.99,0
56.08,1
56.14,1
56.24,0
56.3,-1
56.41,0
56.5,1
56.56,1
56.66,-1
56.72,-1
56.77,-1
56.83,-1
56.88,0
56.99,1
57.08,0
57.14,0
57.25,0
57.34,1
57.41,1
57.5,1
57.56,0
57.66,-1
57.72,0
57.77,1
57.83,1
57.88,1
57.99,-1
58.08,-1
58.14,-1
58.25,1
58.34,1
58.41,0
58.5,-1
58.56,0
58.67,1
58.77,1
58.83,1
58.88,0
58.99,-1
59.09,0
59.19,1
59.25,0
59.34,-1
59.41,-1
59.52,0
59.61,1
59.67,1
59.77,-1
59.83,-1
59.88,0
59.94,1
59.99,1
60.09,1
60.19,0
60.25,-1
60.36,0
60.45,1
60.52,1
60.61,-1
60.67,-1
60.78,-1
60.88,1
60.94,1
60.99,1
61.09,-1
61.2,0
61.3,1
61.36,1
61.45,0
61.52,0
61.63,-1
61.72,1
61.78,1
61.88,0
61.94,0
61.99,-1
62.05,-1
62.14,1
62.2,1
62.3,0
62.36,0
62.45,-1
62.52,0
62.63,1
62.72,1
62.78,0
62.88,-1
62.94,-1
62.99,0
63.05,1
63.14,1
63.2,0
63.3,-1
63.36,-1
63.47,0
63.52,1
63.63,0
63.72,-1
63.78,-1
63.89,0
63.99,1
64.05,1
64.14,-1
64.2,-1
64.31,1
64.41,1
64.47,0
64.56,0
64.63,-1
64.74,0
64.83,1
64.89,1
64.99,0
65.05,-1
65.16,0
65.25,1
65.31,1
65.41,0
65.47,-1
65.56,0
65.63,1
65.74,1
65.83,1
65.89,-1
65.99,-1
66.05,0
66.16,1
66.25,0
66.31,-1
66.41,-1
66.47,-1
66.58,1
66.67,0
66.74,0
66.83,-1
66.89,0
67,1
67.09,0
67.16,0
67.25,-1
67.31,0
67.42,1
67.52,1
67.58,0
67.67,-1
67.74,0
67.84,1
67.94,1
68,0
68.09,-1
68.16,-1
68.27,1
68.36,1
68.42,1
68.52,-1
68.58,-1
68.69,0
68.78,-1
68.84,-2
68.94,-5
69,-6
69.09,-6
69.16,-6
69.27,-7
69.36,-10
69.42,-12
69.53,-13
69.63,-14
69.69,-15
69.78,-18
69.84,-20
69.94,-24
70,-25
70.11,-29
70.2,-35
70.27,-38
70.36,-41
70.42,-42
70.53,-45
70.63,-50
70.69,-53
70.78,-57
70.84,-58
70.95,-60
71.05,-63
71.11,-66
71.2,-70
71.27,-71
71.38,-73
71.47,-78
71.53,-81
71.63,-84
71.69,-84
71.8,-86
71.89,-90
71.95,-92
72.05,-96
72.11,-98
72.22,-100
72.31,-101
72.38,-103
72.47,-108
72.53,-110
72.64,-111
72.74,-114
72.8,-117
72.89,-122
72.95,-122
73.05,-124
73.11,-124
73.22,-128
73.31,-133
73.38,-134
73.47,-136
73.53,-137
73.64,-139
73.74,-144
73.84,-147
73.95,-149
74.06,-151
74.16,-156
74.22,-158
74.31,-159
74.38,-160
74.49,-162
74.58,-167
74.64,-169
74.77,-172
74.88,-173
74.99,-178
75.08,-183
75.14,-184
75.24,-185
75.3,-186
75.41,-189
75.5,-194
75.56,-196
75.66,-198
75.72,-199
75.83,-203
75.92,-205
75.99,-208
76.08,-210
76.14,-211
76.25,-214
76.34,-219
76.41,-221
76.5,-222
76.56,-223
76.67,-225
76.77,-230
76.83,-232
76.92,-235
76.99,-235
77.08,-238
77.14,-241
77.25,-243
77.34,-217
77.41,-79
77.5,-83
77.56,-89
77.67,-98
77.77,-103
77.83,-103
77.92,-107
77.99,-110
78.09,-117
78.19,-122
78.25,-124
78.34,-127
78.41,-129
78.52,-132
78.61,-138
78.67,-140
78.77,-142
78.83,-144
78.94,-149
79.03,-154
79.09,-155
79.19,-156
79.25,-157
79.36,-162
79.45,-167
79.52,-169
79.61,-171
79.69,-172
79.75,-175
79.86,-180
79.95,-183
80.02,-184
80.11,-185
80.17,-187
80.28,-192
80.38,-196
80.44,-197
80.53,-199
80.59,-201
80.7,-207
80.8,-209
80.86,-210
80.95,-212
81.02,-214
81.13,-219
81.22,-223
81.28,-224
81.38,-225
81.44,-226
81.53,-231
81.59,-233
81.7,-237
81.8,-239
81.86,-240
81.95,-245
82.02,-245
82.13,-72
82.22,-85
82.28,-89
82.38,-97
82.44,-100
82.55,-107
82.64,-110
82.7,-110
82.8,-115
82.86,-119
82.97,-125
83.06,-128
83.13,-130
83.22,-135
83.28,-138
83.39,-140
83.49,-144
83.59,-146
83.7,-152
83.8,-157
83.86,-158
83.97,-160
84.06,-162
84.13,-165
84.22,-170
84.28,-172
84.39,-174
84.49,-177
84.55,-180
84.64,-183
84.7,-185
84.81,-188
84.91,-190
84.97,-193
85.06,-198
85.13,-200
85.24,-202
85.33,-203
85.39,-205
85.49,-210
85.55,-213
85.66,-215
85.75,-217
85.81,-219
85.91,-222
85.97,-224
86.08,-227
86.17,-229
86.24,-231
86.33,-236
86.39,-238
86.5,-241
86.59,-241
86.66,-243
86.75,-113
86.81,-85
86.91,-97
86.97,-100
87.08,-106
87.17,-113
87.24,-113
87.33,-120
87.39,-122
87.5,-125
87.59,-131
87.66,-134
87.75,-138
87.81,-140
87.92,-141
88.08,-149
88.17,-154
88.24,-155
88.34,-157
88.44,-162
88.5,-162
88.59,-167
88.66,-169
88.78,-171
88.84,-172
88.94,-177
89,-180
89.09,-184
89.16,-185
89.27,-187
89.36,-193
89.42,-195
89.52,-197
89.58,-198
89.69,-200
89.78,-205
89.84,-207
89.94,-211
90,-212
90.11,-213
90.2,-217
90.27,-220
90.36,-224
90.42,-225
90.53,-227
90.63,-231
90.69,-233
90.78,-236
90.84,-237
90.95,-239
91.05,-242
91.11,-241
91.2,-87
91.27,-93
91.38,-100
91.47,-103
91.53,-108
91.63,-115
91.69,-117
91.8,-121
91.89,-126
91.95,-129
92.05,-132
92.11,-134
92.2,-137
92.27,-139
92.38,-143
92.47,-149
92.53,-151
92.63,-153
92.69,-155
92.8,-157
92.89,-163
92.95,-165
93.05,-167
93.11,-168
93.22,-173
93.31,-178
93.38,-178
93.47,-181
93.53,-182
93.64,-185
93.74,-191
93.8,-193
93.89,-195
93.95,-196
94.06,-198
94.16,-203
94.22,-205
94.31,-208
94.38,-209
94.49,-212
94.58,-217
94.64,-217
94.74,-220
94.8,-221
94.91,-224
95,-229
95.06,-231
95.16,-234
95.22,-235
95.31,-236
95.38,-238
95.49,-243
95.58,-240
95.64,-97
95.74,-44
95.8,-51
95.91,-62
96,-65
96.06,-68
96.16,-73
96.22,-76
96.33,-83
96.42,-89
96.49,-90
96.58,-92
96.64,-94
96.75,-99
96.84,-105
96.91,-106
97,-109
97.06,-111
97.17,-116
97.27,-119
97.33,-121
97.42,-123
97.49,-125
97.59,-130
97.69,-135
97.75,-136
97.84,-139
97.91,-139
98.02,-143
98.11,-148
98.17,-150
98.27,-152
98.33,-153
98.44,-158
98.53,-161
98.59,-163
98.69,-165
98.75,-166
98.86,-170
98.95,-175
99.02,-176
99.11,-178
99.17,-180
99.27,-181
99.33,-184
99.44,-189
99.53,-191
99.59,-192
99.69,-196
99.75,-199
99.86,-201
99.95,-204
100.02,-205
100.11,-208
100.17,-210
100.28,-215
100.38,-217
100.44,-218
100.53,-219
100.59,-222
100.7,-227
100.8,-229
100.86,-230
100.95,-233
101.02,-235
101.13,-238
101.22,-241
101.28,-242
101.38,-244
101.44,-127
101.55,-79
101.64,-88
101.7,-91
101.8,-93
101.86,-97
101.97,-104
102.06,-110
102.13,-111
102.22,-115
102.28,-118
102.39,-124
102.49,-126
102.55,-128
102.64,-131
102.7,-133
102.8,-138
102.86,-141
102.97,-144
103.13,-146
103.22,-151
103.28,-154
103.39,-158
103.49,-160
103.55,-161
103.64,-167
103.7,-169
103.83,-171
103.89,-173
103.99,-176
104.05,-176
104.14,-182
104.2,-184
104.31,-185
104.41,-188
104.47,-191
104.56,-196
104.63,-197
104.74,-198
104.83,-201
104.89,-203
104.99,-208
105.05,-210
105.16,-211
105.25,-214
105.31,-217
105.41,-219
105.47,-222
105.58,-224
105.67,-226
105.74,-228
105.83,-233
105.89,-235
106,-236
106.09,-237
106.16,-239
106.25,-244
106.31,-246
106.42,-86
106.52,-92
106.58,-96
106.67,-101
106.74,-105
106.83,-111
106.89,-112
107,-117
107.09,-124
107.16,-127
107.25,-130
107.31,-130
107.42,-133
107.52,-139
107.58,-141
107.67,-144
107.74,-145
107.81,-147
107.92,-151
108.02,-156
108.08,-158
108.17,-159
108.24,-161
108.34,-163
108.44,-168
108.52,-171
108.59,-171
108.66,-173
108.77,-178
108.86,-183
108.92,-183
109.02,-185
109.08,-186
109.19,-190
109.28,-195
109.34,-197
109.44,-198
109.5,-199
109.61,-201
109.7,-206
109.77,-208
109.86,-210
109.92,-211
110.02,-215
110.08,-218
110.19,-220
110.28,-222
110.34,-223
110.44,-226
110.5,-229
110.61,-233
110.7,-235
110.77,-236
110.86,-237
110.92,-240
111.03,-244
111.22,-60
111.31,-73
111.42,-83
111.53,-89
111.63,-93
111.69,-96
111.78,-103
111.84,-103
111.95,-108
112.05,-111
112.11,-113
112.2,-119
112.27,-121
112.38,-125
112.47,-127
112.53,-128
112.63,-132
112.69,-135
112.8,-140
112.89,-142
112.95,-143
113.08,-148
113.19,-152
113.3,-154
113.39,-157
113.45,-157
113.55,-162
113.61,-164
113.72,-166
113.81,-168
113.88,-171
113.97,-176
114.03,-178
114.14,-179
114.24,-181
114.3,-182
114.39,-187
114.45,-190
114.56,-192
114.66,-194
114.72,-194
114.81,-199
114.88,-201
114.99,-204
115.08,-205
115.14,-207
115.24,-212
115.3,-214
115.41,-216
115.5,-217
115.56,-219
115.66,-223
115.72,-225
115.81,-228
115.88,-229
115.99,-231
116.08,-234
116.14,-236
116.24,-239
116.3,-240
116.41,-242
116.5,-149
116.56,-65
116.66,-72
116.72,-78
116.83,-84
116.92,-92
116.99,-95
117.08,-101
117.14,-103
117.25,-107
117.34,-109
117.41,-113
117.5,-118
117.56,-120
117.67,-122
117.77,-127
117.83,-129
117.92,-134
117.99,-134
118.09,-136
118.19,-140
118.25,-143
118.39,-147
118.45,-149
118.52,-151
118.61,-152
118.67,-155
118.77,-160
118.83,-161
118.92,-163
118.99,-165
119.09,-169
119.19,-174
119.25,-175
119.34,-175
119.41,-177
119.52,-181
119.61,-186
119.67,-187
119.77,-189
119.83,-190
119.94,-192
120.03,-197
120.09,-198
120.19,-200
120.25,-201
120.36,-206
120.45,-210
120.52,-211
120.61,-212
120.67,-213
120.78,-216
120.88,-221
120.94,-222
121.03,-223
121.09,-225
121.2,-226
121.3,-231
121.36,-233
121.45,-235
121.52,-236
121.63,-239
121.72,-244
121.78,-245
121.88,-221
121.94,-83
122.03,-87
122.09,-93
122.2,-101
122.3,-106
122.36,-108
122.45,-113
122.52,-113
122.63,-120
122.72,-124
122.78,-125
122.88,-128
122.94,-131
123.05,-137
123.14,-138
123.2,-139
123.3,-142
123.36,-144
123.47,-149
123.56,-152
123.63,-153
123.72,-156
123.78,-159
123.89,-161
123.99,-165
124.05,-166
124.14,-168
124.2,-170
124.31,-175
124.41,-178
124.47,-178
124.56,-180
124.63,-181
124.74,-186
124.83,-190
124.89,-191
124.99,-193
125.05,-195
125.14,-198
125.2,-200
125.31,-202
125.41,-204
125.47,-206
125.56,-211
125.63,-213
125.74,-214
125.83,-216
125.89,-217
125.99,-222
126.05,-224
126.16,-226
126.25,-228
126.31,-229
126.41,-232
126.47,-234
126.58,-237
126.67,-239
126.74,-240
126.83,-244
126.89,-246
127,-92
127.09,-99
127.16,-103
127.25,-111
127.31,-115
127.42,-121
127.52,-124
127.58,-126
127.67,-129
127.74,-133
127.83,-137
127.89,-139
128,-141
128.05,-144
128.16,-150
128.25,-153
128.31,-154
128.36,-154
128.42,-155
128.47,-157
128.52,-160
128.58,-163
128.67,-166
128.74,-167
128.84,-170
128.94,-174
129,-174
129.05,-177
129.16,-180
129.27,-182
129.36,-186
129.42,-189
129.47,-191
129.52,-192
129.58,-193
129.69,-194
129.74,-195
129.84,-200
129.94,-204
130,-205
130.05,-206
130.16,-208
130.27,-211
130.36,-216
130.42,-217
130.47,-218
130.53,-218
130.58,-220
130.69,-224
130.74,-226
130.84,-229
130.94,-230
131,-231
131.05,-233
131.11,-235
131.2,-239
131.27,-241
131.36,-242
131.42,-243
131.47,-245
131.53,-113
131.58,-113
131.69,-105
131.74,-110
131.84,-115
131.95,-121
132,-124
132.05,-127
132.11,-129
132.2,-131
132.27,-132
132.38,-136
132.47,-142
132.53,-144
132.58,-146
132.69,-148
132.74,-150
132.8,-152
132.89,-155
132.95,-158
133,-159
133.05,-160
133.11,-161
133.2,-165
133.27,-167
133.38,-172
133.47,-174
133.53,-174
133.58,-175
133.69,-180
133.74,-182
133.8,-185
133.89,-187
133.95,-188
134,-189
134.05,-191
134.11,-194
134.22,-196
134.27,-198
134.38,-200
134.47,-203
134.53,-205
134.58,-208
134.64,-210
134.69,-212
134.74,-212
134.8,-212
134.89,-214
134.95,-216
135,-218
135.06,-221
135.11,-223
135.22,-224
135.27,-226
135.38,-229
135.47,-232
135.53,-234
135.58,-235
135.64,-236
135.69,-236
135.74,-238
135.8,-240
135.89,-245
135.95,-245
136,-105
136.06,-64
136.11,-64
136.22,-76
136.27,-81
136.38,-90
136.49,-95
136.58,-99
136.64,-101
136.69,-105
136.74,-105
136.8,-108
136.91,-112
137,-115
137.06,-117
137.11,-120
137.22,-126
137.27,-127
137.33,-129
137.42,-129
137.49,-131
137.58,-136
137.64,-139
137.69,-141
137.75,-142
137.8,-143
137.91,-146
138,-151
138.06,-151
138.11,-153
138.22,-156
138.27,-157
138.33,-158
138.42,-163
138.49,-165
138.59,-168
138.69,-168
138.75,-170
138.8,-171
138.91,-176
139,-180
139.06,-181
139.11,-181
139.17,-183
139.22,-185
139.27,-188
139.33,-190
139.42,-191
139.49,-192
139.59,-194
139.69,-198
139.75,-201
139.8,-203
139.91,-205
140.02,-205
140.11,-209
140.17,-212
140.22,-213
140.27,-215
140.33,-216
140.44,-217
140.49,-219
140.59,-224
140.69,-226
140.75,-228
140.8,-228
140.86,-229
140.95,-232
141.02,-235
141.11,-238
141.17,-239
141.22,-240
141.28,-240
141.33,-240
141.44,-244
141.49,-246
141.59,-84
141.69,-94
141.75,-97
141.8,-101
141.86,-105
141.95,-109
142.02,-112
142.11,-115
142.17,-117
142.22,-120
142.28,-123
142.33,-126
142.44,-130
142.49,-131
142.59,-132
142.7,-137
142.75,-140
142.8,-142
142.86,-144
143,-146
143.06,-150
143.13,-152
143.22,-155
143.28,-157
143.33,-158
143.44,-160
143.49,-161
143.55,-164
143.64,-169
143.7,-170
143.75,-171
143.83,-172
143.94,-175
143.99,-178
144.05,-180
144.14,-183
144.2,-183
144.25,-184
144.3,-185
144.36,-186
144.47,-191
144.52,-193
144.63,-195
144.72,-197
144.78,-199
144.83,-199
144.89,-202
144.94,-204
144.99,-206
145.05,-207
145.14,-209
145.2,-210
145.25,-212
145.31,-215
145.36,-217
145.47,-219
145.52,-219
145.63,-221
145.72,-225
145.78,-228
145.83,-229
145.89,-230
145.94,-231
145.99,-232
146.05,-233
146.14,-235
146.2,-238
146.25,-240
146.31,-241
146.36,-242
146.47,-243
146.52,-236
146.63,-87
146.74,-98
146.83,-100
146.89,-103
146.94,-106
146.99,-109
147.05,-113
147.16,-118
147.25,-121
147.31,-123
147.36,-126
147.47,-129
147.52,-132
147.58,-134
147.67,-136
147.74,-138
147.83,-143
147.89,-145
147.97,-148
148.02,-150
148.08,-150
148.17,-153
148.24,-155
148.33,-160
148.39,-162
148.44,-162
148.5,-163
148.55,-164
148.66,-167
148.75,-172
148.81,-174
148.86,-175
148.92,-176
148.97,-177
149.02,-178
149.08,-178
149.17,-183
149.24,-185
149.34,-188
149.44,-190
149.5,-192
149.55,-194
149.66,-199
149.75,-200
149.81,-201
149.86,-202
149.92,-203
149.97,-205
150.02,-207
150.08,-210
150.17,-212
150.24,-213
150.34,-214
150.44,-218
150.5,-220
150.55,-222
150.66,-224
150.77,-226
150.86,-231
150.92,-233
150.97,-234
151.02,-234
151.08,-235
151.19,-236
151.24,-237
151.34,-242
151.44,-164
151.5,-55
151.55,-58
151.61,-64
151.7,-69
151.77,-74
151.86,-81
151.92,-84
151.97,-85
152.02,-87
152.08,-90
152.19,-97
152.24,-100
152.34,-102
152.44,-105
152.5,-106
152.55,-109
152.61,-112
152.7,-117
152.77,-118
152.86,-121
152.92,-123
152.97,-123
153.03,-126
153.08,-129
153.19,-133
153.24,-133
153.34,-136
153.45,-141
153.5,-144
153.55,-145
153.66,-147
153.77,-149
153.88,-153
153.97,-158
154.03,-159
154.08,-160
154.19,-162
154.24,-162
154.34,-167
154.47,-171
154.53,-172
154.58,-172
154.69,-175
154.74,-178
154.8,-181
154.89,-184
154.95,-185
155,-185
155.05,-187
155.11,-189
155.22,-192
155.27,-194
155.38,-196
155.47,-198
155.53,-200
155.58,-203
155.69,-207
155.74,-208
155.8,-209
155.89,-210
155.95,-211
156,-213
156.05,-216
156.11,-218
156.22,-220
156.27,-221
156.38,-224
156.47,-228
156.53,-228
156.58,-230
156.64,-231
156.69,-232
156.74,-233
156.8,-234
156.89,-238
156.95,-241
157,-242
157.06,-243
157.11,-243
157.22,-216
157.27,-81
157.38,-89
157.49,-97
157.58,-102
157.64,-105
157.69,-108
157.74,-112
157.8,-112
157.91,-117
158,-120
158.06,-122
158.11,-124
158.22,-130
158.27,-133
158.38,-135
158.49,-136
158.58,-140
158.64,-144
158.69,-146
158.74,-148
158.8,-149
158.91,-151
159,-156
159.06,-158
159.11,-158
159.22,-161
159.27,-162
159.33,-163
159.42,-167
159.49,-170
159.58,-174
159.64,-175
159.69,-175
159.75,-175
159.8,-177
159.91,-181
160,-186
160.06,-187
160.11,-188
160.17,-188
160.22,-190
160.27,-192
160.33,-195
160.42,-197
160.49,-198
160.59,-200
160.69,-203
160.75,-206
160.8,-208
160.91,-211
161.02,-212
161.11,-214
161.17,-216
161.22,-219
161.27,-221
161.33,-222
161.42,-224
161.49,-224
161.59,-229
161.69,-231
161.75,-233
161.8,-234
161.91,-235
162.02,-239
162.11,-243
162.17,-245
162.22,-245
162.27,-124
162.33,-124
162.44,-88
162.49,-94
162.59,-102
162.69,-107
162.75,-109
162.8,-111
162.86,-114
162.95,-121
163.02,-121
163.11,-124
163.17,-126
163.22,-127
163.28,-130
163.33,-133
163.44,-138
163.49,-139
163.59,-141
163.7,-143
163.75,-146
163.8,-148
163.86,-151
163.95,-153
164.02,-154
164.11,-157
164.17,-160
164.22,-162
164.28,-162
164.33,-164
164.44,-166
164.49,-167
164.61,-171
164.67,-173
164.72,-176
164.78,-177
164.83,-177
164.94,-179
164.99,-181
165.09,-186
165.2,-188
165.25,-188
165.3,-189
165.36,-190
165.45,-194
165.52,-196
165.63,-199
165.72,-201
165.78,-202
165.83,-204
165.94,-207
165.99,-209
166.05,-211
166.14,-212
166.2,-213
166.25,-215
166.3,-217
166.36,-220
166.47,-223
166.52,-224
166.63,-225
166.72,-228
166.78,-230
166.83,-233
166.89,-234
166.94,-235
166.99,-236
167.05,-236
167.14,-241
167.2,-241
167.25,-243
167.31,-245
167.36,-236
167.47,-72
167.52,-78
167.63,-89
167.74,-96
167.83,-98
167.89,-101
167.94,-102
167.99,-105
168.05,-109
168.16,-115
168.25,-118
168.31,-119
168.36,-121
168.47,-127
168.52,-127
168.63,-132
168.74,-134
168.83,-137
168.89,-140
168.94,-142
169,-145
169.05,-146
169.16,-147
169.25,-149
169.31,-152
169.36,-154
169.47,-158
169.52,-159
169.58,-160
169.67,-163
169.74,-166
169.83,-168
169.89,-170
169.94,-171
170,-172
170.05,-173
170.16,-177
170.25,-182
170.31,-183
170.36,-184
170.42,-184
170.47,-185
170.52,-186
170.58,-187
170.67,-193
170.74,-194
170.84,-196
170.94,-198
171,-201
171.05,-203
171.16,-205
171.27,-207
171.36,-209
171.42,-211
171.47,-214
171.52,-216
171.58,-218
171.69,-220
171.74,-220
171.84,-222
171.94,-227
172,-229
172.05,-230
172.16,-232
172.27,-234
172.36,-237
172.42,-239
172.47,-241
172.52,-242
172.58,-243
172.69,-183
172.74,-74
172.84,-87
172.94,-94
173,-97
173.05,-97
173.11,-99
173.2,-106
173.27,-109
173.36,-114
173.42,-115
173.47,-117
173.53,-119
173.58,-122
173.69,-125
173.74,-128
173.84,-131
173.95,-134
174,-136
174.05,-139
174.11,-141
174.2,-145
174.28,-146
174.34,-147
174.45,-151
174.5,-154
174.55,-156
174.61,-158
174.7,-158
174.77,-160
174.88,-163
174.97,-168
175.03,-170
175.08,-171
175.16,-171
175.27,-174
175.38,-179
175.47,-183
175.53,-183
175.58,-185
175.69,-185
175.74,-188
175.8,-190
175.89,-194
175.95,-195
176,-196
176.05,-197
176.11,-199
176.22,-203
176.27,-203
176.38,-207
176.47,-208
176.53,-209
176.58,-211
176.64,-214
176.69,-216
176.74,-218
176.8,-219
176.89,-220
176.95,-220
177,-222
177.06,-224
177.11,-226
177.22,-230
177.27,-230
177.38,-232
177.47,-236
177.53,-238
177.58,-238
177.64,-240
177.69,-241
177.74,-241
177.8,-242
177.89,-171
177.97,-77
178.03,-85
178.08,-90
178.14,-94
178.19,-96
178.24,-99
178.3,-102
178.41,-110
178.5,-114
178.56,-114
178.61,-115
178.72,-119
178.77,-122
178.83,-125
178.92,-130
178.99,-131
179.08,-134
179.14,-136
179.19,-136
179.25,-138
179.3,-141
179.53,-146
179.58,-148
179.64,-150
179.69,-153
179.75,-155
179.8,-157
179.91,-158
180,-161
180.06,-164
180.11,-166
180.17,-166
180.22,-168
180.27,-170
180.33,-170
180.42,-172
180.49,-175
180.59,-180
180.69,-182
180.75,-182
180.8,-182
180.91,-185
181.02,-190
181.11,-193
181.17,-194
181.22,-194
181.27,-196
181.33,-198
181.42,-201
181.49,-203
181.59,-205
181.69,-206
181.75,-208
181.8,-211
181.91,-214
182.02,-216
182.11,-217
182.17,-218
182.22,-220
182.27,-223
182.33,-225
182.44,-227
182.49,-228
182.59,-230
182.69,-235
182.75,-235
182.8,-236
182.86,-237
182.95,-238
183.02,-240
183.11,-244
183.17,-246
183.22,-150
183.28,-49
183.33,-51
183.44,-57
183.49,-62
183.59,-71
183.7,-77
183.75,-79
183.8,-81
183.86,-84
183.95,-90
184.02,-93
184.13,-95
184.22,-98
184.28,-99
184.33,-102
184.44,-108
184.49,-110
184.59,-112
184.7,-113
184.75,-115
184.8,-117
184.86,-120
184.97,-125
185.02,-126
185.13,-128
185.22,-133
185.28,-136
185.33,-136
185.39,-137
185.44,-139
185.49,-140
185.55,-141
185.64,-144
185.7,-147
185.75,-149
185.8,-151
185.86,-151
185.97,-152
186.02,-153
186.13,-158
186.22,-162
186.28,-163
186.33,-164
186.39,-164
186.44,-166
186.49,-168
186.55,-171
186.64,-173
186.7,-174
186.75,-175
186.81,-175
186.86,-176
186.97,-181
187.02,-183
187.13,-186
187.24,-187
187.33,-189
187.39,-191
187.44,-193
187.49,-195
187.55,-196
187.66,-198
187.75,-201
187.81,-203
187.86,-205
187.97,-207
188.02,-208
188.08,-208
188.17,-210
188.24,-213
188.33,-217
188.39,-218
188.44,-219
188.49,-220
188.55,-220
188.66,-223
188.75,-227
188.81,-229
188.86,-229
188.97,-230
189.02,-232
189.08,-234
189.17,-238
189.24,-238
189.33,-240
189.39,-241
189.44,-242
189.5,-244
189.55,-246
189.66,-77
189.75,-88
189.81,-91
189.86,-91
189.92,-95
189.97,-99
190.02,-102
190.08,-106
190.17,-110
190.24,-112
190.34,-116
190.44,-123
190.5,-123
190.55,-125
190.66,-128
190.77,-132
190.86,-137
190.92,-140
190.97,-141
191.02,-142
191.08,-143
191.19,-144
191.24,-147
191.34,-152
191.44,-155
191.5,-156
191.55,-157
191.66,-161
191.77,-166
191.86,-168
191.92,-168
191.97,-169
192.02,-170
192.08,-173
192.19,-178
192.24,-179
192.34,-181
192.44,-182
192.5,-184
192.55,-186
192.61,-189
192.7,-193
192.77,-193
192.86,-195
192.92,-197
192.97,-200
193.03,-202
193.08,-204
193.19,-205
193.24,-206
193.34,-208
193.45,-212
193.5,-215
193.55,-216
193.61,-217
193.7,-219
193.77,-219
193.88,-223
193.97,-227
194.03,-228
194.08,-228
194.19,-230
194.24,-233
194.34,-237
194.45,-239
194.5,-240
194.55,-240
194.61,-241
194.7,-245
194.77,-179
194.88,-90
194.97,-98
195.03,-98
195.08,-101
195.19,-109
195.24,-112
195.3,-115
195.39,-118
195.45,-120
195.5,-122
195.55,-125
195.61,-128
195.72,-131
195.77,-132
195.88,-135
195.97,-139
196.03,-142
196.08,-144
196.14,-146
196.19,-147
196.24,-148
196.3,-149
196.39,-151
196.45,-154
196.5,-156
196.56,-159
196.61,-160
196.72,-162
196.77,-163
196.88,-167
196.97,-170
197.03,-172
197.08,-172
197.14,-173
197.19,-174
197.24,-176
197.3,-178
197.39,-183
197.45,-184
197.5,-185
197.56,-186
197.61,-187
197.72,-189
197.77,-191
197.88,-196
197.99,-198
198.08,-200
198.14,-202
198.19,-205
198.24,-207
198.3,-207
198.41,-209
198.5,-211
198.56,-213
198.61,-215
198.72,-219
198.77,-220
198.83,-221
198.92,-222
198.99,-223
199.08,-228
199.14,-230
199.19,-231
199.24,-232
199.3,-232
199.41,-235
199.5,-240
199.56,-242
199.61,-242
199.72,-243
199.77,-233
199.83,-93
199.92,-69
199.99,-75
200.08,-82
200.14,-84
200.19,-87
200.25,-87
200.3,-90
200.41,-97
200.5,-102
200.56,-103
200.61,-105
200.67,-107
200.72,-110
200.77,-113
200.83,-116
200.92,-118
200.99,-119
201.09,-122
201.19,-127
201.25,-130
201.3,-132
201.41,-135
201.5,-136
201.56,-137
201.61,-140
201.67,-142
201.72,-145
201.77,-147
201.83,-148
201.92,-150
201.99,-151
202.09,-157
202.19,-159
202.25,-160
202.3,-161
202.41,-163
202.52,-168
202.61,-172
202.67,-173
202.72,-174
202.77,-175
202.83,-175
202.94,-179
202.99,-181
203.09,-185
203.19,-186
203.25,-187
203.3,-189
203.36,-192
203.45,-194
203.52,-196
203.61,-198
203.67,-199
203.72,-200
203.78,-203
203.83,-205
203.94,-208
203.99,-209
204.09,-211
204.19,-213
204.25,-215
204.3,-218
204.36,-219
204.45,-221
204.52,-222
204.61,-226
204.67,-228
204.72,-230
204.78,-230
204.83,-232
204.94,-233
204.99,-234
205.09,-238
205.2,-242
205.25,-243
205.3,-244
205.36,-244
205.45,-112
205.52,-86
205.63,-98
205.72,-104
205.78,-107
205.83,-109
205.94,-116
205.99,-119
206.05,-119
206.14,-124
206.2,-125
206.25,-126
206.3,-128
206.36,-131
206.47,-137
206.55,-139
206.64,-141
206.7,-143
206.75,-145
206.83,-148
206.94,-152
206.99,-153
207.05,-154
207.14,-157
207.2,-159
207.25,-162
207.3,-164
207.36,-164
207.47,-166
207.52,-167
207.64,-171
207.7,-173
207.75,-176
207.8,-178
207.86,-178
207.97,-180
208.02,-182
208.13,-187
208.22,-190
208.28,-191
208.33,-191
208.39,-192
208.44,-193
208.49,-195
208.55,-197
208.64,-202
208.7,-203
208.75,-203
208.81,-204
208.86,-206
208.97,-208
209.02,-210
209.13,-214
209.24,-215
209.33,-218
209.39,-221
209.44,-223
209.49,-224
209.55,-226
209.66,-226
209.75,-228
209.81,-231
209.86,-233
209.97,-236
210.02,-237
210.13,-238
210.24,-243
210.33,-245
210.39,-220
210.44,-85
210.49,-83
210.55,-89
210.66,-98
210.75,-105
210.81,-108
210.86,-110
210.97,-112
211.02,-113
211.08,-116
211.17,-123
211.24,-125
211.33,-128
211.39,-129
211.44,-131
211.5,-134
211.55,-134
211.66,-139
211.75,-142
211.81,-143
211.86,-144
211.92,-147
211.97,-149
212.02,-152
212.08,-154
212.17,-156
212.24,-156
212.34,-158
212.44,-163
212.5,-166
212.55,-167
212.66,-169
212.77,-172
212.86,-174
212.92,-177
212.97,-179
213.02,-180
213.08,-180
213.19,-183
213.24,-185
213.34,-190
213.44,-192
213.5,-192
213.55,-193
213.66,-195
213.77,-200
213.86,-203
213.92,-204
213.97,-205
214.02,-206
214.08,-208
214.19,-211
214.24,-213
214.34,-215
214.44,-216
214.5,-218
214.55,-220
214.61,-223
214.7,-225
214.77,-226
214.86,-227
214.92,-228
214.97,-230
215.03,-233
215.08,-235
215.19,-237
215.24,-237
215.34,-240
215.45,-242
215.5,-245
215.55,-209
215.61,-80
215.7,-86
215.77,-90
215.86,-99
215.92,-102
215.97,-105
216.03,-107
216.08,-107
216.19,-110
216.24,-113
216.34,-120
216.45,-124
216.5,-125
216.55,-126
216.61,-128
216.7,-133
216.77,-133
216.88,-137
216.97,-139
217.03,-140
217.08,-142
217.22,-148
217.27,-150
217.38,-152
217.47,-155
217.53,-157
217.58,-159
217.69,-163
217.74,-163
217.8,-164
217.89,-166
217.95,-168
218,-170
218.05,-173
218.11,-175
218.22,-176
218.27,-177
218.38,-178
218.47,-183
218.53,-186
218.58,-187
218.64,-188
218.69,-188
218.74,-190
218.8,-191
218.89,-196
218.95,-198
219,-198
219.06,-199
219.11,-200
219.22,-202
219.27,-204
219.38,-209
219.49,-211
219.58,-213
219.64,-214
219.69,-214
219.74,-217
219.8,-219
219.91,-222
220,-223
220.06,-224
220.11,-227
220.22,-231
220.27,-233
220.38,-234
220.49,-235
220.58,-239
220.64,-241
220.69,-243
220.74,-244
220.8,-216
220.91,-61
221,-68
221.06,-74
221.11,-79
221.22,-85
221.27,-87
221.33,-89
221.42,-95
221.49,-99
221.58,-102
221.64,-104
221.69,-105
221.75,-106
221.8,-108
221.91,-114
222,-119
222.06,-120
222.11,-121
222.17,-123
222.22,-124
222.27,-124
222.33,-127
222.42,-132
222.49,-134
222.59,-135
222.69,-139
222.75,-142
222.8,-144
222.91,-146
223.02,-148
223.11,-151
223.17,-153
223.22,-156
223.27,-158
223.33,-159
223.44,-160
223.49,-162
223.59,-164
223.69,-169
223.77,-171
223.84,-172
223.91,-173
224.02,-177
224.11,-182
224.17,-183
224.22,-183
224.28,-184
224.34,-184
224.41,-188
224.52,-190
224.59,-194
224.69,-195
224.75,-196
224.8,-198
224.86,-198
224.95,-203
225.02,-205
225.11,-206
225.17,-207
225.22,-208
225.28,-210
225.33,-212
225.44,-216
225.49,-216
225.59,-218
225.7,-220
225.75,-222
225.8,-225
225.86,-227
225.95,-229
226.02,-229
226.13,-230
