时间,微压差
0.06,0
0.11,-1
0.16,0
0.22,0
0.27,1
0.38,1
0.45,0
0.53,-1
0.7,0
0.77,1
0.88,0
0.97,-1
1.03,0
1.08,0
1.14,1
1.19,2
1.24,1
1.3,0
1.39,-1
1.45,0
1.5,1
1.56,2
1.61,2
1.72,1
1.77,0
1.88,0
1.97,1
2.03,1
2.08,1
2.14,0
2.24,0
2.3,-1
2.41,1
2.5,1
2.56,1
2.66,0
2.72,0
2.81,1
2.88,1
2.99,1
3.08,0
3.14,-1
3.24,1
3.3,2
3.41,1
3.5,-1
3.56,-1
3.66,1
3.72,1
3.83,1
3.92,0
3.99,-1
4.08,1
4.14,2
4.19,2
4.25,1
4.34,0
4.44,0
4.5,1
4.56,1
4.61,2
4.67,1
4.75,0
4.81,0
4.86,-1
4.97,1
5.08,1
5.17,0
5.24,-1
5.33,0
5.39,1
5.44,1
5.55,1
5.61,0
5.67,-1
5.75,0
5.83,1
5.91,2
5.97,1
6.08,-1
6.17,0
6.24,1
6.33,2
6.39,1
6.44,0
6.5,-1
6.59,0
6.66,1
6.75,1
6.81,1
6.86,1
6.92,0
7.02,0
7.08,1
7.17,1
7.24,1
7.34,-1
7.44,-1
7.5,0
7.59,2
7.66,1
7.77,0
7.86,0
7.92,1
8.02,2
8.08,2
8.13,1
8.19,0
8.24,0
8.34,0
8.39,1
8.5,1
8.55,1
8.66,-1
8.77,0
8.86,1
8.92,2
8.97,1
9.08,-1
9.13,0
9.19,0
9.24,1
9.34,2
9.39,1
9.5,0
9.55,-1
9.61,0
9.66,1
9.77,2
9.86,0
9.92,-1
9.97,-1
10.03,0
10.08,0
10.13,1
10.19,1
10.24,1
10.34,0
10.39,-1
10.45,0
10.5,0
10.55,1
10.61,2
10.66,2
10.77,0
10.88,0
10.97,1
11.03,2
11.08,1
11.13,0
11.19,0
11.24,-1
11.3,-1
11.39,1
11.45,1
11.5,2
11.55,1
11.61,0
11.66,-1
11.72,0
11.81,1
11.88,1
11.97,1
12.03,0
12.08,0
12.13,-1
12.19,0
12.24,0
12.3,1
12.39,1
12.45,0
12.5,-1
12.55,0
12.61,0
12.66,0
12.72,1
12.81,1
12.88,0
12.97,-1
13.03,0
13.08,1
13.14,1
13.24,2
13.3,1
13.39,-1
13.45,0
13.5,0
13.56,1
13.66,1
13.72,0
13.81,-1
13.88,-1
13.99,1
14.08,1
14.14,1
14.24,-1
14.3,0
14.41,1
14.5,1
14.56,1
14.66,0
14.72,-1
14.83,1
14.88,1
14.99,1
15.08,-1
15.14,0
15.25,0
15.3,1
15.41,1
15.5,0
15.56,-1
15.66,1
15.72,2
15.83,1
15.88,1
15.99,-1
16.08,0
16.14,1
16.19,2
16.25,1
16.3,0
16.41,-1
16.5,0
16.56,1
16.61,2
16.67,1
16.77,0
16.83,0
16.88,0
16.99,1
17.09,1
17.14,1
17.19,0
17.25,-1
17.3,0
17.41,1
17.52,2
17.61,0
17.67,-1
17.77,0
17.83,0
17.88,1
17.94,1
18.03,0
18.09,0
18.14,-1
18.19,0
18.25,1
18.3,1
18.41,1
18.52,0
18.61,-1
18.67,0
18.77,2
18.83,1
18.88,0
18.94,0
19.03,-1
19.09,0
19.14,1
19.19,2
19.25,1
19.3,1
19.36,0
19.41,-1
19.52,1
19.61,1
19.67,1
19.78,0
19.88,-1
19.94,0
20.03,2
20.09,1
20.14,1
20.19,0
20.25,-1
20.3,0
20.36,0
20.41,0
20.52,1
20.61,0
20.69,0
20.8,0
20.89,2
20.95,1
21,1
21.05,1
21.11,0
21.16,-1
21.22,0
21.27,1
21.38,2
21.47,0
21.53,-1
21.64,0
21.69,0
21.8,1
21.89,1
21.95,0
22,-1
22.05,0
22.11,1
22.16,1
22.22,1
22.27,1
22.38,0
22.47,-1
22.53,0
22.64,2
22.69,1
22.8,0
22.89,0
22.95,0
23,1
23.06,1
23.11,2
23.16,1
23.22,0
23.27,0
23.38,0
23.49,2
23.58,0
23.64,0
23.69,0
23.8,0
23.91,2
24,1
24.06,0
24.11,-1
24.16,0
24.22,0
24.27,0
24.33,1
24.38,2
24.49,1
24.58,0
24.64,0
24.69,1
24.8,2
24.91,1
25,-1
25.06,-1
25.11,0
25.16,1
25.22,2
25.27,1
25.33,1
25.38,0
25.49,0
25.58,1
25.64,1
25.69,2
25.75,1
25.8,0
25.91,0
26,1
26.06,2
26.11,1
26.17,1
26.27,0
26.33,0
26.38,0
26.49,1
26.59,1
26.64,0
26.69,-1
26.75,0
26.8,0
26.91,1
27,1
27.06,0
27.11,0
27.17,-1
27.27,1
27.33,1
27.38,2
27.49,1
27.59,-1
27.64,-1
27.69,0
27.75,1
27.8,2
27.91,1
28.02,0
28.11,1
28.17,1
28.27,1
28.33,1
28.38,0
28.44,-1
28.53,0
28.59,1
28.64,2
28.69,1
28.75,0
28.8,0
28.86,-1
28.91,-1
29.02,1
29.11,2
29.17,1
29.28,-1
29.38,0
29.44,0
29.53,1
29.59,1
29.64,0
29.7,0
29.75,-1
29.8,0
29.86,1
29.91,2
30.02,1
30.13,0
30.22,0
30.28,0
30.38,1
30.44,1
30.53,0
30.59,-1
30.64,0
30.7,1
30.75,1
30.8,2
30.86,1
30.91,1
31.02,-1
31.13,0
31.22,2
31.28,1
31.38,0
31.44,0
31.55,0
31.64,2
31.7,1
31.75,1
31.8,0
31.86,-1
31.91,-1
31.97,1
32.02,1
32.13,2
32.22,0
32.28,-1
32.39,0
32.49,1
32.55,1
32.64,0
32.7,0
32.8,0
32.86,0
32.97,1
33.02,1
33.13,-1
33.22,-1
33.28,0
33.39,1
33.49,0
33.55,-1
33.64,-1
33.7,0
33.81,1
33.91,-1
33.97,-1
34.02,-1
34.13,-1
34.24,1
34.33,0
34.39,-1
34.49,-1
34.55,-1
34.66,0
34.75,0
34.81,-1
34.91,-2
34.97,-1
35.02,0
35.08,0
35.13,0
35.24,-2
35.33,-2
35.39,-2
35.5,0
35.59,-1
35.66,-2
35.75,-4
35.81,-3
35.91,-3
35.97,-3
36.02,-3
36.08,-5
36.13,-6
36.24,-7
36.33,-7
36.39,-7
36.5,-11
36.59,-13
36.66,-14
36.75,-15
36.81,-16
36.92,-21
37.02,-27
37.08,-29
37.13,-30
37.24,-31
37.34,-36
37.44,-42
37.5,-45
37.59,-47
37.69,-49
37.74,-51
37.84,-58
37.94,-62
38,-64
38.09,-67
38.16,-69
38.27,-73
38.36,-78
38.42,-79
38.52,-82
38.58,-84
38.63,-87
38.69,-90
38.74,-93
38.84,-95
38.94,-97
39,-99
39.11,-105
39.2,-110
39.27,-112
39.36,-115
39.42,-117
39.53,-120
39.63,-126
39.69,-127
39.74,-129
39.84,-132
39.94,-137
40,-140
40.11,-143
40.27,-146
40.36,-152
40.42,-155
40.53,-159
40.63,-162
40.69,-163
40.74,-166
40.84,-169
40.95,-174
41.05,-177
41.11,-178
41.2,-183
41.27,-187
41.38,-191
41.47,-192
41.53,-193
41.63,-198
41.69,-200
41.74,-203
41.8,-205
41.89,-207
41.95,-209
42.05,-212
42.11,-214
42.22,-219
42.27,-221
42.38,-223
42.47,-228
42.53,-231
42.64,-130
42.74,-67
42.8,-75
42.89,-85
42.95,-90
43.06,-98
43.16,-104
43.22,-106
43.27,-109
43.38,-112
43.47,-120
43.53,-122
43.64,-126
43.74,-131
43.8,-134
43.89,-141
43.95,-143
44.06,-144
44.16,-148
44.22,-151
44.27,-154
44.38,-159
44.49,-162
44.58,-167
44.64,-170
44.74,-173
44.8,-176
44.91,-179
45,-182
45.06,-186
45.16,-192
45.22,-193
45.27,-195
45.33,-195
45.38,-196
45.49,-200
45.58,-207
45.64,-209
45.75,-211
45.84,-215
45.91,-218
46,-221
46.06,-224
46.17,-227
46.27,-230
46.33,-207
46.38,-78
46.49,-83
46.58,-88
46.64,-91
46.75,-98
46.84,-106
46.91,-110
47,-115
47.06,-117
47.17,-123
47.27,-126
47.33,-130
47.38,-133
47.49,-137
47.59,-141
47.72,-148
47.77,-151
47.83,-153
47.88,-155
47.94,-156
47.99,-159
48.09,-165
48.19,-170
48.25,-170
48.34,-173
48.41,-175
48.52,-181
48.61,-187
48.67,-188
48.77,-191
48.83,-193
48.88,-193
48.94,-196
48.99,-199
49.09,-205
49.19,-207
49.25,-209
49.36,-214
49.45,-220
49.52,-220
49.61,-223
49.67,-224
49.78,-229
49.88,-138
49.94,-62
49.99,-70
50.09,-79
50.2,-84
50.3,-93
50.36,-97
50.45,-102
50.52,-104
50.61,-110
50.67,-115
50.78,-121
50.88,-123
50.94,-125
50.99,-127
51.09,-133
51.2,-140
51.3,-144
51.36,-145
51.44,-148
51.49,-150
51.55,-154
51.64,-160
51.7,-161
51.8,-163
51.86,-164
51.97,-170
52.02,-173
52.13,-178
52.22,-181
52.28,-183
52.39,-189
52.49,-192
52.55,-195
52.64,-197
52.7,-199
52.81,-204
52.91,-210
52.97,-212
53.02,-213
53.13,-214
53.22,-219
53.28,-222
53.39,-227
53.49,-230
53.55,-230
53.64,-56
53.7,-66
53.81,-72
53.89,-80
53.95,-83
54.02,-87
54.13,-95
54.24,-102
54.33,-107
54.39,-107
54.49,-112
54.55,-116
54.66,-123
54.75,-127
54.81,-129
54.91,-134
54.97,-137
55.02,-137
55.08,-141
55.13,-143
55.24,-147
55.33,-151
55.39,-155
55.49,-161
55.55,-163
55.66,-166
55.75,-168
55.81,-172
55.91,-178
55.97,-180
56.02,-182
56.08,-183
56.13,-185
56.24,-190
56.33,-193
56.39,-196
56.5,-199
56.59,-202
56.66,-205
56.75,-212
56.81,-213
56.92,-216
57.02,-216
57.08,-218
57.13,-219
57.24,-221
57.34,-221
57.44,-221
57.5,-223
57.59,-224
57.66,-226
57.75,-226
57.81,-225
57.92,-226
58.02,-229
58.08,-230
58.13,-230
58.24,-229
58.34,-230
58.44,-57
58.5,-50
58.59,-58
58.66,-60
58.77,-65
58.86,-71
58.92,-71
59.02,-74
59.08,-75
59.13,-76
59.19,-77
59.24,-79
59.34,-84
59.44,-86
59.5,-86
59.59,-86
59.66,-88
59.77,-92
59.86,-95
59.92,-95
60.02,-96
60.08,-97
60.13,-99
60.19,-101
60.24,-101
60.34,-103
60.44,-103
60.5,-104
60.61,-107
60.7,-109
60.77,-110
60.86,-109
60.92,-110
61.03,-113
61.13,-116
61.19,-116
61.24,-116
61.34,-117
61.45,-121
61.55,-122
61.61,-123
61.7,-123
61.77,-123
61.88,-126
61.97,-128
62.03,-129
62.13,-129
62.19,-129
62.24,-129
62.3,-131
62.39,-134
62.45,-135
62.55,-134
62.61,-135
62.7,-138
62.77,-140
62.88,-141
62.97,-140
63.03,-141
63.13,-143
63.19,-145
63.27,-146
63.38,-146
63.47,-147
63.53,-148
63.64,-151
63.74,-152
63.8,-152
63.89,-152
63.95,-153
64.06,-156
64.16,-157
64.22,-157
64.31,-158
64.38,-158
64.49,-160
64.58,-163
64.64,-163
64.74,-163
64.8,-163
64.89,-166
64.95,-168
65.06,-168
65.16,-168
65.22,-169
65.34,-171
65.41,-173
65.5,-174
65.56,-174
65.66,-175
65.72,-176
65.81,-179
65.88,-180
65.99,-180
66.08,-180
66.14,-181
66.24,-184
66.3,-185
66.41,-185
66.5,-186
66.56,-187
66.66,-190
66.72,-190
66.83,-191
66.92,-190
66.99,-191
67.08,-195
67.14,-195
67.25,-195
67.34,-196
67.41,-196
67.5,-199
67.56,-200
67.67,-201
67.77,-201
67.83,-201
67.92,-205
67.99,-205
68.09,-206
68.19,-206
68.25,-206
68.34,-209
68.41,-210
68.52,-211
68.61,-211
68.67,-211
68.77,-213
68.83,-214
68.94,-216
69.03,-215
69.09,-215
69.19,-218
69.25,-220
69.34,-221
69.41,-221
69.52,-220
69.61,-223
69.67,-225
69.77,-226
69.83,-226
69.94,-226
70.03,-227
70.09,-228
70.19,-231
70.25,-231
70.36,-110
70.45,-77
70.52,-82
70.61,-86
70.67,-88
70.78,-91
70.88,-94
70.94,-97
71.03,-101
71.09,-102
71.2,-103
71.3,-104
71.36,-106
71.45,-110
71.52,-111
71.63,-112
71.72,-114
71.78,-115
71.88,-118
71.94,-119
72.03,-119
72.09,-119
72.2,-122
72.3,-125
72.36,-126
72.45,-126
72.52,-126
72.63,-128
72.72,-132
72.78,-132
72.88,-133
72.94,-133
73.05,-135
73.14,-139
73.2,-139
73.3,-140
73.36,-140
73.47,-141
73.56,-144
73.63,-145
73.7,-146
73.8,-146
73.86,-146
73.97,-150
74.06,-152
74.13,-152
74.22,-152
74.28,-152
74.39,-155
74.49,-158
74.55,-158
74.64,-158
74.7,-159
74.81,-160
74.91,-163
74.97,-164
75.06,-164
75.13,-164
75.24,-166
75.33,-169
75.39,-170
75.49,-170
75.55,-170
75.66,-172
75.75,-175
75.81,-175
75.91,-175
75.97,-176
76.08,-177
76.17,-180
76.24,-182
76.33,-183
76.39,-184
76.5,-187
76.59,-191
76.66,-192
76.75,-194
76.81,-194
76.91,-197
76.97,-199
77.08,-204
77.17,-206
77.24,-206
77.33,-210
77.39,-210
77.5,-214
77.59,-216
77.66,-216
77.75,-217
77.81,-219
77.92,-222
78.02,-222
78.08,-222
78.17,-222
78.24,-224
78.34,-227
78.44,-228
78.5,-228
78.59,-229
78.66,-230
78.75,-123
78.81,-48
78.92,-58
79.02,-64
79.08,-67
79.17,-73
79.24,-76
79.34,-77
79.44,-79
79.5,-81
79.59,-86
79.66,-88
79.77,-90
79.86,-92
79.92,-93
80.02,-96
80.08,-98
80.19,-100
80.28,-101
80.34,-102
80.44,-106
80.5,-108
80.61,-109
80.7,-109
80.77,-110
80.86,-114
80.92,-115
81.02,-117
81.08,-118
81.19,-119
81.28,-121
81.34,-123
81.44,-125
81.5,-126
81.61,-126
81.7,-129
81.77,-131
81.86,-133
81.92,-133
82.03,-134
82.13,-137
82.19,-139
82.28,-142
82.34,-143
82.45,-144
82.55,-147
82.61,-149
82.7,-153
82.77,-155
82.88,-156
82.97,-160
83.03,-162
83.13,-166
83.19,-167
83.28,-168
83.34,-169
83.42,-171
83.53,-176
83.63,-179
83.69,-180
83.8,-182
83.89,-187
83.95,-189
84.05,-191
84.11,-192
84.22,-192
84.31,-197
84.38,-199
84.47,-202
84.53,-203
84.63,-205
84.69,-207
84.8,-212
84.89,-213
84.95,-214
85.05,-215
85.11,-217
85.22,-221
85.31,-224
85.38,-225
85.47,-225
85.53,-227
85.64,-231
85.74,-52
85.8,-59
85.89,-67
85.95,-71
86.06,-79
86.16,-82
86.22,-85
86.31,-88
86.38,-90
86.49,-96
86.58,-101
86.64,-103
86.74,-105
86.8,-105
86.91,-111
87,-116
87.06,-117
87.16,-119
87.22,-121
87.31,-126
87.38,-129
87.49,-130
87.58,-132
87.64,-133
87.74,-138
87.8,-141
87.91,-144
88.03,-146
88.14,-150
88.24,-155
88.3,-156
88.41,-157
88.5,-159
88.56,-161
88.66,-166
88.72,-167
88.83,-169
88.92,-172
88.99,-174
89.08,-177
89.14,-179
89.25,-181
89.34,-183
89.41,-185
89.5,-190
89.56,-191
89.67,-193
89.77,-194
89.83,-195
89.92,-200
89.99,-202
90.09,-204
90.19,-206
90.25,-208
90.34,-210
90.41,-212
90.52,-215
90.61,-216
90.67,-218
90.77,-222
90.83,-224
90.94,-226
91.03,-226
91.09,-228
91.19,-228
91.25,-99
91.36,-63
91.45,-70
91.52,-73
91.61,-82
91.67,-82
91.78,-87
91.88,-91
91.94,-92
92.03,-99
92.09,-102
92.19,-106
92.25,-107
92.36,-108
92.45,-113
92.52,-116
92.61,-120
92.67,-120
92.75,-121
92.86,-125
92.95,-130
93.02,-132
93.13,-134
93.22,-137
93.28,-137
93.38,-142
93.44,-144
93.55,-146
93.64,-148
93.7,-150
93.8,-155
93.86,-157
93.95,-158
94.02,-159
94.13,-161
94.22,-166
94.28,-168
94.38,-170
94.44,-171
94.52,-172
94.63,-176
94.72,-180
94.78,-181
94.89,-182
94.99,-185
95.05,-187
95.14,-192
95.2,-193
95.3,-194
95.36,-195
95.47,-200
95.56,-202
95.63,-204
95.72,-205
95.78,-206
95.89,-210
95.99,-214
96.05,-216
96.14,-217
96.2,-217
96.31,-220
96.41,-225
96.47,-226
96.56,-228
96.63,-228
96.74,-174
96.83,-60
96.89,-62
96.99,-71
97.05,-74
97.16,-81
97.25,-88
97.31,-91
97.41,-94
97.47,-94
97.58,-99
97.67,-105
97.74,-107
97.83,-110
97.89,-111
97.99,-115
98.05,-118
98.16,-121
98.25,-124
98.31,-125
98.41,-128
98.47,-131
98.58,-136
98.67,-138
98.74,-139
98.83,-141
98.89,-142
99,-148
99.09,-150
99.16,-151
99.25,-154
99.31,-157
99.42,-159
99.52,-162
99.58,-163
99.67,-165
99.74,-167
99.84,-172
99.94,-174
100,-175
100.09,-176
100.16,-178
100.27,-183
100.36,-186
100.42,-187
100.52,-189
100.58,-191
100.69,-195
100.78,-197
100.84,-198
100.94,-199
101,-201
101.11,-206
101.2,-209
101.27,-209
101.36,-210
101.42,-211
101.52,-216
101.58,-218
101.69,-220
101.78,-222
101.84,-223
101.94,-228
102,-228
102.11,-231
102.2,-126
102.27,-54
102.36,-68
102.42,-73
102.53,-79
102.63,-83
102.69,-83
102.78,-89
102.84,-93
102.95,-98
103.05,-100
103.11,-102
103.2,-107
103.27,-111
103.38,-112
103.47,-115
103.53,-116
103.63,-120
103.69,-124
103.8,-127
103.89,-129
103.95,-129
104.05,-133
104.11,-136
104.22,-140
104.31,-142
104.38,-143
104.5,-147
104.61,-152
104.72,-154
104.81,-157
104.88,-159
104.97,-161
105.03,-164
105.14,-167
105.24,-168
105.3,-170
105.39,-175
105.45,-177
105.56,-179
105.66,-180
105.72,-181
105.81,-185
105.88,-188
105.99,-190
106.08,-192
106.14,-193
106.24,-195
106.3,-198
106.41,-201
106.5,-203
106.56,-204
106.66,-208
106.72,-211
106.83,-214
106.92,-214
106.99,-215
107.08,-219
107.14,-221
107.25,-224
107.34,-225
107.41,-226
107.5,-228
107.56,-230
107.67,-128
107.77,-67
107.83,-71
107.92,-79
107.99,-84
108.09,-90
108.19,-92
108.25,-94
108.34,-98
108.41,-102
108.52,-107
108.61,-110
108.67,-111
108.77,-116
108.83,-116
108.94,-122
109.03,-124
109.09,-125
109.19,-129
109.25,-132
109.34,-136
109.41,-137
109.52,-138
109.61,-141
109.67,-143
109.77,-148
109.83,-149
109.94,-151
110.03,-155
110.09,-157
110.19,-160
110.25,-162
110.36,-163
110.45,-166
110.52,-169
110.64,-173
110.7,-175
110.8,-176
110.86,-177
110.95,-182
111.02,-185
111.11,-186
111.17,-187
111.28,-189
111.38,-193
111.44,-195
111.53,-199
111.59,-200
111.7,-202
111.8,-204
111.86,-206
111.95,-210
112.02,-211
112.13,-213
112.22,-217
112.28,-219
112.38,-221
112.44,-222
112.53,-223
112.63,-226
112.69,-229
112.78,-219
112.84,-87
112.95,-66
113.05,-71
113.11,-75
113.2,-83
113.27,-86
113.38,-90
113.47,-95
113.53,-99
113.63,-104
113.69,-104
113.8,-107
113.89,-110
113.95,-113
114.05,-118
114.11,-119
114.22,-122
114.31,-123
114.38,-126
114.47,-132
114.53,-134
114.64,-136
114.74,-139
114.8,-141
114.89,-146
114.95,-146
115.06,-148
115.16,-150
115.22,-153
115.31,-157
115.38,-159
115.49,-161
115.58,-164
115.64,-164
115.74,-169
115.81,-171
115.88,-172
115.99,-173
116.08,-177
116.14,-179
116.24,-183
116.3,-185
116.41,-186
116.5,-191
116.56,-193
116.66,-195
116.72,-196
116.83,-198
116.92,-201
116.99,-204
117.08,-207
117.14,-208
117.25,-208
117.34,-211
117.41,-213
117.5,-217
117.56,-219
117.67,-220
117.77,-223
117.83,-226
117.92,-228
117.99,-229
118.08,-230
118.14,-142
118.25,-58
118.34,-69
118.41,-73
118.5,-77
118.56,-77
118.67,-84
118.77,-91
118.83,-93
118.92,-96
118.99,-98
119.09,-103
119.19,-106
119.25,-109
119.34,-112
119.41,-113
119.52,-117
119.61,-123
119.67,-124
119.77,-126
119.83,-126
119.94,-129
120.03,-135
120.09,-137
120.19,-139
120.25,-140
120.36,-144
120.45,-146
120.52,-149
120.61,-151
120.67,-152
120.78,-156
120.88,-161
120.94,-162
121.03,-164
121.09,-165
121.2,-167
121.3,-172
121.36,-175
121.45,-177
121.52,-177
121.63,-180
121.72,-185
121.78,-185
121.88,-188
121.94,-189
122.05,-191
122.14,-196
122.2,-198
122.3,-200
122.36,-201
122.47,-202
122.56,-206
122.63,-209
122.72,-211
122.78,-212
122.88,-214
122.94,-216
123.05,-221
123.14,-222
123.2,-222
123.3,-224
123.36,-226
123.47,-231
123.56,-222
123.63,-89
123.72,-73
123.78,-79
123.89,-89
123.99,-95
124.05,-97
124.14,-101
124.2,-104
124.31,-111
124.41,-113
124.47,-115
124.56,-117
124.63,-119
124.74,-125
124.83,-129
124.89,-130
124.99,-131
125.05,-132
125.16,-137
125.25,-142
125.31,-143
125.41,-144
125.47,-146
125.58,-151
125.67,-153
125.74,-155
125.83,-156
125.89,-158
126,-162
126.09,-166
126.16,-168
126.25,-169
126.31,-169
126.42,-173
126.52,-178
126.58,-179
126.67,-180
126.74,-182
126.83,-187
126.89,-189
127,-191
127.09,-192
127.16,-193
127.25,-197
127.31,-200
127.42,-203
127.52,-205
127.58,-206
127.67,-208
127.74,-210
127.84,-214
127.94,-216
128,-217
128.05,-218
128.16,-223
128.27,-226
128.36,-227
128.42,-228
128.47,-229
128.52,-231
128.58,-110
128.69,-65
128.74,-69
128.84,-75
128.94,-79
129,-83
129.05,-86
129.11,-90
129.2,-94
129.27,-95
129.36,-100
129.42,-104
129.47,-106
129.53,-109
129.58,-109
129.69,-111
129.74,-112
129.84,-117
129.95,-122
130,-124
130.05,-125
130.11,-126
130.2,-128
130.27,-130
130.36,-135
130.42,-137
130.47,-137
130.53,-138
130.58,-139
130.69,-143
130.74,-146
130.84,-148
130.95,-150
131,-151
131.05,-153
131.11,-155
131.2,-160
131.27,-162
131.38,-163
131.47,-165
131.53,-166
131.58,-169
131.66,-171
131.77,-175
131.88,-176
131.97,-180
132.03,-182
132.08,-184
132.19,-187
132.24,-188
132.3,-188
132.39,-193
132.45,-193
132.5,-195
132.55,-197
132.61,-198
132.72,-200
132.77,-201
132.88,-206
132.97,-209
133.03,-210
133.08,-211
133.14,-211
133.19,-211
133.24,-213
133.3,-216
133.39,-220
133.45,-221
133.5,-221
133.55,-222
133.61,-224
133.72,-228
133.77,-228
133.88,-232
133.97,-81
134.03,-70
134.08,-76
134.14,-82
134.19,-87
134.24,-90
134.3,-93
134.39,-94
134.45,-96
134.5,-99
134.56,-102
134.61,-106
134.72,-111
134.77,-112
134.88,-115
134.99,-120
135.08,-123
135.14,-125
135.22,-127
135.27,-128
135.38,-130
135.49,-136
135.58,-140
135.64,-141
135.69,-142
135.74,-143
135.8,-145
135.88,-147
135.99,-152
136.08,-154
136.14,-155
136.19,-156
136.25,-159
136.3,-162
136.41,-164
136.5,-166
136.56,-167
136.61,-168
136.72,-172
136.77,-175
136.83,-177
136.92,-178
136.99,-179
137.08,-181
137.14,-184
137.19,-186
137.25,-188
137.3,-189
137.41,-191
137.5,-194
137.56,-196
137.61,-198
137.67,-198
137.72,-200
137.77,-201
137.83,-201
137.92,-204
137.99,-206
138.09,-210
138.19,-212
138.25,-213
138.3,-213
138.41,-216
138.52,-220
138.61,-223
138.67,-223
138.72,-224
138.77,-225
138.83,-228
138.94,-230
138.99,-232
139.09,-53
139.19,-65
139.25,-70
139.3,-74
139.36,-78
139.45,-83
139.52,-85
139.61,-87
139.67,-89
139.72,-93
139.78,-96
139.83,-99
139.94,-102
139.99,-103
140.09,-108
140.2,-113
140.25,-113
140.3,-115
140.36,-116
140.45,-119
140.52,-121
140.63,-126
140.72,-130
140.78,-130
140.83,-131
140.94,-132
140.99,-135
141.05,-137
141.14,-141
141.2,-143
141.25,-143
141.3,-145
141.38,-146
141.44,-149
141.49,-152
141.55,-154
141.64,-156
141.7,-156
141.75,-158
141.8,-160
141.86,-160
141.97,-165
142.02,-167
142.13,-168
142.22,-171
142.3,-174
142.36,-176
142.47,-179
142.52,-180
142.63,-182
142.72,-187
142.78,-189
142.83,-189
142.89,-190
142.94,-192
142.99,-192
143.05,-193
143.14,-198
143.2,-200
143.25,-202
143.31,-203
143.36,-203
143.47,-206
143.52,-206
143.63,-210
143.74,-214
143.83,-215
143.89,-216
143.94,-217
143.99,-219
144.05,-222
144.16,-223
144.25,-225
144.31,-225
144.36,-226
144.47,-231
144.52,-219
144.58,-88
144.67,-72
144.74,-77
144.83,-81
144.89,-85
144.94,-89
145,-92
145.05,-94
145.16,-97
145.25,-103
145.31,-106
145.36,-109
145.42,-109
145.47,-111
145.52,-112
145.58,-113
145.67,-117
145.74,-120
145.83,-125
145.89,-126
145.94,-127
146,-128
146.05,-130
146.16,-133
146.25,-138
146.31,-140
146.36,-141
146.42,-141
146.47,-143
146.52,-145
146.59,-148
146.66,-150
146.77,-153
146.86,-155
146.92,-157
146.97,-159
147.02,-162
147.08,-162
147.19,-165
147.24,-166
147.34,-168
147.44,-173
147.5,-175
147.55,-177
147.61,-178
147.7,-179
147.77,-179
147.86,-184
147.92,-186
147.97,-188
148.03,-190
148.08,-190
148.19,-192
148.24,-194
148.34,-197
148.44,-201
148.5,-201
148.55,-202
148.61,-203
148.7,-207
148.77,-210
148.86,-213
148.92,-213
148.97,-214
149.03,-214
149.08,-215
149.19,-220
149.24,-222
149.34,-224
149.45,-225
149.5,-227
149.55,-229
149.61,-232
149.7,-204
149.77,-77
149.88,-60
149.97,-69
150.03,-74
150.08,-78
150.19,-83
150.24,-85
150.3,-85
150.39,-89
150.45,-93
150.5,-96
150.55,-99
150.61,-100
150.7,-103
150.77,-105
150.88,-110
150.97,-113
151.03,-115
151.08,-116
151.19,-118
151.24,-120
151.3,-123
151.39,-128
151.45,-129
151.5,-130
151.55,-131
151.61,-131
151.72,-135
151.77,-138
151.88,-142
151.97,-143
152.03,-145
152.11,-146
152.22,-151
152.27,-154
152.38,-155
152.47,-158
152.53,-160
152.58,-160
152.64,-163
152.69,-165
152.74,-166
152.8,-167
152.89,-169
152.95,-171
153,-173
153.06,-176
153.11,-178
153.22,-179
153.27,-179
153.38,-181
153.49,-186
153.58,-190
153.64,-190
153.69,-191
153.74,-192
153.8,-194
153.91,-196
154,-200
154.06,-202
154.11,-202
154.22,-204
154.27,-207
154.33,-209
154.42,-213
154.49,-213
154.58,-214
154.64,-215
154.69,-216
154.75,-219
154.8,-221
154.91,-224
155,-225
155.06,-227
155.11,-229
155.22,-231
155.27,-167
155.33,-56
155.42,-62
155.49,-66
155.58,-74
155.64,-78
155.69,-82
155.75,-84
155.8,-84
155.88,-87
155.99,-93
156.09,-99
156.19,-101
156.25,-102
156.3,-103
156.41,-108
156.52,-113
156.61,-117
156.67,-117
156.72,-119
156.77,-119
156.83,-121
156.92,-126
156.99,-129
157.09,-131
157.19,-133
157.25,-135
157.3,-138
157.41,-141
157.52,-143
157.67,-147
157.72,-149
157.77,-152
157.83,-154
157.94,-156
157.99,-157
158.09,-158
158.19,-163
158.25,-165
158.3,-167
158.36,-168
158.45,-169
158.52,-172
158.61,-176
158.67,-178
158.72,-178
158.78,-180
158.83,-180
158.94,-182
158.99,-184
159.09,-189
159.19,-191
159.25,-192
159.3,-193
159.36,-193
159.45,-197
159.52,-200
159.61,-203
159.67,-203
159.72,-204
159.78,-205
159.83,-207
159.94,-212
159.99,-213
160.09,-214
160.2,-215
160.25,-217
160.3,-219
160.36,-221
160.45,-223
160.52,-224
160.63,-226
160.72,-228
160.78,-231
160.83,-232
160.94,-59
160.99,-59
161.05,-64
161.14,-74
161.2,-78
161.25,-81
161.3,-81
161.36,-84
161.47,-87
161.52,-90
161.63,-96
161.72,-101
161.78,-102
161.83,-103
161.94,-107
161.99,-107
162.05,-110
162.14,-115
162.2,-116
162.25,-117
162.3,-118
162.36,-120
162.47,-125
162.52,-128
162.63,-129
162.72,-131
162.78,-132
162.83,-134
162.89,-137
162.94,-139
162.99,-141
163.05,-142
163.14,-144
163.2,-146
163.25,-146
163.31,-148
163.36,-151
163.47,-154
163.52,-155
163.63,-157
163.74,-162
163.83,-166
163.89,-166
163.94,-167
163.99,-167
164.05,-168
164.16,-172
164.25,-177
164.31,-178
164.36,-179
164.47,-181
164.52,-183
164.58,-183
164.67,-189
164.74,-190
164.83,-191
164.89,-193
164.94,-194
165,-197
165.05,-199
165.16,-202
165.25,-203
165.31,-204
165.36,-205
165.42,-207
165.47,-210
165.52,-212
165.58,-214
165.67,-215
165.74,-216
165.83,-218
165.89,-220
165.94,-222
166,-225
166.05,-226
166.16,-227
166.25,-231
166.31,-166
166.36,-57
166.42,-58
166.47,-63
166.52,-63
166.58,-67
166.67,-74
166.74,-78
166.84,-85
166.94,-89
167,-91
167.05,-93
167.16,-96
167.27,-102
167.36,-105
167.42,-107
167.47,-108
167.52,-110
167.58,-113
167.69,-118
167.74,-120
167.84,-121
167.94,-123
168,-126
168.05,-129
168.11,-131
168.2,-134
168.27,-135
168.36,-138
168.42,-141
168.47,-141
168.53,-143
168.58,-145
168.69,-147
168.74,-148
168.84,-152
168.95,-157
169,-159
169.05,-160
169.11,-160
169.2,-162
169.27,-163
169.36,-168
169.42,-171
169.5,-171
169.55,-172
169.61,-173
169.7,-177
169.77,-179
169.88,-183
169.97,-185
170.03,-186
170.08,-186
170.19,-191
170.24,-193
170.34,-196
170.45,-197
170.5,-199
170.55,-201
170.61,-203
170.7,-206
170.77,-207
170.88,-208
170.97,-211
171.03,-214
171.08,-216
171.19,-219
171.24,-219
171.3,-220
171.39,-222
171.45,-224
171.5,-226
171.55,-228
171.61,-230
171.72,-204
171.77,-77
171.88,-67
171.97,-77
172.03,-77
172.08,-80
172.14,-81
172.19,-84
172.24,-86
172.3,-89
172.39,-96
172.45,-98
172.5,-100
172.56,-101
172.61,-103
172.72,-106
172.77,-109
172.88,-114
172.97,-117
173.03,-118
173.08,-120
173.14,-123
173.19,-126
173.24,-128
173.3,-128
173.39,-131
173.45,-132
173.5,-133
173.56,-136
173.61,-139
173.72,-143
173.77,-144
173.91,-146
174,-150
174.06,-153
174.11,-155
174.22,-158
174.27,-158
174.33,-159
174.42,-163
174.49,-166
174.58,-170
174.64,-171
174.69,-171
174.77,-172
174.83,-174
174.92,-178
174.99,-181
175.08,-183
175.14,-183
175.19,-185
175.25,-185
175.3,-187
175.41,-191
175.5,-194
175.56,-195
175.61,-196
175.67,-198
175.72,-200
175.77,-203
175.83,-204
175.92,-206
175.99,-206
176.09,-208
176.19,-213
176.25,-215
176.3,-216
176.41,-218
176.52,-220
176.61,-223
176.67,-225
176.72,-227
176.77,-228
176.83,-229
176.92,-228
176.99,-101
177.09,-68
177.19,-73
177.25,-76
177.3,-78
177.41,-84
177.52,-92
177.61,-97
177.67,-98
177.72,-99
177.77,-102
177.83,-102
177.94,-108
177.99,-110
178.09,-114
178.19,-116
178.25,-118
178.3,-121
178.36,-124
178.45,-127
178.52,-127
178.61,-129
178.67,-131
178.72,-133
178.78,-136
178.83,-139
178.94,-141
178.99,-142
179.09,-145
179.2,-147
179.25,-150
179.3,-152
179.36,-153
179.45,-155
179.52,-156
179.63,-161
179.72,-165
179.78,-165
179.83,-166
179.94,-168
179.99,-170
180.09,-174
180.2,-177
180.25,-178
180.3,-179
180.36,-180
180.45,-183
180.52,-185
180.63,-188
180.72,-190
180.78,-191
180.83,-193
180.94,-198
180.99,-199
181.05,-201
181.14,-201
181.2,-202
181.25,-203
181.3,-206
181.36,-208
181.47,-212
181.55,-212
181.64,-214
181.7,-216
181.75,-218
181.8,-220
181.86,-222
181.97,-224
182.02,-224
182.13,-226
182.22,-230
182.28,-232
182.33,-169
182.39,-59
182.44,-62
182.49,-68
182.55,-72
182.64,-81
182.7,-81
182.75,-84
182.81,-87
182.86,-88
182.97,-93
183.02,-96
183.13,-102
183.24,-105
183.33,-107
183.39,-108
183.44,-111
183.49,-114
183.55,-117
183.64,-120
183.7,-120
183.75,-122
183.81,-124
183.86,-127
183.97,-132
184.02,-132
184.13,-134
184.24,-136
184.33,-141
184.39,-143
184.44,-145
184.52,-146
184.63,-148
184.74,-152
184.83,-157
184.89,-158
184.94,-159
184.99,-159
185.05,-160
185.16,-164
185.25,-169
185.31,-170
185.36,-171
185.44,-171
185.5,-173
185.55,-175
185.66,-180
185.75,-183
185.81,-184
185.86,-185
185.97,-186
186.02,-188
186.08,-190
186.17,-194
186.24,-195
186.33,-197
186.39,-198
186.44,-201
186.5,-203
186.55,-205
186.66,-206
186.75,-207
186.81,-209
186.86,-211
186.92,-213
186.97,-215
187.02,-217
187.08,-217
187.17,-219
187.24,-219
187.34,-223
187.44,-227
187.5,-228
187.55,-228
187.66,-190
187.77,-65
187.86,-76
187.92,-76
187.97,-79
188.02,-81
188.08,-84
188.19,-90
188.24,-94
188.34,-99
188.44,-102
188.5,-104
188.55,-104
188.66,-110
188.77,-114
188.86,-116
188.92,-118
188.97,-120
189.02,-123
189.08,-126
189.19,-128
189.24,-129
189.34,-131
189.44,-135
189.5,-138
189.55,-140
189.61,-142
189.7,-143
189.77,-145
189.88,-146
189.97,-151
190.03,-154
190.08,-154
190.19,-156
190.24,-158
190.34,-163
190.45,-166
190.5,-166
190.55,-167
190.61,-168
190.74,-171
190.84,-176
190.95,-179
191,-179
191.05,-180
191.11,-181
191.2,-186
191.27,-188
191.38,-190
191.47,-191
191.53,-192
191.58,-194
191.69,-199
191.74,-200
191.8,-201
191.89,-203
191.95,-204
192,-206
192.05,-209
192.11,-209
192.22,-212
192.27,-212
192.38,-214
192.47,-218
192.53,-221
192.58,-222
192.64,-223
192.69,-223
192.77,-224
192.88,-228
192.97,-232
193.03,-223
193.08,-223
193.14,-92
193.19,-61
193.24,-67
193.3,-72
193.39,-81
193.45,-85
193.5,-87
193.56,-88
193.61,-90
193.72,-93
193.77,-96
193.88,-102
193.99,-105
194.08,-108
194.14,-111
194.19,-114
194.24,-117
194.3,-119
194.41,-120
194.5,-123
194.56,-124
194.61,-127
194.72,-133
194.77,-134
194.88,-136
194.99,-140
195.08,-142
195.19,-147
195.24,-148
195.3,-149
195.41,-152
195.5,-156
195.56,-159
195.61,-160
195.72,-161
195.77,-161
195.83,-162
195.92,-167
195.99,-170
196.08,-173
196.14,-173
196.19,-175
196.25,-176
196.3,-176
196.41,-181
196.5,-185
196.56,-186
196.61,-186
196.67,-187
196.72,-190
196.77,-192
196.83,-195
196.92,-197
196.99,-197
197.09,-199
197.19,-203
197.25,-205
197.3,-207
197.41,-209
197.52,-211
197.61,-213
197.67,-215
197.72,-218
197.77,-220
197.83,-221
197.92,-222
197.99,-223
198.09,-228
198.19,-231
198.25,-231
198.3,-209
198.41,-71
198.52,-83
198.61,-91
198.67,-94
198.72,-95
198.77,-97
198.83,-100
198.94,-103
198.99,-106
199.09,-111
199.19,-113
199.25,-114
199.3,-117
199.36,-120
199.45,-125
199.52,-126
199.61,-127
199.67,-128
199.72,-130
199.78,-133
199.83,-136
199.94,-140
199.99,-141
200.09,-143
200.25,-148
200.3,-150
200.36,-152
200.45,-154
200.52,-155
200.61,-159
200.67,-162
200.72,-164
200.78,-166
200.83,-166
200.94,-168
200.99,-168
201.06,-171
201.13,-176
201.22,-177
201.28,-179
201.33,-179
201.44,-182
201.49,-185
201.55,-187
201.64,-191
201.7,-192
201.75,-192
201.8,-192
201.86,-193
201.95,-198
202.02,-201
202.13,-203
202.22,-205
202.28,-206
202.33,-209
202.44,-213
202.49,-213
202.55,-215
202.64,-216
202.7,-217
202.75,-219
202.8,-222
202.86,-224
202.97,-227
203.02,-227
203.13,-228
203.22,-222
203.28,-93
203.33,-59
203.39,-67
203.44,-71
203.49,-74
203.55,-77
203.64,-84
203.7,-88
203.75,-88
203.81,-91
203.86,-93
203.97,-96
204.02,-98
204.13,-104
204.24,-109
204.33,-112
204.39,-113
204.44,-113
204.49,-115
204.55,-118
204.66,-123
204.75,-125
204.81,-127
204.86,-128
204.97,-133
205.02,-136
205.08,-136
205.17,-139
205.24,-139
205.33,-142
205.47,-148
205.52,-150
205.58,-151
205.67,-153
205.74,-154
205.83,-159
205.89,-161
205.94,-163
206,-164
206.05,-164
206.16,-166
206.25,-170
206.31,-172
206.36,-174
206.42,-176
206.47,-176
206.52,-177
206.58,-178
206.67,-181
206.74,-183
206.83,-187
206.89,-188
206.94,-189
207,-190
207.05,-191
207.16,-196
207.25,-200
207.31,-200
207.36,-200
207.42,-201
207.47,-202
207.52,-204
207.58,-207
207.67,-211
207.74,-212
207.84,-213
207.94,-217
208,-217
208.05,-219
208.16,-223
208.27,-224
208.36,-227
208.42,-229
208.47,-232
208.52,-219
208.58,-90
208.69,-82
208.74,-86
208.84,-94
208.94,-102
209,-105
209.05,-107
209.11,-109
209.2,-113
209.27,-113
209.36,-119
209.42,-122
209.47,-123
209.53,-125
209.58,-126
209.69,-130
209.74,-133
209.84,-138
209.95,-139
210,-140
210.05,-141
210.11,-143
210.2,-148
210.27,-151
210.38,-153
210.47,-155
210.53,-158
210.58,-158
210.69,-163
210.74,-164
210.8,-166
210.89,-167
210.95,-169
211,-171
211.08,-173
211.19,-177
211.24,-178
211.3,-179
211.39,-182
211.45,-184
211.5,-187
211.55,-187
211.61,-188
211.72,-190
211.77,-191
211.88,-195
211.97,-199
212.03,-200
212.08,-201
212.14,-202
212.19,-202
212.24,-203
212.3,-205
212.39,-210
212.45,-212
212.5,-213
212.55,-213
212.61,-214
212.72,-218
212.77,-220
212.88,-222
212.97,-224
213.03,-225
213.08,-225
213.14,-227
213.19,-230
213.24,-232
213.3,-145
213.38,-60
213.49,-69
213.58,-77
213.64,-81
213.69,-85
213.74,-88
213.8,-88
213.91,-92
214,-96
214.06,-99
214.11,-102
214.22,-106
214.27,-107
214.38,-110
214.49,-113
214.58,-118
214.64,-120
214.69,-122
214.74,-122
214.8,-124
214.91,-128
215,-133
215.06,-134
215.11,-134
215.22,-136
215.27,-138
215.33,-140
215.52,-146
215.61,-148
215.72,-151
215.77,-154
215.83,-156
215.92,-160
215.99,-161
216.08,-161
216.14,-163
216.19,-164
216.25,-167
216.3,-169
216.41,-172
216.5,-174
216.56,-176
216.61,-178
216.67,-180
216.72,-180
216.77,-183
216.83,-184
216.92,-186
216.99,-187
217.08,-191
217.14,-194
217.19,-196
217.25,-197
217.3,-197
217.41,-198
217.5,-202
217.56,-204
217.61,-207
217.67,-208
217.72,-209
217.77,-209
217.83,-210
217.92,-214
217.99,-217
218.09,-218
218.19,-220
218.25,-221
218.3,-222
218.41,-227
218.52,-230
218.61,-110
218.67,-110
218.72,-45
218.77,-51
218.83,-58
218.94,-67
218.99,-70
219.09,-74
219.19,-80
219.25,-84
219.3,-87
219.49,-87
219.59,-96
219.69,-99
219.75,-102
221.22,-104
221.27,-148
221.33,-150
221.44,-155
221.49,-157
