时间,微压差
0.05,2
0.11,2
0.16,1
0.22,0
0.27,0
0.38,1
0.47,2
0.66,1
0.72,0
0.77,0
0.88,2
0.99,2
1.08,0
1.14,0
1.19,0
1.24,0
1.3,2
1.41,2
1.5,0
1.56,0
1.61,0
1.72,1
1.77,2
1.83,2
1.92,0
1.99,0
2.08,1
2.14,1
2.24,2
2.3,1
2.41,0
2.5,0
2.56,1
2.66,2
2.72,1
2.83,0
2.92,0
2.99,1
3.08,2
3.14,1
3.25,0
3.34,0
3.41,1
3.5,2
3.56,2
3.67,0
3.72,0
3.83,1
3.92,2
3.99,1
4.09,0
4.19,0
4.25,0
4.34,2
4.41,2
4.52,0
4.61,0
4.67,1
4.77,2
4.83,2
4.94,0
5.03,0
5.09,0
5.19,2
5.25,2
5.34,0
5.41,0
5.52,0
5.61,2
5.67,2
5.77,0
5.83,0
5.94,0
6.03,2
6.09,2
6.19,1
6.25,0
6.36,0
6.45,2
6.52,2
6.61,0
6.67,0
6.78,0
6.88,1
6.94,2
7.03,1
7.09,0
7.2,0
7.3,2
7.36,2
7.45,1
7.52,0
7.63,0
7.72,1
7.78,2
7.88,1
7.94,0
8.05,0
8.14,1
8.2,2
8.25,2
8.3,1
8.36,0
8.41,0
8.47,0
8.56,1
8.63,2
8.72,1
8.78,1
8.83,0
8.89,0
8.99,1
9.05,1
9.14,1
9.2,0
9.25,0
9.3,0
9.36,0
9.41,0
9.47,2
9.56,2
9.63,1
9.72,0
9.78,0
9.83,1
9.89,2
9.99,2
10.05,1
10.14,0
10.2,0
10.25,0
10.31,2
10.41,2
10.47,1
10.56,0
10.63,0
10.74,1
10.83,2
10.89,1
10.99,0
11.05,0
11.16,1
11.25,1
11.31,1
11.41,0
11.47,0
11.58,1
11.63,2
11.74,1
11.83,0
11.89,0
11.99,1
12.05,1
12.16,1
12.25,0
12.31,0
12.41,1
12.47,2
12.58,2
12.63,1
12.74,0
12.83,1
12.89,1
13,2
13.05,1
13.16,-1
13.25,0
13.31,1
13.42,2
13.47,1
13.58,0
13.63,0
13.74,2
13.84,2
13.89,2
14,0
14.05,0
14.16,1
14.25,2
14.31,1
14.42,0
14.47,0
14.58,1
14.63,2
14.74,2
14.84,0
14.89,0
15,1
15.05,2
15.16,2
15.27,0
15.36,0
15.42,1
15.47,1
15.58,1
15.63,1
15.69,0
15.74,0
15.84,0
15.89,1
16,2
16.05,1
16.11,0
16.16,-1
16.27,1
16.36,2
16.42,1
16.52,0
16.58,0
16.63,0
16.69,0
16.78,2
16.84,2
16.89,1
16.94,0
17,-1
17.05,0
17.11,0
17.16,1
17.27,2
17.36,0
17.42,0
17.53,0
17.63,2
17.69,2
17.78,1
17.84,0
17.89,-1
17.95,0
18,1
18.05,2
18.11,2
18.16,1
18.27,0
18.38,0
18.47,1
18.53,2
18.63,1
18.69,0
18.8,0
18.89,2
18.95,2
19,1
19.05,1
19.11,0
19.16,0
19.27,0
19.38,2
19.47,1
19.53,0
19.63,0
19.69,1
19.8,2
19.89,1
19.95,0
20,0
20.05,0
20.11,0
20.16,1
20.22,2
20.27,1
20.38,1
20.47,0
20.53,0
20.64,2
20.69,2
20.8,0
20.89,0
20.95,0
21,0
21.06,1
21.11,2
21.16,1
21.22,1
21.27,0
21.38,0
21.49,2
21.58,1
21.64,1
21.69,0
21.8,0
21.91,1
22,2
22.06,1
22.11,0
22.16,0
22.22,0
22.27,1
22.33,1
22.38,2
22.49,1
22.58,0
22.64,0
22.69,0
22.8,2
22.91,1
23,0
23.06,0
23.11,0
23.16,1
23.22,2
23.27,1
23.33,1
23.38,0
23.49,0
23.58,0
23.64,1
23.69,2
23.75,1
23.8,1
23.91,0
24,1
24.06,2
24.11,2
24.17,1
24.27,0
24.33,0
24.38,0
24.49,1
24.59,1
24.64,1
24.69,0
24.75,0
24.8,0
24.91,1
25,2
25.06,1
25.11,0
25.17,-1
25.27,1
25.33,1
25.38,2
25.49,1
25.59,0
25.64,0
25.69,0
25.75,1
25.8,2
25.91,1
26.02,0
26.11,1
26.17,1
26.27,2
26.33,2
26.38,1
26.44,0
26.53,0
26.59,1
26.64,2
26.69,2
26.75,1
26.8,0
26.86,0
26.91,0
27.02,1
27.11,2
27.17,1
27.28,0
27.38,0
27.44,1
27.53,2
27.59,2
27.64,1
27.7,0
27.75,0
27.8,0
27.86,0
27.91,2
28.02,2
28.13,0
28.22,-1
28.28,0
28.38,2
28.44,2
28.53,0
28.59,-1
28.64,0
28.7,0
28.75,2
28.8,2
28.86,2
28.91,1
29.02,0
29.13,0
29.22,2
29.28,2
29.38,0
29.44,0
29.55,0
29.64,2
29.7,2
29.75,1
29.8,0
29.86,0
29.91,0
30.02,1
30.13,2
30.22,1
30.28,0
30.38,0
30.44,1
30.55,2
30.64,1
30.7,0
30.75,0
30.8,0
30.86,0
30.91,1
30.97,2
31.02,2
31.13,0
31.22,0
31.28,1
31.39,2
31.44,2
31.55,0
31.64,0
31.7,0
31.75,1
31.81,2
31.86,2
31.91,1
31.97,0
32.02,0
32.13,0
32.24,2
32.33,1
32.39,0
32.49,0
32.55,0
32.66,1
32.75,2
32.81,1
32.91,0
32.97,0
33.02,1
33.13,2
33.24,0
33.33,0
33.39,0
33.49,1
33.55,2
33.66,1
33.75,0
33.81,0
33.91,2
33.97,2
34.02,2
34.08,1
34.13,0
34.24,0
34.33,1
34.39,2
34.5,1
34.59,0
34.66,0
34.75,1
34.81,2
34.92,1
35.02,0
35.08,0
35.13,1
35.24,2
35.34,2
35.44,0
35.5,0
35.59,1
35.66,2
35.75,1
35.81,0
35.92,0
36.02,1
36.08,1
36.13,2
36.24,1
36.34,0
36.44,1
36.5,1
36.59,2
36.66,1
36.77,0
36.86,1
36.92,1
37.02,1
37.08,1
37.13,0
37.19,0
37.24,0
37.34,1
37.44,2
37.5,1
37.61,0
37.7,0
37.77,1
37.86,2
37.92,1
38.03,0
38.13,0
38.19,1
38.24,2
38.34,1
38.45,-1
38.55,-1
38.61,0
38.7,1
38.77,1
38.86,-1
38.92,-1
39.03,0
39.13,1
39.19,1
39.24,0
39.34,-1
39.45,0
39.55,1
39.61,1
39.7,-1
39.77,-1
39.88,-1
39.97,1
40.03,1
40.13,-1
40.19,-1
40.24,-1
40.3,0
40.39,1
40.45,1
40.55,0
40.61,-1
40.72,0
40.77,0
40.88,1
40.97,-1
41.03,-1
41.13,-1
41.19,0
41.24,1
41.3,1
41.39,0
41.45,-1
41.55,0
41.61,0
41.72,1
41.77,1
41.88,-1
41.97,-1
42.03,0
42.14,1
42.24,-1
42.3,-2
42.39,-1
42.45,-1
42.56,0
42.66,-1
42.74,-2
42.81,-2
42.89,-1
42.99,-1
43.05,-1
43.16,-4
43.25,-6
43.31,-6
43.41,-6
43.47,-7
43.52,-9
43.58,-11
43.63,-12
43.74,-12
43.83,-12
43.89,-13
44,-18
44.09,-21
44.17,-22
44.24,-23
44.33,-26
44.39,-29
44.5,-34
44.59,-37
44.66,-37
44.75,-40
44.81,-42
44.92,-48
45.02,-51
45.08,-52
45.13,-53
45.24,-58
45.34,-61
45.44,-65
45.5,-65
45.59,-68
45.66,-71
45.77,-76
45.86,-79
45.92,-79
46.02,-81
46.08,-83
46.13,-86
46.19,-88
46.24,-90
46.34,-91
46.44,-93
46.5,-95
46.59,-98
46.66,-99
46.77,-101
46.86,-102
46.92,-103
47.02,-107
47.08,-109
47.13,-109
47.19,-110
47.24,-110
47.34,-111
47.44,-115
47.5,-117
47.61,-119
47.7,-120
47.77,-121
47.86,-126
47.92,-126
48.03,-128
48.13,-128
48.19,-129
48.24,-131
48.34,-135
48.45,-136
48.55,-137
48.61,-138
48.7,-142
48.77,-144
48.97,-146
49.03,-148
49.13,-152
49.19,-154
49.24,-154
49.34,-155
49.45,-156
49.55,-160
49.61,-162
49.7,-164
49.77,-164
49.88,-165
49.97,-168
50.05,-171
50.11,-173
50.2,-173
50.27,-174
50.38,-176
50.47,-180
50.53,-181
50.63,-182
50.69,-183
50.74,-184
50.8,-186
50.89,-188
50.95,-190
51.05,-191
51.11,-191
51.22,-194
51.27,-196
51.38,-199
51.47,-199
51.53,-200
51.64,-202
51.74,-206
51.8,-208
51.89,-209
51.95,-209
52.06,-212
52.16,-214
52.22,-110
52.27,-52
52.38,-62
52.49,-68
52.58,-75
52.64,-77
52.74,-80
52.8,-80
52.89,-83
52.95,-86
53.06,-92
53.16,-94
53.22,-94
53.27,-95
53.38,-100
53.49,-102
53.58,-105
53.64,-105
53.74,-107
53.8,-110
53.91,-114
54,-116
54.06,-116
54.16,-117
54.22,-119
54.27,-122
54.33,-124
54.38,-125
54.49,-126
54.58,-129
54.64,-131
54.75,-134
54.84,-137
54.91,-137
55,-138
55.06,-140
55.17,-145
55.25,-146
55.34,-147
55.41,-148
55.5,-151
55.56,-154
55.67,-157
55.77,-157
55.83,-157
55.88,-158
55.99,-163
56.09,-166
56.19,-167
56.25,-168
56.34,-169
56.41,-172
56.52,-176
56.61,-177
56.67,-177
56.77,-180
56.86,-185
56.92,-186
57.02,-187
57.08,-187
57.13,-188
57.24,-192
57.34,-196
57.44,-197
57.5,-197
57.56,-199
57.67,-200
57.78,-204
57.86,-206
57.92,-206
58.02,-209
58.08,-211
58.13,-213
58.19,-172
58.24,-60
58.34,-52
58.44,-61
58.5,-65
58.61,-72
58.7,-76
58.77,-77
58.86,-81
58.92,-81
59.03,-87
59.13,-90
59.19,-91
59.24,-92
59.34,-97
59.45,-102
59.55,-103
59.61,-104
59.7,-106
59.77,-108
59.86,-113
59.92,-115
60.03,-116
60.13,-119
60.19,-121
60.24,-121
60.34,-126
60.45,-127
60.55,-129
60.61,-131
60.7,-136
60.77,-137
60.88,-138
60.97,-139
61.03,-141
61.19,-147
61.24,-148
61.3,-149
63.14,-191
63.24,-195
63.3,-197
63.41,-199
63.5,-199
63.56,-200
63.66,-203
63.72,-206
63.77,-207
63.83,-208
63.88,-209
63.99,-210
64.08,-212
64.14,-196
64.24,-61
64.3,-66
64.41,-71
64.5,-78
64.56,-81
64.66,-85
64.72,-86
64.83,-88
64.92,-92
64.99,-95
65.08,-99
65.14,-100
65.25,-101
65.34,-106
65.41,-106
65.5,-110
65.56,-111
65.67,-113
65.77,-117
65.83,-119
65.92,-122
65.99,-123
66.09,-123
66.19,-126
66.27,-131
66.33,-133
66.44,-133
66.53,-134
66.59,-136
66.69,-141
66.75,-142
66.84,-144
66.91,-144
67.06,-147
67.17,-152
67.27,-154
67.33,-154
67.44,-156
67.53,-161
67.59,-163
67.69,-163
67.75,-164
67.86,-166
67.95,-170
68.02,-172
68.13,-174
68.24,-175
68.33,-176
68.45,-180
68.53,-183
68.59,-184
68.7,-185
68.81,-189
68.91,-193
68.97,-193
69.06,-193
69.13,-194
69.19,-195
69.28,-199
69.38,-202
69.44,-202
69.55,-204
69.64,-206
69.75,-210
69.86,-212
69.97,-184
70.08,-55
70.17,-65
70.28,-68
70.38,-72
70.45,-75
70.55,-81
70.66,-86
70.77,-88
70.86,-92
70.97,-95
71.08,-99
71.19,-101
71.28,-103
71.39,-108
71.45,-110
71.55,-112
71.61,-112
71.7,-113
71.81,-118
71.92,-122
72.03,-123
72.13,-125
72.19,-127
72.28,-130
72.34,-132
72.44,-133
72.5,-134
72.61,-137
72.7,-141
72.77,-142
72.88,-143
72.97,-144
73.08,-148
73.19,-152
73.3,-154
73.39,-155
73.45,-157
73.55,-160
73.61,-162
73.72,-164
73.81,-165
73.88,-166
73.97,-171
74.05,-173
74.11,-174
74.2,-174
74.27,-175
74.36,-180
74.42,-182
74.53,-183
74.63,-184
74.69,-185
74.78,-188
74.84,-191
74.95,-193
75.05,-194
75.16,-195
75.22,-197
75.31,-201
75.38,-202
75.49,-203
75.58,-205
75.67,-210
75.74,-211
75.83,-212
75.89,-212
76.02,-55
76.11,-56
76.22,-64
76.31,-68
76.38,-69
76.49,-73
76.58,-79
76.69,-82
76.75,-84
76.84,-86
76.91,-89
77,-94
77.06,-96
77.16,-96
77.22,-97
77.33,-100
77.44,-105
77.53,-108
77.59,-109
77.69,-111
77.78,-113
77.84,-116
77.94,-120
78,-120
78.11,-122
78.22,-126
78.28,-129
78.38,-130
78.44,-131
78.53,-132
78.59,-134
78.7,-138
78.8,-141
78.89,-142
78.95,-143
79.02,-143
79.11,-147
79.22,-151
79.31,-152
79.38,-152
79.47,-156
79.53,-158
79.63,-161
79.69,-161
79.8,-162
79.89,-164
79.95,-166
80.05,-169
80.11,-170
80.2,-171
80.28,-172
80.34,-174
80.45,-178
80.55,-179
80.61,-180
80.72,-181
80.83,-185
80.92,-188
81.03,-189
81.09,-190
81.19,-193
81.25,-196
81.36,-197
81.45,-198
81.52,-199
81.61,-202
81.72,-206
81.83,-208
81.92,-208
81.99,-208
82.09,-212
82.19,-80
82.25,-36
82.34,-45
82.41,-49
82.47,-53
82.56,-60
82.67,-62
82.78,-65
82.88,-69
82.94,-72
83.03,-77
83.09,-79
83.19,-80
83.3,-82
83.41,-87
83.5,-91
83.56,-91
83.66,-93
83.74,-95
83.83,-100
83.94,-101
84.03,-103
84.09,-103
84.19,-107
84.25,-110
84.31,-112
84.41,-114
84.52,-115
84.61,-117
84.67,-119
84.77,-123
84.83,-124
84.94,-125
85.03,-128
85.14,-133
85.25,-134
85.34,-135
85.41,-136
85.47,-137
85.56,-142
85.67,-144
85.77,-145
85.89,-146
85.95,-151
86.02,-152
86.11,-154
86.17,-154
86.24,-154
86.33,-157
86.44,-162
86.53,-164
86.59,-164
86.69,-166
86.75,-168
86.86,-170
86.95,-173
87.02,-173
87.11,-174
87.19,-176
87.27,-180
87.33,-181
87.5,-182
87.59,-184
87.69,-188
87.75,-190
87.81,-191
87.91,-192
88.02,-195
88.13,-198
88.22,-201
88.28,-201
88.39,-202
88.49,-206
88.55,-208
88.64,-211
88.7,-211
88.81,-211
88.91,-149
88.97,-57
89.06,-66
89.19,-72
89.28,-76
89.38,-79
89.44,-83
89.55,-87
89.64,-88
89.7,-90
89.8,-95
89.86,-98
89.97,-100
90.06,-101
90.13,-101
90.22,-105
90.28,-108
90.39,-111
90.49,-111
90.55,-112
90.64,-117
90.7,-117
90.8,-120
90.86,-121
90.97,-122
91.06,-126
91.13,-128
91.2,-130
91.27,-131
91.38,-132
91.47,-136
91.53,-138
91.63,-141
91.69,-141
91.8,-141
91.89,-144
91.95,-146
92.05,-150
92.11,-151
92.22,-152
92.31,-153
92.38,-155
92.47,-159
92.53,-160
92.61,-160
92.72,-162
92.81,-165
92.88,-168
92.95,-169
93.06,-170
93.19,-171
93.3,-176
93.39,-178
93.45,-179
93.56,-180
93.66,-184
93.72,-186
93.83,-187
93.92,-188
93.99,-188
94.08,-192
94.19,-195
94.3,-196
94.39,-197
94.45,-200
94.56,-204
94.66,-205
94.72,-205
94.81,-206
94.88,-207
94.99,-212
95.08,-214
95.14,-116
95.24,-50
95.3,-56
95.41,-65
95.5,-72
95.56,-74
95.66,-77
95.72,-79
95.83,-85
95.92,-87
95.99,-89
96.08,-90
96.14,-92
96.25,-97
96.34,-101
96.41,-102
96.5,-103
96.56,-103
96.67,-107
96.77,-112
96.83,-112
96.92,-114
96.99,-115
97.08,-120
97.14,-122
97.25,-123
97.34,-124
97.41,-125
97.49,-129
97.59,-131
97.69,-133
97.75,-134
97.84,-135
97.91,-137
98.02,-142
98.11,-143
98.17,-143
98.27,-144
98.33,-146
98.44,-150
98.53,-153
98.59,-153
98.69,-154
98.75,-157
98.84,-158
98.91,-161
99.02,-162
99.11,-163
99.17,-165
99.28,-169
99.41,-171
99.53,-172
99.59,-173
99.69,-177
99.75,-179
99.86,-180
99.95,-181
100.02,-182
100.11,-184
100.17,-186
100.28,-189
100.38,-189
100.44,-190
100.53,-194
100.59,-196
100.7,-198
100.8,-198
100.86,-199
100.95,-202
101.02,-205
101.13,-206
101.22,-207
101.28,-208
101.38,-210
101.44,-212
101.55,-168
101.64,-50
101.7,-54
101.8,-63
101.86,-67
101.97,-72
102.06,-73
102.13,-74
102.22,-79
102.28,-82
102.39,-86
102.49,-88
102.55,-89
102.64,-94
102.7,-94
102.81,-98
102.91,-100
102.97,-101
103.06,-105
103.13,-107
103.24,-110
103.33,-111
103.39,-111
103.49,-114
103.55,-116
103.64,-120
103.7,-121
103.81,-122
103.91,-126
103.97,-128
104.06,-130
104.13,-131
104.24,-132
104.33,-135
104.39,-137
104.49,-140
104.55,-141
104.66,-141
104.75,-143
104.86,-148
104.97,-150
105.08,-151
105.17,-154
105.24,-156
105.33,-158
105.39,-159
105.5,-160
105.59,-162
105.66,-165
105.75,-168
105.81,-169
105.92,-170
106.05,-171
106.16,-177
106.25,-178
106.31,-178
106.42,-179
106.52,-183
106.58,-185
106.67,-187
106.74,-187
106.84,-189
106.94,-191
107,-193
107.09,-196
107.16,-196
107.27,-197
107.36,-201
107.42,-202
107.52,-205
107.58,-205
107.69,-205
107.78,-208
107.84,-210
107.94,-213
108,-213
108.11,-41
108.27,-53
108.36,-61
108.42,-63
108.53,-66
108.63,-72
108.69,-74
108.78,-79
108.84,-79
108.95,-81
109.05,-84
109.11,-87
109.2,-91
109.27,-92
109.36,-93
109.42,-95
109.53,-97
109.63,-102
109.69,-103
109.78,-104
109.84,-105
109.95,-109
110.05,-113
110.11,-113
110.2,-114
110.27,-114
110.38,-118
110.47,-122
110.53,-123
110.63,-124
110.69,-125
110.8,-127
110.89,-131
110.95,-133
111.05,-134
111.11,-134
111.22,-138
111.31,-141
111.38,-142
111.47,-142
111.53,-142
111.64,-144
111.74,-148
111.8,-149
111.89,-150
111.95,-151
112.05,-155
112.11,-155
112.22,-160
112.31,-161
112.38,-162
112.47,-164
112.53,-166
112.64,-169
112.74,-170
112.8,-170
112.91,-172
113,-176
113.06,-178
113.16,-179
113.22,-179
113.31,-182
113.41,-184
113.47,-186
113.56,-188
113.63,-188
113.74,-190
113.8,-192
113.89,-196
114,-196
114.11,-197
114.2,-199
114.27,-202
114.36,-206
114.42,-206
114.53,-208
114.63,-211
114.69,-211
114.78,-214
114.84,-213
114.94,-48
115,-49
115.11,-59
115.2,-66
115.27,-68
115.36,-70
115.42,-71
115.53,-77
115.63,-82
115.69,-83
115.8,-85
115.89,-89
115.95,-92
116.05,-94
116.11,-96
116.2,-97
116.27,-98
116.38,-102
116.47,-106
116.53,-107
116.63,-108
116.69,-108
116.8,-111
116.89,-116
116.95,-117
117.05,-118
117.11,-119
117.22,-123
117.31,-125
117.38,-126
117.47,-127
117.53,-128
117.64,-131
117.74,-135
117.8,-136
117.89,-137
117.95,-137
118.06,-139
118.16,-143
118.3,-146
118.39,-146
118.45,-148
118.55,-152
118.61,-154
118.72,-155
118.81,-156
118.88,-158
118.97,-160
119.03,-162
119.14,-164
119.24,-164
119.3,-166
119.36,-167
119.45,-171
119.53,-172
119.63,-172
119.69,-174
119.75,-175
119.84,-179
119.91,-179
120,-181
120.06,-181
120.16,-183
120.22,-185
120.33,-189
120.44,-189
120.53,-189
120.63,-192
120.7,-195
120.8,-198
120.89,-198
120.95,-198
121.06,-202
121.17,-204
121.27,-206
121.38,-206
121.44,-207
121.53,-211
121.64,-214
121.7,-194
121.8,-75
121.89,-60
121.97,-65
122.06,-72
122.16,-75
122.22,-77
122.28,-79
122.38,-84
122.47,-87
122.53,-89
122.64,-90
122.75,-94
122.84,-99
122.91,-101
122.97,-102
123.06,-103
123.17,-104
123.28,-108
123.38,-111
123.44,-112
123.53,-114
123.59,-115
123.7,-120
123.8,-121
123.91,-122
124.02,-124
124.13,-128
124.24,-131
124.33,-132
124.44,-132
124.55,-136
124.64,-140
124.7,-140
124.8,-141
124.86,-142
124.95,-146
125.06,-148
125.17,-149
125.27,-150
125.33,-152
125.42,-157
125.49,-158
125.59,-158
125.7,-159
125.81,-162
125.91,-165
126,-167
126.06,-167
126.16,-169
126.22,-171
126.33,-174
126.39,-174
126.5,-175
126.59,-177
126.66,-178
126.75,-182
126.81,-183
126.91,-183
127.02,-184
127.13,-188
127.22,-191
127.28,-191
127.39,-192
127.47,-193
127.58,-197
127.67,-200
127.74,-200
127.83,-202
127.92,-205
127.99,-205
128.05,-207
128.14,-209
128.2,-209
128.25,-210
128.31,-211
128.36,-181
128.45,-52
128.52,-57
128.63,-60
128.72,-64
128.78,-68
128.83,-71
128.94,-76
128.99,-77
129.05,-78
129.14,-81
129.2,-84
129.25,-84
129.3,-87
129.36,-89
129.45,-91
129.52,-92
129.61,-95
129.67,-97
129.75,-100
129.81,-101
129.86,-102
129.97,-103
130.02,-105
130.08,-107
130.17,-111
130.24,-111
130.36,-112
130.45,-116
130.52,-118
130.58,-118
130.67,-122
130.74,-122
130.83,-123
130.94,-127
130.99,-129
131.05,-131
131.14,-132
131.2,-132
131.27,-132
131.36,-135
131.42,-137
131.47,-139
131.52,-140
131.58,-141
131.67,-142
131.72,-143
131.78,-145
131.86,-147
131.97,-150
132.02,-150
132.13,-151
132.24,-153
132.33,-157
132.39,-158
132.44,-159
132.49,-159
132.55,-160
132.64,-163
132.7,-165
132.75,-167
132.8,-168
132.86,-168
132.97,-168
133.02,-169
133.09,-171
133.16,-173
133.25,-176
133.3,-177
133.36,-177
133.47,-179
133.52,-181
133.58,-183
133.67,-185
133.74,-185
133.8,-185
133.89,-186
133.95,-188
134,-190
134.06,-192
134.11,-193
134.2,-193
134.27,-194
134.36,-197
134.47,-199
134.52,-200
134.58,-201
134.67,-201
134.74,-203
134.84,-206
134.95,-209
135.05,-210
135.16,-210
135.22,-211
135.27,-213
135.38,-55
135.52,-50
135.59,-56
135.66,-60
135.72,-64
135.77,-67
135.86,-71
135.92,-71
135.99,-73
136.08,-75
136.17,-81
136.24,-83
136.3,-84
136.39,-85
136.44,-87
136.5,-89
136.55,-91
136.61,-93
136.72,-95
136.77,-95
136.86,-96
136.92,-98
136.97,-100
137.03,-103
137.08,-105
137.19,-106
137.24,-106
137.34,-109
137.45,-112
137.5,-114
137.55,-115
137.61,-115
137.7,-116
137.77,-118
137.88,-122
137.97,-124
138.03,-124
138.08,-125
138.19,-127
138.24,-129
138.3,-132
138.39,-135
138.45,-136
138.5,-136
138.55,-137
138.61,-139
138.72,-141
138.77,-143
139.08,-146
139.14,-150
139.19,-152
139.24,-153
139.3,-153
139.39,-153
139.45,-154
139.5,-155
139.56,-158
139.61,-160
139.67,-161
139.72,-162
139.77,-162
139.88,-164
139.94,-166
139.99,-166
140.08,-170
140.16,-171
140.25,-171
140.3,-172
140.39,-175
140.45,-177
140.52,-178
140.61,-179
140.67,-179
140.72,-179
140.77,-181
140.88,-185
140.99,-187
141.08,-188
141.14,-188
141.19,-190
141.24,-190
141.3,-192
141.41,-195
141.52,-195
141.61,-197
141.67,-199
141.72,-200
141.78,-202
141.83,-203
141.92,-203
141.97,-203
142.03,-204
142.09,-205
142.2,-209
142.25,-210
142.3,-211
142.39,-211
142.45,-212
142.52,-111
142.61,-45
142.7,-55
142.77,-58
142.83,-60
142.92,-65
142.99,-69
143.08,-73
143.14,-74
143.19,-74
143.24,-75
143.3,-75
143.41,-79
143.5,-84
143.56,-86
143.61,-86
143.72,-89
143.77,-91
143.83,-94
143.94,-96
143.99,-97
144.08,-98
144.14,-99
144.19,-101
144.24,-103
144.3,-105
144.41,-107
144.47,-107
144.52,-107
144.61,-108
144.67,-110
144.72,-112
144.78,-114
144.83,-115
144.89,-116
144.99,-117
145.09,-120
145.2,-122
145.25,-124
145.3,-124
145.41,-125
145.47,-126
145.52,-128
145.63,-132
145.74,-133
145.83,-134
145.94,-136
145.99,-138
146.05,-140
146.14,-142
146.2,-142
146.25,-142
146.3,-143
146.42,-147
146.49,-149
146.55,-150
146.66,-151
146.75,-153
146.81,-153
146.86,-155
146.97,-158
147.02,-159
147.08,-159
147.17,-160
147.24,-162
147.33,-166
147.44,-166
147.5,-167
147.55,-167
147.66,-169
147.78,-173
147.83,-174
147.94,-175
148,-175
148.09,-178
148.2,-182
148.25,-183
148.3,-183
148.36,-183
148.47,-184
148.52,-185
148.61,-189
148.67,-190
148.74,-191
148.83,-191
148.94,-194
148.99,-196
149.05,-196
149.16,-199
149.27,-199
149.36,-201
149.47,-205
149.52,-206
149.63,-206
149.74,-206
149.83,-209
149.94,-213
150,-213
150.05,-95
150.14,-51
150.2,-56
150.25,-61
150.3,-64
150.36,-64
150.42,-67
150.47,-69
150.52,-70
150.63,-74
150.69,-77
150.74,-79
150.83,-83
150.94,-85
150.99,-85
151.05,-86
151.14,-91
151.2,-93
151.25,-95
151.31,-95
151.36,-96
151.45,-98
151.52,-100
151.63,-103
151.72,-106
151.8,-106
151.89,-107
151.95,-109
152,-111
152.05,-113
152.16,-115
152.25,-116
152.31,-116
152.36,-118
152.47,-121
152.53,-122
152.63,-122
152.69,-122
152.78,-125
152.89,-130
152.95,-130
153.05,-132
153.16,-133
153.25,-137
153.31,-139
153.36,-140
153.47,-141
153.53,-141
153.58,-141
153.67,-144
153.8,-148
153.89,-149
153.95,-149
154.05,-151
154.16,-155
154.22,-156
154.27,-156
154.36,-157
154.49,-157
154.58,-161
154.69,-164
154.74,-164
154.83,-165
154.91,-165
155,-169
155.05,-172
155.16,-174
155.22,-174
155.27,-174
155.36,-176
155.42,-178
155.47,-179
155.53,-179
155.58,-180
155.69,-179
155.74,-180
155.84,-183
155.95,-186
156,-187
156.05,-187
156.11,-188
156.22,-189
156.27,-190
156.36,-194
156.42,-195
156.49,-195
156.58,-195
156.67,-199
156.74,-201
156.8,-202
156.89,-203
156.95,-202
157,-203
157.05,-204
157.11,-205
157.2,-209
157.27,-210
157.38,-210
157.49,-210
157.58,-144
157.69,-51
157.74,-55
157.8,-58
157.89,-63
157.95,-66
158,-70
158.05,-72
158.11,-72
158.2,-75
158.27,-76
158.36,-80
158.42,-83
158.47,-85
158.52,-87
158.58,-88
158.69,-89
158.75,-91
158.8,-91
158.92,-95
158.99,-98
159.08,-99
159.19,-100
159.24,-101
159.3,-104
159.41,-107
159.5,-108
159.56,-109
159.61,-110
159.72,-114
159.77,-114
159.83,-116
159.92,-117
159.99,-117
160.08,-120
160.14,-123
160.19,-124
160.25,-126
160.3,-126
160.36,-127
160.45,-127
160.5,-128
160.56,-130
160.61,-133
160.67,-134
160.72,-135
160.77,-135
160.83,-135
160.94,-138
160.99,-140
161.09,-142
161.19,-143
161.25,-144
161.3,-144
161.44,-147
161.49,-149
161.59,-152
161.7,-152
161.75,-153
161.8,-155
161.91,-159
161.99,-160
162.06,-160
162.14,-161
162.19,-162
162.25,-165
162.3,-166
162.41,-168
162.5,-169
162.56,-169
162.61,-170
162.72,-174
162.78,-176
162.83,-177
162.92,-177
162.97,-177
163.03,-177
163.08,-179
163.14,-181
163.19,-183
163.24,-184
163.3,-185
163.36,-185
163.45,-186
163.52,-188
163.63,-190
163.7,-192
163.75,-193
163.81,-193
163.86,-193
163.97,-194
164.05,-198
164.11,-199
164.22,-200
164.27,-200
164.33,-201
164.42,-205
164.49,-207
164.59,-208
164.69,-208
164.74,-209
164.8,-117
164.86,-40
164.95,-47
165.05,-50
165.14,-54
165.2,-57
165.25,-60
165.3,-63
165.41,-67
165.52,-69
165.61,-71
165.67,-73
165.72,-76
165.77,-78
165.83,-80
165.94,-81
165.99,-82
166.09,-86
166.2,-90
166.25,-90
166.31,-91
166.36,-92
166.47,-93
166.52,-95
166.61,-100
166.67,-101
166.74,-102
166.83,-103
166.94,-104
166.99,-106
167.09,-110
167.19,-111
167.25,-112
167.3,-112
167.36,-114
167.42,-116
167.52,-118
167.63,-120
167.74,-120
167.84,-124
167.92,-128
167.99,-129
168.09,-130
168.16,-131
168.27,-132
168.36,-136
168.42,-138
168.47,-138
168.52,-138
168.58,-138
168.67,-142
168.74,-143
168.91,-146
169.02,-147
169.13,-149
169.24,-153
169.33,-154
169.39,-154
169.44,-155
169.49,-156
169.55,-158
169.64,-162
169.7,-162
169.75,-162
169.81,-162
169.86,-163
169.97,-165
170.02,-167
170.13,-170
170.25,-171
170.31,-172
170.36,-173
170.42,-175
170.47,-177
170.52,-178
170.58,-179
170.67,-179
170.72,-180
170.78,-180
170.84,-182
170.94,-186
170.99,-187
171.05,-188
171.14,-188
171.2,-189
171.25,-191
171.3,-193
171.36,-195
171.42,-195
171.47,-195
171.52,-195
171.58,-195
171.69,-198
171.74,-200
171.84,-203
171.95,-203
172,-204
172.05,-204
172.14,-207
172.22,-209
172.3,-211
172.36,-211
172.47,-212
172.52,-124
172.58,-49
172.67,-58
172.72,-58
172.78,-61
172.83,-63
172.89,-65
172.95,-68
173,-71
173.05,-74
173.14,-78
173.22,-79
173.31,-82
173.36,-82
173.47,-87
173.52,-89
173.63,-91
173.74,-93
173.83,-97
173.89,-99
173.95,-101
174,-101
174.05,-102
174.11,-102
174.2,-104
174.27,-106
174.38,-110
174.47,-112
174.53,-112
174.58,-113
174.64,-115
174.69,-115
174.74,-117
174.8,-119
174.89,-121
174.95,-121
175,-122
175.05,-123
175.11,-125
175.22,-129
175.27,-130
175.38,-130
175.47,-132
175.53,-133
175.58,-136
175.67,-139
175.74,-139
175.84,-140
175.94,-141
176,-143
176.11,-147
176.22,-148
176.27,-148
176.38,-150
176.49,-154
176.58,-155
176.69,-156
176.75,-156
176.84,-160
176.94,-163
177,-164
177.06,-164
177.11,-165
177.22,-167
177.27,-167
177.33,-170
177.42,-172
177.49,-173
177.58,-173
177.69,-176
177.74,-179
177.84,-181
177.95,-181
178,-181
178.05,-182
178.11,-184
178.17,-186
178.27,-189
178.36,-190
178.42,-190
178.47,-191
178.53,-191
178.58,-193
178.69,-197
178.74,-197
178.84,-198
178.94,-201
179,-202
179.06,-204
179.11,-205
179.22,-206
179.27,-206
179.36,-208
179.42,-210
179.49,-212
179.58,-213
179.69,-57
179.74,-55
179.8,-61
179.86,-61
179.95,-69
180,-72
180.05,-73
180.11,-75
180.17,-76
180.27,-82
180.38,-87
180.47,-88
180.53,-89
180.58,-90
180.64,-91
180.7,-94
180.75,-96
180.8,-98
180.91,-100
181.02,-102
181.11,-106
181.17,-106
181.22,-108
181.28,-109
181.33,-110
181.44,-111
181.49,-112
181.58,-117
181.64,-118
181.69,-120
181.74,-120
181.8,-120
181.91,-122
182,-125
182.06,-127
182.11,-129
182.17,-129
182.22,-129
182.27,-130
182.33,-131
182.42,-134
182.49,-135
182.59,-138
182.69,-139
182.74,-140
182.81,-141
182.89,-146
182.95,-147
183.02,-147
183.11,-148
183.22,-149
183.27,-151
183.38,-155
183.47,-156
183.53,-157
183.58,-157
183.64,-159
183.69,-161
183.74,-161
183.8,-164
183.91,-165
183.97,-165
184.02,-166
184.13,-169
184.24,-173
184.3,-174
184.39,-174
184.45,-175
184.5,-177
184.56,-179
184.61,-181
184.67,-183
184.72,-183
184.77,-183
184.83,-183
184.92,-185
184.99,-187
185.09,-191
185.16,-191
185.25,-192
185.3,-192
185.41,-194
185.5,-198
185.56,-199
185.61,-200
185.67,-200
185.72,-201
185.77,-202
185.83,-204
185.94,-207
185.99,-207
186.05,-208
186.16,-208
186.25,-211
186.31,-213
186.36,-193
186.45,-51
186.5,-57
186.58,-60
186.67,-64
186.74,-68
186.83,-74
186.94,-77
186.99,-78
187.09,-83
187.19,-88
187.25,-90
187.31,-90
187.39,-91
187.44,-93
187.49,-95
187.56,-97
187.61,-99
187.67,-101
187.75,-102
187.83,-103
187.97,-107
188.06,-112
188.11,-112
188.17,-113
188.24,-114
188.33,-115
188.39,-116
188.44,-119
188.49,-121
188.55,-123
188.64,-124
188.7,-124
188.75,-126
188.8,-128
188.86,-130
188.97,-132
189.02,-133
189.11,-134
189.19,-135
189.24,-137
189.33,-141
189.44,-143
189.49,-143
189.59,-144
189.72,-147
189.81,-151
189.86,-152
189.97,-153
190.02,-153
190.13,-157
190.24,-159
190.33,-161
190.45,-162
190.55,-165
190.66,-169
190.75,-170
190.81,-170
190.86,-170
190.92,-171
190.99,-175
191.09,-178
191.2,-179
191.25,-179
191.3,-180
191.36,-181
191.45,-185
191.52,-187
191.63,-188
191.72,-189
191.78,-191
191.83,-191
191.89,-193
191.94,-195
192,-196
192.05,-196
192.16,-197
192.25,-200
192.31,-202
192.36,-203
192.42,-204
192.47,-204
192.53,-204
192.58,-205
192.69,-208
192.74,-210
192.8,-211
192.89,-213
192.95,-185
193,-70
193.05,-49
193.11,-56
193.22,-61
193.27,-64
193.38,-68
193.47,-72
193.52,-75
193.63,-81
193.74,-84
193.83,-84
193.89,-86
193.95,-87
194,-90
194.05,-92
194.11,-94
194.22,-96
194.27,-97
194.38,-100
194.47,-103
194.53,-105
194.58,-106
194.64,-107
194.69,-107
194.74,-108
194.8,-110
194.89,-114
194.94,-116
195,-117
195.06,-117
195.11,-117
195.22,-118
195.27,-121
195.38,-125
195.49,-126
195.58,-127
195.64,-129
195.74,-131
195.84,-135
195.91,-136
196,-136
196.05,-137
196.16,-141
196.25,-144
196.31,-145
196.49,-146
196.55,-149
196.66,-152
196.77,-153
196.86,-153
196.92,-155
196.97,-157
197.02,-159
197.08,-160
197.19,-161
197.24,-162
197.34,-163
197.45,-167
197.5,-168
197.55,-170
197.61,-170
197.67,-170
197.77,-172
197.86,-176
197.92,-177
197.97,-177
198.05,-179
198.13,-179
198.19,-180
198.25,-181
198.3,-183
198.36,-185
198.45,-187
198.5,-187
198.56,-187
198.61,-189
198.74,-191
198.8,-194
198.91,-195
199.02,-195
199.11,-198
199.17,-200
199.22,-202
199.27,-203
199.36,-204
199.42,-204
199.47,-206
199.53,-207
199.58,-210
199.69,-211
199.74,-211
199.8,-212
199.91,-164
200.02,-56
200.11,-65
200.17,-67
200.22,-69
200.28,-69
200.33,-71
200.42,-77
200.47,-79
200.53,-82
200.59,-83
200.69,-85
200.75,-87
200.8,-90
200.91,-92
201,-97
201.05,-98
201.11,-99
201.17,-100
201.22,-101
201.27,-104
201.38,-108
201.49,-109
201.58,-110
201.64,-111
201.69,-113
201.74,-115
201.8,-117
201.91,-119
202,-120
202.06,-122
202.11,-124
202.17,-126
202.22,-126
202.27,-128
202.33,-128
202.44,-129
202.49,-130
202.59,-135
202.7,-137
202.75,-137
202.8,-138
202.86,-138
202.97,-140
203.02,-142
203.16,-146
203.22,-146
203.27,-146
203.38,-149
203.47,-152
203.53,-153
203.58,-154
203.64,-155
203.69,-155
203.74,-156
203.8,-157
203.91,-161
204,-163
204.06,-163
204.11,-164
204.17,-164
204.22,-165
204.27,-167
204.33,-169
204.39,-171
204.44,-171
204.5,-172
204.56,-172
204.61,-173
204.72,-176
204.77,-178
204.88,-180
204.99,-181
205.08,-184
205.14,-184
205.19,-186
205.25,-188
205.3,-188
205.41,-189
205.52,-191
205.61,-195
205.67,-196
205.72,-196
205.78,-196
205.83,-196
205.89,-196
205.94,-197
205.99,-198
206.05,-200
206.14,-202
206.2,-202
206.25,-203
206.31,-204
206.36,-206
206.47,-208
206.52,-211
206.63,-212
206.74,-152
206.83,-50
206.92,-60
206.99,-63
207.09,-64
207.19,-68
207.25,-71
207.3,-74
207.36,-77
207.45,-80
207.52,-81
207.63,-84
207.72,-87
207.78,-89
207.83,-91
207.94,-93
207.99,-94
208.05,-95
208.16,-101
208.25,-105
208.31,-105
208.36,-105
208.42,-106
208.52,-108
208.58,-109
208.67,-112
208.74,-113
208.83,-114
208.94,-117
208.99,-119
209.09,-121
209.2,-123
209.25,-123
209.3,-124
209.36,-126
209.45,-130
209.52,-132
209.63,-132
209.72,-133
209.78,-134
209.83,-136
209.94,-140
209.99,-140
210.05,-141
210.14,-142
210.2,-143
210.25,-146
210.31,-146
210.36,-147
210.47,-149
210.53,-149
210.59,-151
210.7,-153
210.75,-155
210.81,-157
210.86,-158
210.97,-158
211.02,-159
211.13,-163
211.22,-166
211.28,-166
211.33,-166
211.39,-166
211.44,-167
211.49,-168
211.55,-170
211.64,-173
211.7,-173
211.75,-173
211.81,-173
211.86,-174
211.97,-175
212.02,-178
212.08,-180
212.17,-182
212.24,-183
212.34,-185
212.44,-189
212.5,-190
212.55,-191
212.61,-191
212.7,-191
212.77,-192
212.88,-195
212.97,-198
213.03,-198
213.08,-199
213.17,-200
213.22,-200
213.28,-203
213.34,-204
213.44,-206
213.5,-207
213.55,-207
213.61,-208
213.7,-212
213.77,-214
213.86,-158
213.92,-54
213.97,-55
214.03,-59
214.08,-63
214.19,-70
214.24,-73
214.33,-75
214.39,-76
214.44,-78
214.5,-80
214.55,-80
214.66,-85
214.75,-88
214.81,-89
214.86,-90
214.97,-94
215.02,-97
215.08,-99
215.17,-100
215.24,-100
215.34,-102
215.44,-106
215.5,-108
215.55,-109
215.66,-110
215.77,-112
215.86,-114
215.92,-116
215.97,-118
216.03,-119
216.08,-119
216.19,-120
216.24,-122
216.3,-125
216.39,-128
216.45,-128
216.5,-128
216.56,-128
216.61,-129
216.72,-132
216.77,-135
216.88,-137
216.99,-137
217.09,-141
217.17,-143
217.24,-144
217.34,-146
217.44,-146
217.5,-148
217.55,-150
217.61,-153
217.7,-154
217.77,-154
217.88,-155
217.97,-158
218.02,-160
218.08,-162
218.17,-163
218.24,-163
218.34,-165
218.44,-168
218.5,-170
218.55,-171
218.63,-171
218.7,-172
218.77,-173
218.86,-177
218.92,-179
218.97,-180
219.02,-180
219.09,-180
219.17,-181
219.25,-182
219.3,-185
219.41,-188
219.52,-189
219.59,-190
219.66,-192
219.72,-192
219.77,-193
219.88,-195
219.94,-196
220.02,-197
220.08,-199
220.19,-203
220.24,-204
220.3,-204
220.39,-204
220.45,-204
220.5,-206
220.56,-207
220.61,-210
220.72,-212
220.77,-211
220.83,-212
220.92,-66
220.99,-43
221.08,-51
221.19,-57
221.24,-59
221.3,-61
221.39,-67
221.45,-69
221.5,-72
221.55,-73
221.61,-74
221.72,-75
221.77,-76
221.88,-81
221.99,-85
222.08,-87
222.14,-88
222.19,-89
222.24,-92
222.3,-92
222.39,-96
222.45,-97
222.5,-97
222.56,-98
222.61,-99
222.72,-103
222.77,-105
222.88,-107
222.99,-107
223.08,-110
223.14,-112
223.19,-114
223.25,-115
223.3,-116
223.41,-117
223.5,-120
223.56,-122
223.61,-122
223.67,-125
223.72,-125
223.77,-126
223.83,-126
223.92,-128
223.99,-130
224.09,-134
224.19,-134
224.25,-134
224.3,-135
224.41,-137
224.52,-141
224.61,-142
224.67,-142
224.72,-143
224.77,-144
224.83,-147
224.92,-148
224.99,-150
225.08,-150
225.14,-150
225.19,-152
225.25,-153
225.3,-155
225.41,-158
225.5,-158
225.56,-158
225.61,-159
225.72,-163
225.77,-165
225.83,-166
225.92,-166
225.99,-167
226.09,-170
226.19,-172
226.25,-174
226.3,-174
226.36,-174
226.45,-175
226.52,-177
226.63,-181
226.72,-182
226.78,-182
226.83,-182
226.94,-184
226.99,-186
227.05,-188
227.14,-190
227.2,-190
227.25,-190
227.31,-191
227.36,-193
227.47,-197
227.52,-197
227.58,-198
227.67,-198
227.74,-198
227.83,-202
227.89,-204
227.94,-205
228,-206
228.05,-206
228.14,-206
228.19,-207
228.25,-209
228.31,-211
228.41,-214
228.5,-49
228.56,-52
228.61,-57
228.67,-61
228.72,-65
228.77,-65
228.83,-68
228.94,-72
228.99,-73
229.09,-78
229.2,-83
229.25,-85
229.3,-86
229.36,-86
229.47,-88
229.52,-89
229.58,-92
229.67,-96
229.74,-97
229.83,-98
229.89,-99
229.94,-101
229.99,-103
230.05,-105
230.16,-106
230.25,-107
230.31,-107
230.36,-109
230.42,-112
230.47,-114
230.52,-116
230.58,-117
230.69,-118
230.74,-118
230.84,-121
230.94,-125
231,-126
231.05,-126
231.16,-126
231.25,-129
231.31,-131
231.36,-132
231.42,-132
231.47,-133
231.52,-133
231.58,-134
231.69,-137
231.78,-141
231.83,-141
231.89,-142
231.94,-142
232,-143
232.09,-144
232.2,-148
232.25,-150
232.3,-150
232.36,-150
232.47,-152
232.52,-154
232.63,-157
232.72,-158
232.78,-158
232.83,-158
232.89,-159
232.94,-161
232.99,-163
233.05,-165
233.16,-166
233.25,-167
233.31,-167
233.36,-168
233.47,-172
233.52,-174
233.58,-174
233.67,-175
233.74,-175
233.83,-179
233.89,-181
233.94,-182
233.99,-182
234.05,-182
234.16,-183
234.25,-186
234.31,-188
234.36,-190
234.42,-190
234.47,-191
234.52,-191
234.58,-192
234.67,-193
234.74,-195
234.84,-198
234.94,-199
235,-200
235.05,-201
235.11,-203
235.2,-206
235.27,-206
235.36,-208
235.42,-207
235.47,-208
235.52,-210
235.58,-212
235.69,-113
235.74,-47
235.81,-50
235.88,-55
235.97,-62
236.03,-66
236.08,-68
236.19,-72
236.24,-72
236.3,-73
236.39,-77
236.45,-80
236.5,-83
236.56,-84
236.61,-85
236.72,-87
236.77,-89
236.88,-94
236.97,-96
237.03,-97
237.08,-97
237.19,-99
237.24,-101
237.34,-105
237.44,-107
237.5,-107
237.55,-107
237.61,-108
237.7,-112
237.77,-114
237.88,-116
237.97,-117
238.03,-118
238.08,-120
238.14,-123
238.19,-123
238.24,-124
238.3,-126
238.41,-126
238.5,-129
238.56,-131
238.66,-135
238.72,-135
238.77,-135
238.83,-136
238.92,-137
238.97,-139
239.03,-141
239.09,-143
239.17,-144
239.24,-144
239.39,-146
239.45,-151
239.5,-151
239.55,-152
239.66,-153
239.77,-155
239.88,-159
239.97,-161
240.03,-162
240.08,-162
240.14,-162
240.19,-163
240.24,-165
240.3,-167
240.41,-170
240.53,-171
240.58,-172
240.64,-173
240.69,-174
240.75,-177
240.8,-178
240.89,-179
240.95,-179
241,-180
241.05,-182
241.11,-182
241.2,-185
241.27,-186
241.38,-187
241.47,-189
241.53,-191
241.58,-192
241.64,-194
241.69,-195
241.74,-195
241.8,-195
241.91,-196
242,-200
242.06,-201
242.11,-203
242.17,-203
242.22,-203
242.27,-203
242.33,-205
242.42,-206
242.49,-209
242.59,-211
242.69,-211
242.75,-138
242.8,-50
242.91,-60
243.02,-66
243.11,-67
243.17,-69
243.22,-71
243.27,-75
243.33,-77
243.44,-82
243.49,-82
243.59,-84
243.69,-87
243.75,-89
243.8,-92
243.86,-93
243.95,-94
244.02,-95
244.11,-99
244.17,-102
244.22,-104
244.27,-104
244.33,-105
244.44,-105
244.49,-107
244.59,-111
244.7,-114
244.75,-114
244.8,-115
244.86,-116
244.97,-119
245.02,-119
245.13,-123
245.22,-124
245.28,-124
245.33,-125
245.42,-129
245.49,-131
245.59,-132
245.7,-132
245.75,-133
245.8,-134
245.86,-137
245.97,-140
246.02,-141
246.13,-141
246.24,-144
246.33,-146
246.39,-148
246.44,-149
246.49,-149
246.55,-149
246.64,-152
246.7,-154
246.75,-156
246.81,-157
246.86,-158
246.97,-158
247.02,-158
247.11,-161
247.22,-165
247.27,-166
247.33,-166
247.42,-167
247.49,-169
247.59,-170
247.69,-174
247.75,-174
247.8,-174
247.91,-176
248.02,-180
248.11,-183
248.17,-182
248.22,-182
248.27,-183
248.33,-183
248.44,-187
248.49,-189
248.59,-191
248.69,-191
248.75,-192
248.8,-194
248.86,-196
248.97,-197
249.02,-198
249.13,-198
249.24,-200
249.33,-203
249.44,-205
249.49,-205
249.59,-206
249.7,-209
249.77,-211
249.86,-214
249.92,-118
249.97,-48
250.02,-51
250.08,-57
250.17,-61
250.24,-65
250.33,-69
250.39,-71
250.44,-72
250.5,-75
250.55,-77
250.66,-82
250.75,-85
250.8,-85
250.86,-85
250.97,-89
251.03,-91
251.11,-95
251.19,-96
251.24,-97
251.34,-99
251.44,-103
251.5,-103
251.55,-105
251.66,-107
251.77,-108
251.86,-112
251.92,-115
251.97,-116
252.03,-117
252.08,-117
252.17,-118
252.24,-119
252.34,-124
252.45,-126
252.5,-126
252.55,-126
252.61,-126
252.7,-130
252.77,-132
252.86,-133
252.92,-134
252.97,-134
253.02,-135
253.08,-136
253.19,-140
253.24,-142
253.34,-143
253.45,-143
253.5,-145
253.55,-146
253.61,-149
253.7,-151
253.77,-152
253.88,-152
253.97,-155
254.03,-157
254.08,-157
254.19,-159
254.24,-160
254.3,-160
254.39,-163
254.45,-165
254.5,-167
254.55,-167
254.61,-168
254.7,-167
254.77,-168
254.89,-171
254.95,-174
255,-174
255.05,-174
255.11,-175
255.2,-176
255.25,-178
255.31,-180
255.36,-182
255.42,-183
255.47,-184
255.52,-184
255.58,-184
255.67,-186
255.74,-188
255.83,-191
255.91,-192
256,-192
256.06,-192
256.11,-194
256.16,-196
256.22,-198
256.31,-200
256.36,-200
256.41,-200
256.47,-200
256.58,-203
256.63,-205
256.74,-208
256.83,-208
256.89,-209
256.94,-210
257,-210
257.06,-212
257.11,-214
257.17,-107
257.22,-46
257.31,-54
257.38,-57
257.49,-65
257.58,-69
257.63,-69
257.69,-70
257.74,-72
257.8,-73
257.89,-78
257.95,-81
258,-83
258.06,-84
258.11,-84
258.16,-85
258.22,-87
258.31,-89
258.38,-92
258.47,-95
258.53,-96
258.58,-97
258.63,-99
258.69,-101
258.74,-103
258.8,-105
258.89,-106
258.95,-106
259,-106
259.06,-106
259.11,-107
259.16,-109
259.22,-111
259.33,-114
259.38,-115
259.49,-116
259.59,-118
259.64,-120
259.69,-122
259.75,-123
259.8,-124
259.91,-125
260,-128
260.06,-130
260.11,-132
260.17,-133
260.22,-133
260.33,-134
260.38,-134
260.49,-138
260.59,-141
260.64,-141
260.69,-142
260.75,-142
260.8,-143
260.97,-147
261.03,-150
261.09,-150
261.14,-150
261.19,-150
261.25,-151
261.3,-152
261.41,-156
261.5,-158
261.56,-158
261.61,-159
261.66,-160
261.72,-161
261.83,-165
261.88,-165
261.99,-166
262.09,-167
262.14,-168
262.19,-170
262.25,-172
262.3,-173
262.39,-174
262.45,-174
262.5,-174
262.56,-175
262.61,-177
262.66,-178
262.72,-180
262.83,-182
262.91,-182
263,-183
263.06,-185
263.11,-187
263.17,-189
263.22,-189
263.33,-189
263.38,-190
263.49,-192
263.59,-195
263.64,-197
263.69,-197
263.75,-197
263.8,-197
263.91,-200
264.02,-204
264.11,-205
264.17,-205
264.22,-205
264.28,-205
264.33,-207
264.38,-209
264.49,-212
264.59,-212
264.64,-136
264.69,-47
264.78,-50
264.83,-56
264.88,-60
264.99,-64
265.08,-66
265.14,-68
265.19,-70
265.24,-73
265.31,-76
265.36,-78
265.41,-79
265.47,-80
265.56,-82
265.63,-85
265.72,-90
265.83,-91
265.88,-92
265.99,-93
266.08,-97
266.14,-99
266.2,-101
266.25,-101
266.31,-102
266.36,-102
266.41,-102
266.47,-103
266.56,-107
266.63,-109
266.72,-111
266.83,-112
266.88,-113
266.94,-115
266.99,-117
267.05,-117
267.16,-119
267.25,-120
267.31,-121
267.36,-123
267.41,-124
267.47,-127
267.58,-129
267.63,-129
267.72,-129
267.78,-130
267.83,-132
267.89,-134
267.94,-135
267.99,-136
268.05,-136
268.14,-137
268.2,-138
268.25,-140
268.31,-142
268.41,-143
268.52,-144
268.61,-146
268.67,-147
268.72,-150
268.83,-152
268.88,-153
268.94,-153
268.99,-153
269.05,-153
269.14,-156
269.2,-159
269.25,-160
269.3,-161
269.36,-161
269.41,-161
269.52,-163
269.63,-165
269.72,-168
269.78,-168
269.83,-168
269.89,-169
269.94,-170
269.99,-171
270.06,-173
270.13,-175
270.24,-176
270.33,-176
270.39,-178
270.44,-180
270.49,-181
270.55,-183
270.66,-183
270.75,-183
270.81,-185
270.86,-186
270.92,-189
270.97,-190
271.08,-191
271.13,-191
271.24,-194
271.33,-196
271.39,-197
271.44,-199
271.5,-199
271.55,-199
271.66,-200
271.77,-204
271.86,-206
271.91,-206
271.97,-206
272.06,-206
272.13,-208
272.24,-212
272.33,-214
272.38,-124
272.44,-45
272.49,-49
272.59,-54
272.64,-59
272.7,-62
272.75,-65
272.81,-67
272.86,-68
272.91,-69
272.97,-71
273.06,-75
273.13,-77
273.24,-78
273.33,-80
273.39,-81
273.44,-84
273.49,-86
273.55,-89
273.64,-92
273.7,-93
273.75,-93
273.81,-94
273.86,-94
273.91,-97
273.97,-99
274.08,-102
274.13,-103
274.24,-104
274.34,-107
274.39,-109
274.44,-111
274.5,-111
274.55,-112
274.66,-112
274.77,-115
274.86,-119
274.92,-121
274.97,-121
275.08,-122
275.13,-124
275.19,-124
275.24,-125
275.34,-129
275.39,-130
275.44,-131
275.5,-131
275.55,-132
275.66,-135
275.75,-138
275.81,-138
275.86,-139
275.92,-139
275.97,-140
276.03,-141
276.08,-142
276.13,-145
276.2,-146
276.27,-147
276.38,-148
276.47,-150
276.53,-152
276.58,-154
276.63,-156
276.69,-157
276.74,-157
276.8,-157
276.89,-158
276.95,-160
277,-163
277.05,-165
277.16,-167
277.27,-168
277.38,-170
277.5,-171
277.56,-173
277.61,-174
277.66,-174
277.77,-175
277.86,-178
277.92,-180
277.97,-182
278.03,-183
278.08,-183
278.13,-184
278.19,-184
278.24,-187
278.3,-188
278.39,-190
278.45,-191
278.5,-192
278.55,-192
278.61,-192
278.66,-194
278.72,-195
278.83,-199
278.88,-200
278.99,-200
279.08,-201
279.13,-203
279.19,-205
279.24,-206
279.34,-208
279.39,-208
279.44,-209
279.5,-210
279.55,-212
279.61,-204
279.66,-87
279.77,-50
279.88,-59
279.99,-65
280.08,-72
280.14,-75
280.19,-76
280.25,-77
280.3,-79
280.41,-80
280.5,-85
280.55,-88
280.66,-91
280.77,-92
280.83,-94
280.88,-96
280.99,-99
281.08,-102
281.14,-102
281.19,-103
281.25,-103
281.3,-105
281.39,-110
281.45,-111
281.5,-112
281.55,-112
281.61,-113
281.66,-113
281.77,-116
281.86,-120
281.92,-121
281.97,-122
282.03,-122
282.08,-123
282.13,-124
282.19,-127
282.24,-129
282.3,-129
282.39,-131
282.45,-131
282.5,-132
282.56,-133
282.61,-135
282.66,-136
282.72,-139
282.81,-140
282.88,-140
282.97,-141
283.03,-142
283.08,-144
283.14,-146
283.19,-148
283.24,-149
283.3,-149
283.39,-150
283.45,-152
283.5,-153
283.56,-153
283.63,-155
283.72,-157
283.78,-157
283.88,-158
283.97,-162
284.03,-164
284.08,-164
284.14,-165
284.19,-165
284.24,-165
284.3,-166
284.41,-169
284.5,-172
284.56,-173
284.61,-173
284.67,-174
284.72,-175
284.83,-179
284.88,-179
284.94,-181
284.99,-182
285.09,-182
285.14,-183
285.19,-184
285.25,-186
285.3,-188
285.41,-190
285.52,-190
285.63,-191
285.72,-195
285.78,-198
285.83,-198
285.89,-200
285.94,-200
285.99,-200
286.05,-201
286.14,-205
286.2,-205
286.25,-207
286.31,-207
286.36,-207
286.47,-208
286.56,-212
286.63,-213
286.74,-102
286.83,-53
286.88,-60
286.94,-64
286.99,-68
287.09,-75
287.14,-78
287.2,-80
287.25,-81
287.3,-83
287.36,-85
287.41,-89
287.52,-93
287.63,-98
287.72,-100
287.78,-101
287.83,-102
287.88,-103
287.99,-105
288.09,-105
288.14,-105
288.19,-106
288.25,-108
288.3,-111
288.36,-114
288.41,-116
288.52,-120
288.63,-120
288.72,-123
288.78,-123
288.83,-125
288.88,-126
288.94,-127
288.99,-129
289.09,-132
289.14,-134
289.2,-137
289.25,-138
289.3,-136
289.41,-136
289.5,-137
289.56,-137
289.61,-140
289.67,-142
289.74,-143
289.83,-144
289.88,-144
289.94,-146
289.99,-148
290.05,-148
290.14,-152
290.2,-152
290.25,-153
290.3,-153
290.36,-154
290.41,-155
290.52,-159
290.63,-161
290.72,-161
290.78,-161
290.84,-163
290.94,-167
290.99,-168
291.05,-169
291.14,-170
291.2,-170
291.25,-172
291.31,-174
291.36,-174
291.41,-176
291.47,-177
291.56,-178
291.63,-178
291.72,-181
291.78,-183
291.83,-185
291.89,-186
291.94,-186
291.99,-186
292.05,-186
292.16,-188
292.25,-192
292.31,-194
292.36,-194
292.42,-194
292.47,-194
292.58,-197
292.63,-199
292.74,-201
292.84,-202
292.91,-203
293.02,-204
293.13,-208
293.22,-210
293.28,-210
293.33,-211
293.39,-211
293.44,-136
293.49,-48
293.55,-51
293.66,-55
293.75,-60
293.81,-62
293.86,-65
293.91,-68
293.97,-71
294.06,-75
294.13,-76
294.22,-79
294.28,-79
294.33,-81
294.39,-84
294.44,-86
294.49,-88
294.55,-88
294.61,-89
294.66,-90
294.77,-94
294.86,-98
294.92,-98
294.97,-99
295.08,-100
295.13,-101
295.19,-103
295.24,-105
295.34,-109
295.39,-109
295.44,-110
295.5,-110
295.55,-112
295.61,-112
295.66,-114
295.77,-118
295.86,-119
295.92,-119
295.97,-120
296.08,-124
296.13,-126
296.19,-128
296.24,-128
296.34,-128
296.39,-128
296.44,-129
296.5,-132
296.55,-133
296.61,-135
296.66,-136
296.77,-136
296.88,-137
296.97,-141
297.03,-143
297.08,-144
297.13,-144
297.19,-144
297.24,-145
297.31,-146
297.38,-148
297.49,-152
297.58,-152
297.64,-153
297.69,-153
297.74,-155
297.8,-157
297.91,-159
297.99,-160
298.06,-160
298.16,-162
298.25,-165
298.31,-166
298.38,-167
298.49,-167
298.58,-168
298.64,-170
298.69,-172
298.75,-174
298.8,-174
298.91,-175
299,-176
299.06,-178
299.11,-180
299.16,-180
299.27,-182
299.38,-182
299.47,-185
299.53,-186
299.58,-188
299.63,-189
299.69,-189
299.74,-190
299.86,-190
299.91,-191
300,-195
300.06,-196
300.11,-197
300.16,-197
300.22,-197
300.33,-199
300.38,-201
300.49,-203
300.59,-204
300.64,-204
300.69,-205
300.75,-206
300.8,-208
300.86,-210
300.91,-211
301.02,-212
301.09,-211
301.16,-99
301.22,-43
301.31,-54
301.36,-58
301.42,-60
301.47,-62
301.53,-63
301.58,-66
301.63,-69
301.69,-72
301.74,-72
301.8,-74
301.88,-77
301.97,-79
302.03,-82
302.08,-82
302.14,-84
302.19,-87
302.24,-88
302.3,-89
302.39,-90
302.45,-92
302.5,-94
302.56,-96
302.61,-98
302.66,-99
302.72,-99
302.83,-100
302.88,-101
302.99,-105
303.08,-109
303.14,-110
303.19,-110
303.25,-111
303.3,-112
303.41,-115
303.52,-118
303.61,-120
303.67,-120
303.72,-121
303.78,-123
303.88,-128
303.97,-129
304.03,-129
304.08,-129
304.14,-130
304.19,-131
304.24,-133
304.3,-135
304.39,-137
304.45,-138
304.5,-138
304.56,-139
304.61,-140
304.67,-140
304.72,-143
304.78,-144
304.83,-145
304.94,-146
304.99,-146
305.05,-148
305.14,-152
305.2,-153
305.25,-154
305.31,-154
305.39,-154
305.45,-155
305.5,-157
305.55,-159
305.61,-161
305.66,-161
305.72,-162
305.81,-163
305.88,-164
305.99,-166
306.09,-169
306.14,-170
306.19,-170
306.25,-170
306.3,-171
306.38,-173
306.44,-176
306.49,-177
306.59,-178
306.64,-179
306.7,-179
306.75,-181
306.8,-183
306.86,-185
306.91,-185
307.02,-186
307.11,-187
307.17,-188
307.22,-190
307.28,-192
307.33,-193
307.38,-194
307.44,-194
307.49,-194
307.55,-195
307.64,-197
307.7,-199
307.75,-200
307.8,-202
307.86,-202
307.91,-202
307.97,-203
308.06,-206
308.13,-207
308.22,-209
308.33,-210
308.38,-210
308.49,-114
308.59,-48
308.64,-52
308.69,-55
308.75,-57
308.8,-60
308.86,-60
308.91,-62
309.02,-68
309.13,-73
309.22,-75
309.28,-76
309.33,-78
309.39,-81
309.44,-84
309.49,-86
309.55,-86
309.66,-87
309.75,-90
309.81,-92
309.86,-94
309.91,-96
310,-97
310.08,-98
310.13,-99
310.22,-101
310.34,-106
310.44,-107
310.49,-108
310.59,-110
310.64,-112
310.7,-114
310.75,-116
310.81,-116
310.86,-117
310.91,-117
310.97,-117
311.08,-120
311.13,-122
311.24,-126
311.33,-126
311.38,-127
311.44,-129
311.49,-129
311.59,-133
311.66,-135
311.75,-136
311.8,-136
311.86,-138
311.91,-139
311.97,-142
312.06,-145
312.31,-146
312.36,-150
312.41,-150
312.47,-151
312.53,-153
312.58,-154
312.63,-154
312.69,-154
312.77,-155
312.88,-159
312.97,-162
313.03,-162
313.08,-162
313.13,-163
313.19,-164
313.25,-166
313.31,-168
313.38,-170
313.47,-171
313.55,-171
313.61,-172
313.66,-174
313.75,-178
313.81,-178
313.86,-179
313.91,-179
313.97,-180
314.08,-181
314.13,-183
314.19,-185
314.24,-186
314.3,-187
314.39,-187
314.45,-188
314.53,-190
314.58,-192
314.63,-194
314.69,-195
314.74,-195
314.84,-196
314.89,-198
314.94,-200
315,-202
315.05,-202
315.11,-203
315.16,-204
315.27,-204
315.38,-207
315.45,-209
315.5,-210
315.55,-211
315.61,-211
315.66,-212
315.78,-57
315.84,-51
315.89,-57
315.94,-61
316,-63
316.05,-65
316.16,-69
316.27,-75
316.36,-78
316.42,-80
316.47,-81
316.55,-81
316.61,-85
316.66,-85
316.72,-88
316.84,-92
316.91,-93
317,-94
317.05,-96
317.16,-100
317.27,-103
317.36,-104
317.42,-105
317.47,-107
317.53,-109
317.58,-112
317.63,-112
317.74,-114
317.83,-115
317.89,-116
317.94,-118
318,-120
318.06,-123
318.11,-123
318.16,-124
318.22,-124
318.31,-125
318.36,-127
318.42,-129
318.47,-131
318.55,-132
318.61,-133
318.66,-133
318.77,-135
318.83,-137
318.88,-139
318.99,-142
319.08,-142
319.14,-143
319.19,-145
319.3,-147
319.41,-151
319.52,-151
319.61,-153
319.67,-155
319.72,-157
319.81,-159
319.88,-159
319.94,-160
320,-161
320.05,-162
320.11,-164
320.16,-166
320.27,-167
320.38,-168
320.47,-170
320.53,-172
320.59,-174
320.64,-175
320.69,-176
320.75,-176
320.8,-176
320.91,-177
321.02,-181
321.11,-184
321.16,-184
321.22,-184
321.31,-186
321.38,-188
321.49,-191
321.58,-192
321.64,-192
321.69,-193
321.74,-193
321.8,-195
321.89,-199
321.95,-200
322,-200
322.06,-201
322.11,-201
322.16,-201
322.27,-204
322.33,-206
322.38,-208
322.47,-208
322.53,-209
322.58,-210
322.63,-211
322.69,-213
322.75,-105
322.8,-105
322.86,-49
322.94,-57
322.99,-60
323.09,-67
323.14,-67
323.2,-70
323.25,-72
323.3,-74
323.41,-76
323.5,-81
323.56,-84
323.63,-86
323.72,-88
323.78,-88
323.83,-89
323.88,-90
323.94,-92
323.99,-94
324.08,-98
324.14,-99
324.19,-100
324.24,-100
324.3,-102
324.39,-106
324.45,-106
324.52,-108
324.61,-109
324.67,-110
324.72,-111
324.78,-112
324.83,-115
324.89,-117
324.94,-118
324.99,-119
325.05,-119
325.14,-120
325.2,-121
325.25,-123
325.3,-125
325.39,-128
325.47,-128
325.56,-129
325.63,-131
325.72,-133
325.83,-136
325.88,-137
325.94,-137
325.99,-138
326.05,-139
326.14,-143
326.2,-145
326.25,-146
326.3,-146
326.36,-146
326.41,-146
326.52,-149
326.63,-153
326.72,-154
326.78,-155
326.83,-155
326.88,-156
