时间,微压差
0.05,1
0.16,2
0.25,2
0.36,0
0.45,1
0.67,2
0.74,1
0.84,0
0.89,0
1,2
1.05,2
1.16,1
1.27,0
1.36,0
1.42,1
1.47,2
1.52,2
1.58,2
1.69,0
1.74,0
1.84,2
1.94,2
2,2
2.11,1
2.16,0
2.27,1
2.38,2
2.47,1
2.53,1
2.58,0
2.69,0
2.74,1
2.8,2
2.89,2
3,0
3.11,0
3.16,2
3.27,2
3.38,1
3.49,0
3.58,1
3.64,2
3.74,2
3.8,1
3.91,0
4,0
4.06,1
4.11,2
4.2,2
4.27,1
4.36,0
4.47,0
4.53,2
4.64,2
4.69,1
4.8,0
4.89,1
4.95,2
5.06,2
5.11,1
5.17,1
5.27,0
5.38,1
5.47,2
5.53,2
5.64,0
5.69,0
5.8,0
5.89,2
5.95,2
6.06,1
6.11,0
6.22,1
6.31,2
6.38,2
6.47,1
6.53,0
6.63,0
6.69,1
6.8,2
6.89,1
6.94,0
7,0
7.06,0
7.11,0
7.17,1
7.27,2
7.33,2
7.42,0
7.52,1
7.58,2
7.64,2
7.69,2
7.75,2
7.84,1
7.95,0
8.05,2
8.11,2
8.16,2
8.27,0
8.38,0
8.47,1
8.53,2
8.58,2
8.64,2
8.74,0
8.8,0
8.89,1
8.95,2
9,2
9.05,2
9.11,2
9.16,0
9.22,0
9.31,1
9.38,2
9.49,2
9.59,0
9.64,0
9.75,0
9.8,1
9.91,2
10.02,1
10.11,0
10.16,1
10.22,2
10.33,2
10.38,2
10.49,1
10.58,0
10.64,1
10.74,2
10.8,2
10.91,0
11,0
11.06,0
11.17,2
11.22,2
11.33,1
11.38,0
11.44,0
11.49,1
11.58,2
11.64,2
11.75,1
11.8,1
11.89,0
11.95,1
12,2
12.05,2
12.11,2
12.16,1
12.28,0
12.33,0
12.38,1
12.44,1
12.49,2
12.59,2
12.64,1
12.7,0
12.75,0
12.8,1
12.86,1
12.91,1
13.02,2
13.09,0
13.14,0
13.25,0
13.3,1
13.41,2
13.52,1
13.61,0
13.67,0
13.72,2
13.83,2
13.88,2
13.99,1
14.09,0
14.14,1
14.24,2
14.3,2
14.41,1
14.5,1
14.56,1
14.67,2
14.72,2
14.83,1
14.88,0
14.99,1
15.05,1
15.14,2
15.2,2
15.3,1
15.36,0
15.41,0
15.5,2
15.56,2
15.66,1
15.72,0
15.83,0
15.88,0
16,2
16.09,2
16.14,1
16.19,0
16.25,0
16.3,1
16.41,2
16.52,2
16.61,1
16.67,0
16.78,1
16.88,2
16.94,2
17.03,0
17.09,0
17.14,0
17.19,0
17.25,2
17.3,2
17.36,2
17.41,2
17.5,0
17.58,0
17.63,1
17.74,2
17.84,2
17.89,1
17.94,1
18,0
18.05,0
18.14,2
18.19,2
18.25,2
18.3,1
18.36,0
18.41,0
18.52,1
18.63,2
18.72,1
18.78,1
18.88,0
18.94,1
19.05,2
19.14,2
19.2,1
19.25,0
19.3,0
19.36,1
19.41,1
19.52,2
19.63,1
19.74,0
19.83,1
19.89,2
19.94,2
20.05,1
20.14,0
20.2,0
20.25,1
20.3,2
20.36,2
20.41,2
20.52,1
20.63,0
20.72,2
20.78,2
20.89,1
20.94,1
21.05,0
21.14,1
21.2,2
21.25,2
21.31,2
21.36,1
21.41,0
21.47,0
21.52,0
21.63,2
21.74,2
21.83,1
21.89,0
21.94,0
22,1
22.05,2
22.11,3
22.16,2
22.27,0
22.38,0
22.47,1
22.53,2
22.64,2
22.74,0
22.8,0
22.89,2
22.95,2
23,2
23.05,2
23.16,1
23.25,0
23.31,1
23.36,2
23.42,2
23.53,1
23.64,0
23.69,0
23.8,2
23.89,2
23.95,1
24,1
24.05,0
24.11,0
24.16,1
24.27,2
24.36,2
24.42,1
24.53,0
24.64,1
24.69,2
24.8,2
24.89,1
24.95,0
25,0
25.05,1
25.11,2
25.16,2
25.25,1
25.31,1
25.36,0
25.41,0
25.49,1
25.58,2
25.64,2
25.69,2
25.8,0
25.91,1
26,2
26.05,2
26.11,1
26.16,1
26.22,1
26.27,0
26.38,1
26.47,2
26.53,2
26.64,0
26.69,0
26.8,1
26.89,2
26.95,2
27,2
27.06,1
27.11,0
27.16,0
27.22,1
27.27,2
27.36,2
27.42,1
27.53,0
27.63,0
27.75,2
27.8,2
27.89,1
27.95,0
28,0
28.05,1
28.11,2
28.16,2
28.22,2
28.27,2
28.38,1
28.47,1
28.53,1
28.64,2
28.69,2
28.8,1
28.89,0
28.95,1
29,2
29.06,2
29.11,2
29.16,1
29.22,1
29.27,0
29.33,0
29.41,1
29.5,2
29.56,2
29.61,1
29.67,0
29.77,0
29.83,1
29.88,1
29.94,2
30.03,2
30.09,1
30.14,0
30.19,0
30.25,1
30.3,2
30.41,2
30.52,1
30.61,0
30.67,0
30.77,2
30.83,2
30.88,1
30.99,0
31.09,0
31.14,1
31.2,2
31.25,2
31.3,2
31.41,0
31.5,0
31.56,1
31.61,2
31.66,2
31.72,2
31.77,2
31.83,1
31.88,0
31.99,1
32.08,2
32.14,2
32.25,1
32.34,0
32.41,0
32.5,2
32.56,2
32.66,1
32.72,0
32.77,0
32.88,2
32.99,2
33.08,1
33.14,1
33.24,0
33.3,1
33.41,2
33.5,1
33.56,0
33.66,0
33.72,0
33.77,1
33.83,2
33.88,2
33.99,1
34.09,0
34.19,2
34.25,2
34.34,2
34.41,1
34.5,0
34.56,0
34.66,2
34.72,2
34.77,2
34.83,1
34.88,0
35,0
35.08,2
35.14,2
35.25,1
35.34,0
35.41,0
35.5,2
35.56,2
35.67,2
35.77,0
35.83,0
35.88,1
35.94,2
35.99,2
36.05,2
36.14,1
36.2,0
36.31,0
36.41,2
36.47,2
36.52,2
36.63,0
36.72,1
36.77,2
36.83,2
36.88,2
36.94,2
36.99,2
37.08,0
37.14,0
37.25,2
37.34,2
37.41,1
37.47,0
37.52,0
37.63,1
37.74,2
37.83,2
37.89,1
37.99,0
38.09,2
38.2,2
38.3,1
38.42,0
38.52,1
38.61,2
38.67,2
38.74,1
38.83,0
38.88,0
38.94,1
38.99,2
39.05,2
39.14,1
39.2,1
39.31,1
39.41,2
39.47,2
39.52,2
39.63,1
39.72,0
39.78,1
39.89,2
39.99,1
40.05,1
40.14,0
40.2,1
40.31,2
40.41,2
40.47,1
40.52,0
40.63,1
40.74,2
40.83,2
40.89,1
41,0
41.09,1
41.16,2
41.25,2
41.31,1
41.41,0
41.47,0
41.53,1
41.63,2
41.74,1
41.83,0
41.89,0
41.99,2
42.05,2
42.14,2
42.2,1
42.31,0
42.41,1
42.47,2
42.52,2
42.58,2
42.63,1
42.74,0
42.84,1
42.94,2
43,2
43.11,0
43.2,1
43.27,1
43.38,2
43.47,1
43.53,1
43.63,0
43.69,1
43.74,2
43.84,2
43.95,1
44.05,0
44.11,1
44.22,2
44.27,2
44.38,1
44.47,0
44.52,1
44.58,2
44.63,3
44.69,3
44.74,2
44.83,0
44.89,0
44.99,2
45.06,2
45.16,2
45.25,0
45.33,0
45.42,1
45.49,2
45.56,2
45.63,1
45.69,1
45.75,0
45.84,1
45.95,2
46.05,2
46.16,0
46.25,1
46.31,1
46.42,2
46.53,0
46.63,0
46.69,0
46.74,1
46.83,2
46.89,2
47,0
47.11,1
47.2,3
47.27,3
47.36,2
47.42,1
47.53,0
47.63,2
47.69,2
47.74,2
47.8,1
47.89,0
47.95,0
48.05,2
48.11,3
48.2,2
48.27,1
48.38,1
48.47,2
48.53,3
48.64,2
48.74,0
48.8,0
48.89,2
48.95,2
49.06,2
49.16,0
49.22,0
49.27,0
49.33,1
49.38,2
49.49,2
49.58,0
49.64,0
49.75,1
49.84,2
49.91,2
50.02,0
50.11,-1
50.22,1
50.27,1
50.38,-1
50.49,-3
50.58,-2
50.64,-2
50.75,-2
50.84,-4
50.95,-6
51.06,-6
51.16,-7
51.22,-8
51.27,-10
51.33,-12
51.38,-14
51.47,-15
51.53,-16
51.64,-19
51.74,-24
51.8,-26
51.86,-26
51.95,-29
52.02,-30
52.13,-36
52.22,-42
52.27,-44
52.38,-46
52.47,-48
52.53,-52
52.59,-55
52.7,-60
52.8,-63
52.86,-65
52.95,-70
53.02,-74
53.11,-76
53.22,-80
53.27,-81
53.38,-86
53.47,-92
53.53,-95
53.59,-96
53.69,-99
53.75,-99
53.86,-105
53.97,-111
54.02,-113
54.11,-116
54.17,-117
54.27,-123
54.33,-126
54.38,-129
54.44,-129
54.49,-130
54.59,-133
54.69,-138
54.74,-141
54.8,-144
54.91,-147
54.97,-148
55.02,-150
55.13,-152
55.22,-156
55.28,-158
55.38,-158
55.44,-159
55.49,-160
55.59,-164
55.7,-165
55.8,-166
55.86,-167
55.95,-169
56.03,-171
56.09,-173
56.2,-175
56.3,-176
56.36,-177
56.45,-181
56.52,-183
56.63,-184
56.72,-184
56.77,-185
56.83,-187
56.88,-189
56.99,-192
57.09,-193
57.19,-194
57.25,-196
57.36,-199
57.47,-201
57.52,-170
57.63,-57
57.72,-66
57.78,-70
57.89,-74
57.99,-76
58.05,-77
58.16,-82
58.25,-87
58.31,-89
58.41,-91
58.52,-94
58.58,-97
58.63,-97
58.74,-101
58.84,-103
58.94,-105
59,-107
59.09,-112
59.16,-113
59.25,-115
59.31,-115
59.42,-118
59.52,-122
59.63,-125
59.72,-126
59.78,-127
59.88,-132
59.94,-132
59.99,-134
60.05,-135
60.14,-136
60.2,-137
60.3,-141
60.36,-143
60.49,-146
60.55,-146
60.64,-148
60.7,-150
60.81,-154
60.91,-156
60.97,-156
61.02,-157
61.13,-159
61.22,-163
61.28,-165
61.38,-166
61.44,-167
61.49,-167
61.59,-170
61.7,-174
61.8,-175
61.86,-175
61.92,-176
62.02,-180
62.13,-184
62.22,-184
62.28,-185
62.38,-186
62.44,-188
62.5,-190
62.59,-194
62.7,-194
62.8,-197
62.86,-197
62.92,-198
63.03,-178
63.13,-58
63.19,-61
63.24,-65
63.3,-68
63.38,-75
63.44,-78
63.5,-78
63.61,-81
63.7,-84
63.77,-87
63.86,-92
63.92,-94
64.03,-96
64.13,-98
64.19,-100
64.28,-105
64.34,-107
64.44,-109
64.5,-109
64.61,-113
64.72,-118
64.81,-119
64.92,-120
65.03,-124
65.13,-128
65.19,-130
65.3,-131
65.39,-133
65.45,-133
65.55,-138
65.61,-140
65.7,-142
65.77,-142
65.86,-145
65.95,-148
66.05,-151
66.11,-152
66.22,-153
66.31,-157
66.42,-159
66.52,-162
66.58,-163
66.69,-164
66.78,-168
66.84,-170
66.95,-173
67.05,-173
67.11,-173
67.22,-176
67.31,-181
67.38,-182
67.47,-183
67.53,-184
67.63,-187
67.69,-190
67.78,-191
67.84,-192
67.94,-193
68,-194
68.11,-198
68.2,-202
68.27,-107
68.38,-53
68.47,-64
68.53,-68
68.63,-75
68.69,-77
68.8,-80
68.89,-84
68.95,-87
69.06,-90
69.14,-93
69.24,-95
69.3,-97
69.39,-100
69.45,-102
69.56,-106
69.66,-107
69.72,-108
69.81,-113
69.88,-115
69.99,-117
70.08,-118
70.19,-120
70.3,-125
70.39,-129
70.45,-129
70.55,-131
70.61,-133
70.72,-135
70.81,-139
70.92,-140
70.99,-141
71.09,-144
71.19,-149
71.25,-150
71.36,-151
71.44,-152
71.5,-153
71.61,-158
71.72,-160
71.83,-161
71.92,-162
71.99,-164
72.09,-168
72.19,-170
72.27,-171
72.34,-171
72.41,-175
72.5,-179
72.56,-179
72.67,-180
72.77,-181
72.83,-183
72.94,-187
73.03,-189
73.09,-189
73.19,-191
73.25,-191
73.34,-195
73.47,-198
73.56,-198
73.63,-200
73.72,-96
73.78,-59
73.89,-66
73.99,-71
74.05,-73
74.13,-79
74.2,-82
74.3,-87
74.36,-87
74.47,-90
74.56,-92
74.63,-95
74.72,-100
74.78,-101
74.89,-102
74.99,-106
75.09,-111
75.19,-112
75.25,-113
75.34,-114
75.41,-117
75.5,-121
75.56,-123
75.67,-124
75.77,-126
75.83,-126
75.94,-131
76.03,-134
76.09,-135
76.19,-136
76.25,-138
76.36,-143
76.52,-146
76.61,-147
76.67,-148
76.78,-152
76.88,-156
76.99,-157
77.08,-159
77.14,-159
77.25,-163
77.34,-166
77.41,-166
77.52,-167
77.61,-172
77.67,-174
77.78,-175
77.88,-176
77.94,-177
78.03,-180
78.09,-182
78.2,-185
78.31,-186
78.41,-187
78.47,-188
78.58,-193
78.67,-195
78.74,-195
78.84,-197
78.94,-201
79.05,-57
79.16,-64
79.25,-69
79.31,-72
79.42,-79
79.52,-84
79.58,-84
79.67,-87
79.74,-87
79.84,-93
79.94,-98
80,-99
80.09,-101
80.16,-102
80.25,-107
80.31,-110
80.42,-111
80.52,-112
80.58,-113
80.67,-117
80.74,-119
80.84,-122
80.94,-123
81,-124
81.09,-126
81.16,-129
81.27,-132
81.36,-133
81.42,-134
81.53,-138
81.63,-142
81.72,-143
81.78,-143
81.95,-147
82.02,-149
82.13,-152
82.24,-154
82.33,-155
82.39,-158
82.49,-162
82.55,-163
82.61,-163
82.7,-164
82.77,-165
82.88,-169
82.97,-172
83.03,-173
83.13,-174
83.19,-175
83.3,-177
83.39,-181
83.45,-182
83.55,-183
83.61,-184
83.7,-187
83.77,-189
83.88,-192
83.97,-192
84.03,-193
84.13,-195
84.22,-200
84.28,-201
84.39,-125
84.47,-56
84.58,-66
84.64,-70
84.74,-76
84.83,-79
84.89,-79
85,-83
85.09,-88
85.16,-91
85.25,-93
85.31,-94
85.41,-97
85.47,-100
85.53,-102
85.63,-104
85.69,-104
85.8,-106
85.89,-110
85.95,-112
86.05,-115
86.11,-116
86.22,-116
86.31,-119
86.38,-121
86.49,-125
86.58,-126
86.64,-127
86.74,-130
86.8,-132
86.89,-134
86.95,-135
87.05,-136
87.16,-138
87.27,-143
87.45,-146
87.55,-148
87.61,-149
87.72,-154
87.81,-155
87.88,-156
87.97,-157
88.03,-158
88.14,-162
88.24,-165
88.3,-166
88.39,-167
88.5,-169
88.61,-173
88.7,-176
88.77,-176
88.86,-177
88.92,-179
88.99,-181
89.09,-185
89.19,-185
89.25,-186
89.34,-187
89.44,-192
89.5,-194
89.59,-195
89.66,-195
89.77,-196
89.83,-197
89.92,-202
90.03,-68
90.14,-76
90.24,-83
90.3,-87
90.39,-92
90.45,-92
90.56,-94
90.66,-98
90.72,-101
90.81,-106
90.88,-107
90.97,-109
91.03,-110
91.09,-110
91.19,-115
91.25,-117
91.36,-120
91.44,-121
91.52,-122
91.61,-127
91.7,-129
91.77,-130
91.88,-131
91.97,-134
92.03,-136
92.09,-138
92.19,-141
92.25,-142
92.34,-143
92.41,-143
92.52,-147
92.61,-151
92.67,-152
92.77,-153
92.83,-154
92.92,-158
92.99,-160
93.09,-162
93.19,-162
93.3,-165
93.41,-169
93.53,-172
93.59,-172
93.69,-173
93.75,-175
93.84,-179
93.91,-181
94,-181
94.06,-182
94.16,-184
94.22,-185
94.31,-189
94.38,-191
94.49,-191
94.58,-193
94.64,-193
94.75,-198
94.84,-200
94.91,-200
95,-61
95.06,-58
95.16,-68
95.22,-71
95.31,-73
95.38,-74
95.44,-76
95.55,-81
95.64,-86
95.7,-88
95.81,-90
95.91,-93
95.97,-93
96.06,-99
96.13,-100
96.22,-103
96.28,-104
96.39,-107
96.49,-112
96.59,-114
96.7,-115
96.8,-117
96.91,-122
96.97,-123
97.08,-125
97.17,-126
97.24,-126
97.33,-130
97.39,-132
97.49,-134
97.58,-135
97.64,-137
97.75,-141
97.84,-144
97.91,-144
98.08,-146
98.16,-149
98.24,-152
98.33,-154
98.39,-154
98.5,-156
98.59,-158
98.66,-160
98.75,-163
98.81,-164
98.92,-165
99.02,-169
99.14,-173
99.2,-173
99.3,-174
99.36,-175
99.45,-179
99.52,-179
99.63,-183
99.72,-183
99.78,-183
99.88,-187
99.94,-189
100.03,-192
100.09,-192
100.2,-193
100.31,-195
100.41,-199
100.52,-201
100.61,-62
100.67,-60
100.77,-69
100.83,-69
100.94,-76
101.03,-79
101.09,-80
101.2,-85
101.3,-90
101.36,-92
101.47,-92
101.56,-94
101.63,-97
101.72,-102
101.78,-103
101.89,-105
102,-107
102.09,-110
102.16,-112
102.27,-115
102.36,-116
102.47,-119
102.58,-123
102.67,-126
102.74,-126
102.84,-127
102.94,-130
103,-132
103.11,-136
103.2,-137
103.27,-137
103.36,-141
103.42,-141
103.58,-146
103.69,-147
103.8,-149
103.89,-154
104,-156
104.11,-156
104.2,-158
104.27,-160
104.36,-164
104.42,-165
104.53,-166
104.63,-168
104.69,-168
104.78,-173
104.84,-174
104.95,-175
105.05,-177
105.11,-179
105.2,-183
105.27,-184
105.38,-184
105.47,-185
105.53,-186
105.64,-191
105.74,-193
105.8,-193
105.89,-194
106,-196
106.09,-201
106.16,-201
106.27,-72
106.36,-60
106.42,-66
106.52,-73
106.58,-74
106.67,-76
106.74,-77
106.8,-79
106.89,-85
106.95,-87
107.05,-90
107.11,-91
107.22,-94
107.31,-97
107.38,-99
107.49,-102
107.58,-104
107.69,-107
107.78,-112
107.84,-114
107.94,-114
108,-115
108.11,-117
108.2,-121
108.27,-123
108.38,-125
108.47,-126
108.53,-128
108.59,-128
108.69,-132
108.8,-134
108.89,-135
108.95,-136
109.06,-140
109.16,-143
109.22,-144
109.31,-144
109.44,-146
109.53,-151
109.64,-153
109.75,-154
109.84,-157
109.91,-157
110.02,-161
110.11,-162
110.17,-162
110.27,-165
110.33,-167
110.42,-170
110.55,-171
110.63,-171
110.69,-172
110.8,-176
110.89,-179
110.95,-179
111.06,-181
111.16,-184
111.22,-184
111.31,-188
111.38,-188
111.47,-189
111.53,-190
111.64,-194
111.74,-197
111.8,-197
111.89,-197
111.95,-198
112.05,-200
112.11,-90
112.22,-62
112.31,-67
112.38,-70
112.49,-73
112.58,-79
112.64,-81
112.74,-83
112.8,-85
112.91,-90
113,-94
113.06,-96
113.16,-96
113.22,-98
113.39,-99
113.45,-106
113.52,-107
113.63,-108
113.72,-111
113.83,-116
113.92,-118
113.99,-118
114.09,-121
114.2,-123
114.31,-127
114.39,-129
114.47,-129
114.55,-132
114.61,-134
114.67,-137
114.78,-138
114.89,-139
114.99,-141
115.05,-143
115.17,-147
115.28,-149
115.38,-150
115.44,-152
115.53,-157
115.59,-158
115.69,-158
115.75,-158
115.86,-161
115.95,-165
116.02,-167
116.11,-168
116.17,-168
116.27,-171
116.34,-173
116.41,-175
116.5,-176
116.56,-177
116.67,-179
116.77,-181
116.83,-183
116.94,-186
117.03,-186
117.09,-187
117.19,-191
117.25,-193
117.36,-194
117.45,-195
117.52,-196
117.63,-199
117.72,-202
117.78,-95
117.88,-62
117.94,-65
118.05,-69
118.14,-76
118.2,-78
118.31,-80
118.41,-84
118.47,-87
118.56,-92
118.63,-93
118.74,-94
118.83,-97
118.94,-102
119.03,-105
119.09,-106
119.19,-108
119.25,-110
119.34,-112
119.41,-115
119.52,-117
119.61,-118
119.67,-119
119.78,-124
119.88,-127
119.94,-127
120.05,-127
120.14,-130
120.2,-132
120.3,-136
120.36,-136
120.47,-137
120.56,-140
120.63,-140
120.74,-144
120.83,-146
120.89,-146
121,-149
121.09,-153
121.16,-155
121.27,-155
121.36,-156
121.42,-158
121.52,-162
121.58,-163
121.69,-165
121.78,-166
121.89,-168
121.99,-172
122.05,-173
122.16,-174
122.25,-176
122.31,-178
122.41,-182
122.47,-182
122.58,-183
122.69,-184
122.8,-188
122.88,-191
122.95,-191
123.03,-192
123.11,-194
123.2,-196
123.31,-199
123.41,-200
123.47,-158
123.58,-59
123.67,-69
123.74,-71
123.84,-74
123.94,-77
124,-79
124.09,-85
124.2,-89
124.3,-91
124.36,-93
124.47,-98
124.56,-100
124.63,-101
124.72,-102
124.78,-103
124.89,-107
124.99,-111
125.05,-112
125.16,-113
125.25,-115
125.31,-117
125.41,-122
125.47,-123
125.53,-123
125.64,-124
125.74,-128
125.8,-128
125.91,-132
126,-133
126.11,-135
126.2,-139
126.27,-141
126.36,-142
126.42,-142
126.53,-144
126.64,-147
126.74,-151
126.8,-151
126.89,-152
126.95,-154
127.06,-158
127.16,-159
127.27,-161
127.36,-162
127.42,-164
127.52,-168
127.58,-169
127.67,-170
127.74,-170
127.81,-171
127.92,-176
128.02,-179
128.08,-179
128.17,-179
128.24,-180
128.34,-184
128.44,-187
128.5,-187
128.55,-187
128.61,-188
128.7,-189
128.77,-191
128.86,-195
128.92,-195
128.97,-196
129.03,-196
129.09,-197
129.17,-201
129.24,-190
129.34,-78
129.41,-59
129.5,-65
129.56,-69
129.61,-72
129.72,-78
129.81,-81
129.86,-82
129.92,-84
129.99,-87
130.08,-89
130.19,-93
130.24,-94
130.34,-96
130.44,-100
130.5,-103
130.55,-104
130.61,-105
130.7,-106
130.77,-106
130.86,-110
130.92,-113
130.97,-114
131.05,-116
131.11,-116
131.2,-117
131.27,-119
131.38,-124
131.47,-126
131.53,-126
131.58,-127
131.69,-128
131.74,-130
131.8,-132
131.89,-135
131.95,-135
132,-135
132.05,-137
132.11,-138
132.22,-143
132.27,-143
132.5,-146
132.56,-150
132.61,-150
132.67,-151
132.72,-153
132.77,-154
132.89,-155
132.95,-156
133.02,-157
133.08,-160
133.14,-163
133.19,-163
133.25,-163
133.3,-163
133.36,-164
133.45,-167
133.52,-169
133.64,-172
133.7,-172
133.78,-173
133.84,-175
133.91,-177
133.97,-179
134.02,-180
134.13,-181
134.22,-181
134.28,-182
134.39,-187
134.49,-189
134.55,-188
134.64,-190
134.69,-192
134.75,-193
134.8,-195
134.86,-196
134.95,-197
135.02,-196
135.13,-198
135.22,-177
135.28,-70
135.33,-59
135.39,-62
135.44,-65
135.49,-69
135.55,-69
135.64,-75
135.7,-78
135.75,-80
135.8,-81
135.86,-82
135.97,-86
136.02,-89
136.13,-94
136.24,-95
136.33,-97
136.39,-98
136.5,-103
136.59,-107
136.66,-107
136.75,-109
136.8,-109
136.86,-111
136.95,-115
137,-117
137.06,-118
137.11,-118
137.22,-120
137.27,-123
137.33,-125
137.42,-128
137.49,-128
137.59,-129
137.69,-132
137.75,-134
137.8,-137
137.91,-139
138.02,-140
138.11,-141
138.17,-144
138.22,-146
138.28,-148
138.33,-149
138.44,-149
138.49,-150
138.55,-152
138.64,-157
138.69,-158
138.75,-158
138.8,-159
138.86,-159
138.97,-161
139.05,-165
139.14,-167
139.2,-168
139.25,-168
139.3,-169
139.36,-170
139.47,-174
139.52,-176
139.63,-178
139.72,-178
139.78,-178
139.83,-180
139.89,-182
139.94,-185
139.99,-186
140.05,-187
140.17,-187
140.25,-189
140.33,-192
140.39,-195
140.44,-196
140.49,-196
140.55,-196
140.66,-199
140.72,-199
140.78,-118
140.83,-55
140.89,-60
140.94,-63
141,-65
141.05,-65
141.16,-71
141.27,-78
141.36,-81
141.42,-82
141.47,-84
141.52,-86
141.58,-89
141.67,-91
141.74,-94
141.84,-95
141.94,-98
142,-101
142.05,-103
142.11,-106
142.2,-108
142.27,-108
142.36,-110
142.45,-114
142.52,-116
142.63,-119
142.72,-120
142.78,-121
142.83,-123
142.94,-128
142.99,-128
143.05,-129
143.14,-130
143.2,-131
143.25,-132
143.3,-134
143.36,-137
143.47,-139
143.52,-139
143.63,-140
143.72,-144
143.78,-146
143.83,-147
143.94,-149
143.99,-149
144.09,-152
144.16,-154
144.22,-156
144.27,-158
144.36,-158
144.47,-159
144.52,-160
144.63,-165
144.74,-167
144.83,-168
144.89,-169
144.94,-169
145.02,-171
145.08,-175
145.17,-177
145.24,-177
145.33,-178
145.39,-179
145.44,-181
145.5,-183
145.55,-185
145.66,-186
145.77,-187
145.86,-191
145.92,-191
145.97,-193
146.03,-194
146.09,-195
146.16,-195
146.27,-196
146.36,-201
146.42,-202
146.47,-134
146.53,-57
146.58,-59
146.69,-68
146.74,-71
146.8,-75
146.89,-77
146.95,-79
147,-79
147.05,-81
147.19,-86
147.24,-88
147.34,-92
147.44,-93
147.5,-95
147.55,-97
147.61,-100
147.7,-103
147.77,-104
147.86,-104
147.92,-105
147.97,-107
148.03,-109
148.08,-112
148.19,-114
148.24,-114
148.34,-116
148.45,-120
148.5,-120
148.55,-122
148.61,-123
148.72,-124
148.77,-125
148.88,-129
148.99,-132
149.08,-133
149.14,-133
149.19,-134
149.24,-135
149.3,-137
149.41,-141
149.5,-143
149.56,-143
149.61,-144
149.72,-148
149.77,-150
149.83,-150
149.92,-152
149.99,-153
150.09,-154
150.19,-159
150.24,-160
150.3,-162
150.41,-162
150.5,-163
150.56,-165
150.61,-167
150.72,-170
150.8,-171
150.88,-171
150.99,-175
151.08,-177
151.14,-179
151.19,-180
151.25,-180
151.3,-181
151.41,-183
151.52,-188
151.61,-190
151.67,-190
151.72,-190
151.77,-190
151.83,-192
151.92,-196
151.99,-198
152.08,-199
152.14,-199
152.19,-200
152.25,-116
152.3,-55
152.41,-62
152.5,-69
152.56,-71
152.61,-72
152.67,-75
152.72,-78
152.77,-81
152.83,-84
152.94,-86
152.99,-87
153.09,-89
153.19,-94
153.25,-96
153.3,-98
153.36,-99
153.45,-100
153.52,-102
153.61,-107
153.67,-109
153.72,-109
153.78,-110
153.83,-111
153.94,-112
153.99,-114
154.05,-117
154.14,-120
154.2,-121
154.25,-121
154.3,-122
154.36,-122
154.45,-125
154.5,-128
154.56,-129
154.61,-131
154.72,-131
154.77,-132
154.88,-137
154.99,-138
155.08,-140
155.14,-140
155.19,-141
155.25,-142
155.3,-144
155.41,-148
155.5,-149
155.56,-149
155.61,-150
155.67,-150
155.72,-152
155.77,-155
155.83,-156
155.92,-158
155.99,-159
156.09,-161
156.19,-165
156.25,-167
156.3,-167
156.36,-168
156.45,-169
156.52,-170
156.61,-174
156.67,-176
156.72,-177
156.78,-178
156.83,-178
156.94,-178
156.99,-180
157.05,-182
157.14,-186
157.2,-187
157.25,-187
157.31,-187
157.36,-189
157.47,-193
157.52,-194
157.63,-196
157.72,-196
157.78,-197
157.83,-199
157.94,-99
157.99,-57
158.05,-64
158.14,-69
158.2,-72
158.25,-72
158.31,-75
158.36,-78
158.47,-84
158.52,-85
158.58,-86
158.67,-89
158.74,-92
158.83,-97
158.89,-97
158.94,-98
158.99,-99
159.05,-100
159.16,-103
159.25,-109
159.31,-111
159.36,-112
159.42,-112
159.47,-114
159.52,-114
159.58,-115
159.67,-120
159.74,-122
159.84,-123
159.94,-125
159.99,-127
160.09,-132
160.2,-133
160.25,-134
160.3,-134
160.36,-135
160.45,-139
160.52,-141
160.63,-144
160.72,-145
160.8,-146
160.86,-148
160.97,-152
161.02,-154
161.13,-155
161.24,-155
161.33,-159
161.39,-162
161.44,-163
161.5,-164
161.55,-165
161.66,-166
161.75,-170
161.81,-170
161.86,-172
161.97,-174
162.02,-174
162.13,-176
162.24,-181
162.33,-183
162.44,-183
162.49,-184
162.59,-186
162.7,-190
162.75,-191
162.8,-192
162.86,-192
162.95,-194
163.02,-196
163.08,-198
163.19,-200
163.28,-182
163.33,-72
163.45,-65
163.5,-69
163.59,-76
163.66,-77
163.75,-79
163.81,-80
163.86,-83
163.92,-85
163.97,-88
164.02,-90
164.08,-93
164.19,-95
164.24,-96
164.34,-101
164.44,-104
164.5,-105
164.55,-106
164.61,-107
164.7,-109
164.77,-111
164.86,-116
164.92,-117
164.97,-117
165.03,-118
165.08,-118
165.19,-121
165.24,-123
165.3,-125
165.39,-127
165.45,-128
165.5,-128
165.55,-130
165.61,-132
165.7,-134
165.77,-136
165.86,-137
165.92,-138
165.97,-138
166.03,-140
166.08,-142
166.19,-146
166.24,-147
166.34,-147
166.45,-149
166.5,-150
166.55,-153
166.61,-154
166.7,-156
166.77,-156
166.86,-159
166.92,-161
166.97,-163
167.03,-163
167.08,-164
167.19,-165
167.24,-166
167.34,-169
167.47,-173
167.53,-174
167.58,-174
167.69,-175
167.74,-176
167.84,-180
167.91,-182
168,-183
168.05,-183
168.11,-183
168.2,-186
168.25,-188
168.31,-190
168.36,-191
168.47,-192
168.53,-192
168.58,-194
168.64,-194
168.69,-195
168.74,-198
168.8,-199
168.91,-200
169,-97
169.06,-56
169.11,-64
169.22,-71
169.33,-73
169.42,-76
169.47,-79
169.52,-81
169.58,-84
169.64,-87
169.69,-89
169.74,-89
169.84,-91
169.94,-94
170,-96
170.06,-98
170.11,-100
170.2,-102
170.27,-102
170.38,-106
170.49,-111
170.58,-112
170.64,-112
170.69,-113
170.74,-114
170.8,-116
170.91,-120
171.02,-122
171.11,-123
171.17,-124
171.22,-124
171.27,-127
171.33,-129
171.44,-132
171.49,-134
171.59,-134
171.69,-137
171.74,-139
171.84,-141
171.95,-142
172,-142
172.05,-143
172.17,-148
172.22,-149
172.27,-151
172.33,-151
172.44,-152
172.49,-154
172.59,-156
172.69,-160
172.75,-161
172.8,-161
172.89,-163
172.95,-165
173.02,-167
173.11,-170
173.22,-170
173.27,-171
173.34,-171
173.45,-177
173.5,-177
173.56,-178
173.61,-179
173.72,-180
173.77,-181
173.83,-183
173.92,-187
173.99,-188
174.09,-188
174.19,-189
174.25,-190
174.3,-192
174.41,-195
174.52,-196
174.61,-197
174.67,-199
174.72,-200
174.77,-200
174.83,-202
174.94,-64
174.99,-62
175.08,-70
175.14,-74
175.19,-78
175.25,-80
175.3,-82
175.36,-83
175.45,-85
175.52,-86
175.63,-92
175.72,-96
175.78,-97
175.83,-98
175.94,-101
175.99,-103
176.05,-106
176.14,-108
176.2,-109
176.25,-109
176.3,-110
176.36,-111
176.47,-115
176.52,-117
176.63,-119
176.74,-120
176.8,-122
176.91,-126
176.97,-128
177.02,-129
177.13,-129
177.24,-131
177.31,-135
177.38,-137
177.44,-138
177.49,-139
177.59,-140
177.7,-141
177.75,-143
177.88,-147
177.94,-149
177.99,-149
178.09,-150
178.2,-154
178.25,-156
178.31,-157
178.41,-158
178.5,-160
178.56,-161
178.61,-164
178.67,-164
178.74,-165
178.83,-166
178.94,-168
178.99,-170
179.11,-174
179.17,-175
179.22,-176
179.27,-176
179.33,-177
179.44,-180
179.49,-182
179.55,-184
179.64,-185
179.7,-185
179.75,-185
179.8,-186
179.86,-187
179.95,-192
180.02,-193
180.13,-194
180.22,-196
180.28,-196
180.33,-197
180.39,-200
180.44,-202
180.49,-182
180.55,-73
180.64,-61
180.7,-65
180.75,-69
180.81,-73
180.86,-76
180.97,-78
181.02,-79
181.08,-80
181.17,-85
181.24,-88
181.33,-92
181.39,-93
181.44,-94
181.5,-95
181.55,-97
181.64,-99
181.7,-102
181.75,-104
181.81,-105
181.86,-106
181.97,-108
182.02,-109
182.08,-112
182.17,-116
182.24,-116
182.34,-117
182.44,-119
182.5,-121
182.55,-123
182.61,-125
182.7,-127
182.77,-128
182.86,-130
182.92,-130
182.97,-132
183.03,-134
183.08,-136
183.19,-137
183.24,-138
183.34,-141
183.44,-145
183.53,-146
183.63,-147
183.74,-150
183.84,-154
183.95,-156
184,-157
184.05,-157
184.11,-157
184.2,-160
184.27,-162
184.36,-166
184.47,-167
184.53,-167
184.63,-169
184.74,-173
184.83,-176
184.89,-176
184.94,-176
185,-177
185.05,-179
185.14,-181
185.2,-183
185.25,-185
185.31,-185
185.36,-186
185.47,-187
185.52,-189
185.58,-191
185.67,-194
185.74,-195
185.83,-195
185.89,-195
185.94,-197
186,-199
186.05,-201
186.16,-92
186.25,-61
186.31,-65
186.36,-69
186.42,-72
186.47,-72
186.52,-76
186.58,-78
186.67,-81
186.74,-82
186.84,-87
186.94,-92
187,-94
187.05,-94
187.16,-95
187.25,-99
187.31,-101
187.36,-104
187.42,-105
187.47,-106
187.53,-107
187.58,-108
187.64,-109
187.69,-111
187.74,-114
187.83,-116
187.89,-117
187.95,-118
188.06,-119
188.16,-123
188.25,-127
188.31,-128
188.36,-128
188.42,-128
188.47,-129
188.52,-130
188.58,-132
188.67,-136
188.74,-137
188.84,-138
188.91,-139
189,-142
189.06,-142
189.11,-144
189.22,-147
189.27,-147
189.36,-149
189.42,-150
189.47,-152
189.53,-154
189.59,-156
189.69,-156
189.74,-157
189.84,-159
189.95,-163
190,-165
190.06,-166
190.11,-167
190.2,-168
190.27,-169
190.36,-172
190.42,-173
190.47,-176
190.53,-176
190.58,-177
190.69,-178
190.74,-180
190.84,-185
190.94,-187
191,-187
191.06,-187
191.11,-188
191.2,-191
191.27,-193
191.36,-196
191.42,-197
191.49,-197
191.58,-199
191.64,-199
191.69,-202
191.75,-105
191.8,-57
191.89,-66
191.95,-69
192,-72
192.05,-75
192.11,-78
192.22,-83
192.27,-85
192.33,-85
192.44,-87
192.49,-89
192.58,-94
192.64,-97
192.69,-98
192.74,-99
192.8,-100
192.91,-103
193,-106
193.06,-108
193.11,-110
193.2,-112
193.27,-112
193.33,-114
193.42,-119
193.47,-121
193.53,-122
193.58,-122
193.64,-122
193.69,-123
193.75,-124
193.8,-126
193.89,-131
193.95,-132
194,-133
194.06,-134
194.11,-135
194.22,-138
194.27,-138
194.33,-140
194.42,-144
194.64,-146
194.69,-150
194.75,-152
194.8,-154
194.91,-155
195,-156
195.06,-157
195.11,-159
195.17,-161
195.22,-163
195.27,-164
195.33,-165
195.42,-166
195.49,-167
195.59,-169
195.7,-173
195.75,-175
195.8,-175
195.86,-175
195.97,-178
196.02,-179
196.13,-183
196.22,-184
196.28,-184
196.33,-185
196.44,-188
196.49,-190
196.55,-192
196.64,-193
196.69,-194
196.75,-194
196.8,-195
196.86,-195
196.95,-200
197,-202
197.08,-146
197.17,-61
197.22,-66
197.27,-70
197.33,-74
197.44,-80
197.49,-80
197.59,-83
197.69,-86
197.75,-88
197.8,-92
197.86,-94
197.95,-96
198.02,-97
198.13,-100
198.22,-103
198.28,-105
198.33,-107
198.44,-109
198.49,-110
198.55,-111
198.64,-115
198.7,-117
198.75,-119
198.81,-119
198.86,-120
198.97,-120
199.02,-122
199.13,-126
199.24,-129
199.33,-130
199.39,-131
199.44,-131
199.49,-133
199.55,-136
199.64,-139
199.69,-140
199.75,-141
199.8,-141
199.91,-144
200.02,-148
200.08,-149
200.17,-150
200.22,-150
200.27,-151
200.33,-152
200.42,-156
200.49,-158
200.59,-159
200.69,-161
200.75,-161
200.8,-163
200.91,-167
201.02,-169
201.11,-170
201.17,-171
201.22,-172
201.28,-175
201.33,-176
201.39,-176
201.44,-178
201.49,-178
201.59,-179
201.7,-182
201.75,-185
201.8,-186
201.86,-187
201.92,-187
201.97,-187
202.02,-187
202.13,-190
202.24,-194
202.33,-195
202.39,-196
202.44,-196
202.49,-197
202.59,-201
202.66,-164
202.77,-62
202.86,-66
202.92,-68
202.97,-72
203.02,-75
203.13,-81
203.24,-84
203.34,-85
203.44,-89
203.49,-93
203.55,-95
203.66,-97
203.75,-99
203.81,-101
203.86,-103
203.92,-106
203.97,-106
204.02,-108
204.13,-109
204.22,-111
204.28,-113
204.34,-115
204.44,-119
204.5,-120
204.55,-120
204.61,-121
204.7,-122
204.77,-124
204.88,-129
204.97,-130
205.02,-131
205.08,-131
205.17,-135
205.24,-137
205.33,-139
205.39,-140
205.45,-140
205.55,-142
205.66,-146
205.77,-149
205.86,-150
205.97,-151
206.02,-152
206.08,-154
206.17,-158
206.24,-159
206.3,-159
206.39,-160
206.45,-162
206.5,-164
206.55,-166
206.66,-168
206.72,-169
206.77,-168
206.88,-170
206.99,-174
207.08,-177
207.17,-178
207.24,-178
207.34,-180
207.44,-184
207.5,-185
207.55,-186
207.66,-187
207.77,-189
207.86,-191
207.92,-193
207.97,-194
208.02,-195
208.08,-195
208.17,-197
208.24,-198
208.3,-201
208.41,-99
208.5,-61
208.56,-61
208.61,-64
208.72,-71
208.77,-75
208.86,-79
208.92,-80
208.97,-81
209.02,-83
209.08,-85
209.17,-88
209.24,-90
209.3,-91
209.39,-93
209.44,-93
209.5,-95
209.55,-97
209.61,-100
209.72,-103
209.77,-103
209.86,-104
209.92,-105
209.97,-106
210.02,-109
210.08,-111
210.14,-113
210.19,-113
210.24,-114
210.33,-116
210.41,-118
210.5,-120
210.55,-123
210.61,-124
210.72,-125
210.77,-126
210.88,-130
210.97,-134
211.03,-134
211.08,-135
211.14,-135
211.19,-135
211.24,-137
211.3,-138
211.39,-143
211.61,-146
211.72,-150
211.77,-150
211.88,-154
211.99,-155
212.08,-157
212.14,-158
212.19,-161
212.25,-162
212.3,-164
212.36,-165
212.45,-165
212.52,-166
212.61,-169
212.69,-171
212.75,-173
212.8,-174
212.91,-175
213.02,-177
213.11,-182
213.2,-184
213.27,-185
213.38,-185
213.44,-186
213.49,-188
213.59,-192
213.69,-194
213.75,-194
213.8,-195
213.86,-196
213.95,-200
214.02,-202
214.13,-154
214.22,-60
214.28,-64
214.38,-71
214.44,-75
214.49,-78
214.58,-81
214.69,-82
214.75,-84
214.8,-87
214.89,-92
214.95,-93
215,-95
215.05,-95
215.11,-97
215.17,-98
215.27,-103
215.33,-103
215.42,-107
215.49,-108
215.58,-110
215.64,-112
215.69,-114
215.75,-116
215.8,-118
215.91,-119
216.02,-120
216.13,-123
216.22,-127
216.28,-129
216.38,-130
216.49,-132
216.59,-136
216.69,-137
216.75,-139
216.8,-139
216.91,-140
217.02,-144
217.11,-148
217.17,-149
217.22,-149
217.28,-149
217.33,-149
217.39,-151
217.44,-152
217.49,-155
217.55,-157
217.64,-158
217.69,-159
217.75,-159
217.8,-161
217.86,-163
217.95,-165
218.02,-167
218.13,-168
218.22,-169
218.28,-171
218.33,-173
218.44,-176
218.49,-177
218.59,-177
218.7,-179
218.75,-180
218.8,-183
218.92,-186
219.02,-187
219.11,-189
219.17,-190
219.24,-190
219.33,-194
219.44,-195
219.5,-196
219.55,-196
219.64,-200
219.7,-202
219.75,-117
219.8,-58
219.86,-63
219.97,-66
220.02,-70
220.13,-76
220.24,-81
220.33,-84
220.39,-85
220.44,-87
220.49,-90
220.59,-93
220.7,-96
220.75,-97
220.8,-98
220.86,-99
220.95,-104
221.02,-106
221.13,-109
221.22,-110
221.28,-110
221.33,-112
221.39,-114
221.44,-116
221.49,-118
221.55,-119
221.64,-120
221.7,-121
221.75,-123
221.8,-125
221.86,-125
221.95,-128
222.02,-129
222.08,-130
222.17,-131
222.24,-134
222.34,-138
222.44,-140
222.5,-140
222.55,-141
222.61,-141
222.69,-144
222.75,-146
222.81,-148
222.86,-149
222.92,-150
222.97,-150
223.02,-151
223.08,-152
223.19,-154
223.24,-156
223.33,-159
223.39,-159
223.44,-159
223.49,-160
223.55,-162
223.66,-166
223.75,-167
223.8,-168
223.86,-168
223.92,-168
223.97,-169
224.02,-171
224.13,-175
224.24,-177
224.33,-178
224.39,-179
224.44,-179
224.5,-181
224.55,-183
224.64,-186
224.7,-186
224.75,-186
224.8,-187
224.86,-189
224.97,-193
225.02,-194
225.08,-194
225.19,-195
225.24,-195
225.3,-197
225.38,-200
225.45,-201
225.5,-94
225.55,-59
225.61,-64
225.7,-67
225.77,-70
225.88,-77
225.97,-81
226.03,-83
226.08,-84
226.14,-85
226.19,-87
226.24,-90
226.33,-95
226.39,-95
226.44,-96
226.5,-96
226.55,-97
226.61,-99
226.72,-104
226.77,-106
226.89,-107
226.95,-108
227,-109
227.06,-110
227.11,-112
227.22,-116
227.27,-117
227.38,-118
227.49,-119
227.58,-123
227.64,-125
227.74,-128
227.83,-129
227.91,-130
228,-132
228.06,-134
228.16,-137
228.22,-137
228.3,-138
228.36,-138
228.42,-142
228.49,-144
228.61,-146
228.67,-147
228.72,-147
228.81,-150
228.86,-152
228.94,-154
229.02,-155
229.08,-156
229.14,-157
229.19,-157
229.24,-158
229.3,-160
229.41,-164
229.5,-165
229.56,-165
229.61,-165
229.67,-166
229.72,-167
229.77,-168
229.84,-171
229.91,-173
230,-173
230.06,-173
230.11,-174
230.17,-176
230.22,-178
230.27,-180
230.33,-181
230.42,-182
230.49,-183
230.58,-184
230.69,-187
230.74,-189
230.8,-190
230.89,-191
230.95,-192
231,-192
231.05,-194
231.11,-196
231.22,-199
231.27,-199
231.36,-199
231.42,-200
231.49,-163
231.58,-62
231.69,-70
231.74,-72
231.8,-74
231.89,-76
231.95,-78
232,-81
232.05,-84
232.11,-86
232.22,-88
232.27,-89
232.38,-93
232.49,-97
