### DATA:
#
# 1150
#      Q             I(Q)           Error     
6.43264042E-03  7.34954529E+01  3.91009426E+00
6.82249742E-03  5.95532837E+01  3.09647727E+00
7.21235441E-03  5.36054688E+01  2.59068608E+00
7.60221141E-03  4.94045410E+01  2.20176959E+00
7.99206840E-03  4.25018463E+01  1.95514023E+00
8.38192540E-03  3.73343658E+01  1.75050104E+00
8.77178240E-03  3.71278534E+01  1.58574605E+00
9.16163939E-03  3.68418121E+01  1.45128751E+00
9.55149639E-03  3.22595062E+01  1.32138371E+00
9.94135338E-03  2.95076218E+01  1.21157432E+00
1.03312104E-02  3.03803635E+01  1.12754703E+00
1.07210674E-02  2.91265564E+01  1.04205072E+00
1.11109244E-02  2.63928757E+01  9.73496199E-01
1.15007814E-02  2.36287003E+01  9.15777445E-01
1.18906384E-02  2.28382416E+01  8.56984437E-01
1.22804954E-02  2.35460434E+01  8.10972810E-01
1.26703523E-02  2.31750908E+01  7.67035663E-01
1.30602093E-02  2.15448494E+01  7.30873585E-01
1.34500663E-02  2.19560013E+01  7.00692236E-01
1.38399233E-02  2.04633102E+01  6.69519663E-01
1.42297803E-02  2.15643768E+01  6.44183755E-01
1.46196373E-02  2.15266953E+01  6.24413133E-01
1.50094943E-02  2.02082825E+01  5.94583452E-01
1.53993513E-02  1.99836884E+01  5.75956166E-01
1.57892083E-02  2.01486397E+01  5.57826996E-01
1.61790653E-02  2.00536575E+01  5.41672051E-01
1.65689223E-02  1.96760979E+01  5.24281085E-01
1.69587793E-02  1.90293312E+01  5.11455774E-01
1.73486363E-02  1.81948853E+01  4.99390632E-01
1.77384933E-02  1.86596680E+01  4.83943194E-01
1.81283503E-02  1.82543221E+01  4.75940645E-01
1.85182073E-02  1.82560081E+01  4.64295715E-01
1.89080643E-02  1.81835766E+01  4.54417288E-01
1.92979213E-02  1.75314808E+01  4.42249268E-01
1.96877783E-02  1.74269676E+01  4.36935484E-01
2.00776353E-02  1.81310005E+01  4.30664003E-01
2.04674923E-02  1.73723850E+01  4.21366572E-01
2.08573493E-02  1.67928600E+01  4.16555583E-01
2.12472062E-02  1.77968254E+01  4.07213837E-01
2.16370632E-02  1.75989513E+01  3.99224281E-01
2.20269202E-02  1.74162540E+01  3.93826157E-01
2.24167772E-02  1.65602436E+01  3.86349291E-01
2.28066342E-02  1.74886951E+01  3.81593078E-01
2.31964912E-02  1.68695583E+01  3.78420562E-01
2.35863482E-02  1.61694794E+01  3.71681392E-01
2.39762052E-02  1.57933445E+01  3.67730528E-01
2.43660622E-02  1.51388912E+01  3.59388441E-01
2.47559192E-02  1.55681629E+01  3.56450915E-01
2.51457762E-02  1.51939449E+01  3.51731569E-01
2.55356332E-02  1.53285370E+01  3.49124461E-01
2.59254902E-02  1.54655876E+01  3.45543712E-01
2.63153472E-02  1.53129921E+01  3.40076596E-01
2.67052042E-02  1.52274895E+01  3.37303489E-01
2.70950612E-02  1.49142990E+01  3.32923263E-01
2.74849182E-02  1.50922928E+01  3.31387639E-01
2.78747752E-02  1.39414520E+01  3.26122284E-01
2.82646322E-02  1.38956585E+01  3.22127670E-01
2.86544892E-02  1.41009388E+01  3.20722640E-01
2.90443462E-02  1.41441574E+01  3.17717224E-01
2.94342031E-02  1.40962391E+01  3.14905107E-01
2.98240601E-02  1.39588871E+01  3.10222864E-01
3.02139171E-02  1.36872082E+01  3.06762248E-01
3.06037741E-02  1.36995964E+01  3.10346007E-01
3.09936311E-02  1.34623775E+01  3.12859267E-01
3.13834881E-02  1.30354939E+01  3.15407395E-01
3.17733451E-02  1.25885601E+01  3.13032120E-01
3.21632021E-02  1.31462975E+01  3.15375805E-01
3.25530591E-02  1.26439476E+01  3.14715236E-01
3.29429161E-02  1.22525997E+01  3.14451098E-01
3.33327731E-02  1.23697414E+01  3.13016891E-01
3.37226301E-02  1.26398067E+01  3.10341775E-01
3.41124871E-02  1.20904427E+01  3.10847342E-01
3.45023441E-02  1.21700630E+01  3.10938001E-01
3.48922011E-02  1.20215664E+01  3.08359742E-01
3.52820581E-02  1.18803291E+01  3.06049913E-01
3.56719151E-02  1.18088512E+01  3.06561291E-01
3.60617721E-02  1.17921410E+01  3.06861013E-01
3.64516291E-02  1.11986504E+01  3.05792063E-01
3.68414861E-02  1.06126423E+01  3.04390222E-01
3.72313431E-02  1.10391769E+01  3.02258879E-01
3.76212001E-02  1.11754055E+01  2.96871006E-01
3.80110570E-02  1.09228420E+01  2.89146036E-01
3.84009140E-02  1.10041027E+01  2.83634573E-01
3.87907710E-02  1.05472126E+01  2.81155795E-01
3.91806280E-02  1.09798660E+01  2.79230982E-01
3.95704850E-02  1.07479630E+01  2.75028378E-01
3.99603420E-02  9.92333794E+00  2.71687210E-01
4.03501990E-02  1.03139915E+01  2.68628061E-01
4.07400560E-02  1.03544579E+01  2.67969906E-01
4.11299130E-02  1.03106575E+01  2.66098291E-01
4.15197700E-02  1.00247593E+01  2.64141202E-01
4.19096270E-02  9.64922142E+00  2.61430562E-01
4.22994840E-02  9.26151848E+00  2.59217948E-01
4.26893410E-02  9.68850708E+00  2.56092310E-01
4.30791980E-02  9.75326920E+00  2.52149194E-01
4.34690550E-02  9.48344612E+00  2.48377100E-01
4.38589120E-02  9.27099609E+00  2.48565689E-01
4.42487690E-02  9.25677299E+00  2.45914161E-01
4.46386260E-02  9.12149429E+00  2.43760586E-01
4.50284830E-02  9.47122765E+00  2.43134543E-01
4.54183400E-02  8.89186668E+00  2.43176803E-01
4.58081970E-02  9.00168037E+00  2.42744133E-01
4.61980539E-02  9.13229942E+00  2.43541986E-01
4.65879109E-02  8.83403778E+00  2.43180096E-01
4.69777679E-02  9.14400291E+00  2.44346231E-01
4.73676249E-02  8.70279694E+00  2.45605990E-01
4.77574819E-02  8.36493683E+00  2.45226726E-01
4.81473389E-02  8.66445160E+00  2.44312868E-01
4.85371959E-02  8.74144745E+00  2.45046481E-01
4.89270529E-02  8.66722870E+00  2.44302467E-01
4.93169099E-02  8.56111336E+00  2.44442075E-01
4.97067669E-02  8.28070068E+00  2.43825987E-01
5.00966239E-02  8.31395149E+00  2.42325112E-01
5.04864809E-02  8.21770287E+00  2.43495241E-01
5.08763379E-02  7.99990082E+00  2.41360843E-01
5.12661949E-02  8.16163063E+00  2.40654051E-01
5.16560519E-02  8.19216728E+00  2.41461784E-01
5.20459089E-02  7.94249344E+00  2.41699770E-01
5.24357659E-02  7.69769287E+00  2.39299476E-01
5.28256229E-02  7.42121696E+00  2.35983774E-01
5.32154799E-02  7.29991531E+00  2.33502522E-01
5.36053369E-02  7.77428055E+00  2.31201723E-01
5.39951939E-02  7.15170097E+00  2.27561891E-01
5.43850509E-02  6.88567924E+00  2.25789845E-01
5.47749078E-02  7.07408905E+00  2.25315854E-01
5.51647648E-02  7.30222893E+00  2.24272162E-01
5.55546218E-02  7.23654556E+00  2.22107515E-01
5.59444788E-02  7.21902466E+00  2.21016437E-01
5.63343358E-02  7.13124275E+00  2.19778672E-01
5.67241928E-02  6.97762680E+00  2.17754424E-01
5.71140498E-02  6.95573044E+00  2.16672793E-01
5.75039068E-02  6.92529678E+00  2.15994179E-01
5.78937638E-02  6.93931007E+00  2.14766815E-01
5.82836208E-02  6.50233269E+00  2.14052662E-01
5.86734778E-02  5.84816170E+00  2.15328991E-01
5.90633348E-02  6.33272171E+00  2.17046455E-01
5.94531918E-02  6.39359665E+00  2.17825800E-01
5.98430488E-02  6.71247864E+00  2.17747077E-01
6.02329058E-02  6.53238678E+00  2.17357099E-01
6.06227628E-02  6.30560875E+00  2.17313021E-01
6.10126198E-02  6.27055168E+00  2.18615413E-01
6.14024768E-02  6.25218773E+00  2.16602936E-01
6.17923338E-02  6.01398087E+00  2.12744877E-01
6.21821908E-02  5.87664604E+00  2.10061625E-01
6.25720478E-02  5.69708633E+00  2.09032252E-01
6.29619048E-02  5.88153839E+00  2.07787052E-01
6.33517617E-02  5.81798172E+00  2.07110032E-01
6.37416187E-02  5.38748741E+00  2.05651775E-01
6.41314757E-02  5.62472343E+00  2.03222916E-01
6.45213327E-02  5.82531548E+00  2.03167617E-01
6.49111897E-02  5.82784653E+00  2.02411458E-01
6.53010467E-02  5.85414886E+00  2.00856104E-01
6.56909037E-02  5.46182060E+00  1.99886695E-01
6.60807607E-02  5.65796280E+00  1.98815107E-01
6.64706177E-02  5.78001595E+00  1.98013291E-01
6.68604747E-02  5.70668030E+00  1.96387827E-01
6.72503317E-02  5.54435921E+00  1.94910988E-01
6.76401887E-02  5.65412903E+00  1.94773704E-01
6.80300457E-02  5.79601288E+00  1.94141105E-01
6.84199027E-02  5.31526184E+00  1.91731274E-01
6.88097597E-02  5.54372978E+00  1.91658929E-01
6.91996167E-02  5.57417488E+00  1.91494256E-01
6.95894737E-02  5.36046028E+00  1.90549240E-01
6.99793307E-02  5.53982735E+00  1.89280972E-01
7.03691877E-02  5.52751923E+00  1.90188974E-01
7.07590447E-02  5.19909859E+00  1.88783124E-01
7.11489017E-02  5.45931244E+00  1.88295901E-01
7.15387586E-02  5.51222801E+00  1.88116685E-01
7.19286156E-02  5.30635643E+00  1.85934171E-01
7.23184726E-02  5.43194199E+00  1.85793981E-01
7.27083296E-02  5.05130959E+00  1.85739279E-01
7.30981866E-02  5.19395638E+00  1.84653297E-01
7.34880436E-02  5.00036812E+00  1.84247687E-01
7.38779006E-02  4.93362427E+00  1.83310315E-01
7.42677576E-02  4.77940369E+00  1.83337793E-01
7.46576146E-02  4.79684448E+00  1.81962565E-01
7.50474716E-02  4.98805046E+00  1.81176245E-01
7.54373286E-02  5.29561424E+00  1.80088192E-01
7.58271856E-02  5.01725960E+00  1.79510847E-01
7.62170426E-02  5.05973053E+00  1.79132223E-01
7.66068996E-02  5.24840164E+00  1.78236857E-01
7.69967566E-02  5.24330521E+00  1.78364083E-01
7.73866136E-02  5.16592407E+00  1.77696750E-01
7.77764706E-02  4.86980629E+00  1.76707610E-01
7.81663276E-02  4.83002090E+00  1.75900489E-01
7.85561846E-02  5.16348076E+00  1.75186932E-01
7.89460416E-02  4.94003487E+00  1.74942821E-01
7.93358986E-02  4.77497101E+00  1.74895778E-01
7.97257556E-02  4.70761299E+00  1.75035983E-01
8.01156125E-02  4.89538383E+00  1.74072981E-01
8.05054695E-02  4.80510902E+00  1.73700392E-01
8.08953265E-02  5.06490707E+00  1.73426196E-01
8.12851835E-02  4.90267754E+00  1.72683939E-01
8.16750405E-02  4.82332039E+00  1.72435611E-01
8.20648975E-02  4.97022629E+00  1.72065988E-01
8.24547545E-02  4.89266014E+00  1.70945287E-01
8.28446115E-02  4.92255783E+00  1.70880944E-01
8.32344685E-02  4.99768639E+00  1.69835448E-01
8.36243255E-02  4.42784309E+00  1.69887632E-01
8.40141825E-02  4.67296791E+00  1.69119045E-01
8.44040395E-02  4.69308853E+00  1.68739885E-01
8.47938965E-02  4.76003838E+00  1.68615520E-01
8.51837535E-02  4.83079910E+00  1.68553784E-01
8.55736105E-02  4.79717827E+00  1.67430118E-01
8.59634675E-02  4.87306595E+00  1.67648792E-01
8.63533245E-02  4.27038574E+00  1.67182788E-01
8.67431815E-02  4.36318779E+00  1.66364625E-01
8.71330385E-02  4.60172081E+00  1.65952012E-01
8.75228955E-02  4.54528999E+00  1.65959716E-01
8.79127525E-02  4.67391777E+00  1.64652497E-01
8.83026094E-02  4.76039886E+00  1.64668068E-01
8.86924664E-02  4.39893723E+00  1.63888425E-01
8.90823234E-02  4.59202003E+00  1.63534403E-01
8.94721804E-02  4.42503548E+00  1.63152158E-01
8.98620374E-02  4.55647469E+00  1.62862256E-01
9.02518944E-02  4.54615593E+00  1.62553832E-01
9.06417514E-02  4.38831139E+00  1.61728874E-01
9.10316084E-02  4.42103004E+00  1.61622256E-01
9.14214654E-02  4.59141731E+00  1.61003783E-01
9.18113224E-02  4.47902489E+00  1.60408020E-01
9.22011794E-02  4.33769417E+00  1.59898907E-01
9.25910364E-02  4.40538406E+00  1.59475014E-01
9.29808934E-02  4.22782707E+00  1.58924073E-01
9.33707504E-02  4.19176102E+00  1.58657923E-01
9.37606074E-02  4.58557320E+00  1.58756375E-01
9.41504644E-02  4.35762978E+00  1.58813223E-01
9.45403214E-02  4.60166359E+00  1.57909602E-01
9.49301784E-02  4.52135849E+00  1.57608375E-01
9.53200354E-02  4.49909019E+00  1.56796172E-01
9.57098924E-02  4.44715881E+00  1.56506881E-01
9.60997494E-02  4.53201866E+00  1.56840518E-01
9.64896064E-02  4.17612457E+00  1.55986488E-01
9.68794633E-02  4.40412140E+00  1.55582622E-01
9.72693203E-02  4.61145592E+00  1.55835941E-01
9.76591773E-02  4.44520378E+00  1.54115573E-01
9.80490343E-02  4.25733948E+00  1.54321462E-01
9.84388913E-02  4.47236824E+00  1.54253453E-01
9.88287483E-02  4.12113190E+00  1.53841749E-01
9.92186053E-02  4.27436447E+00  1.53704345E-01
9.96084623E-02  4.05505943E+00  1.53346837E-01
9.99983193E-02  4.07506180E+00  1.52741268E-01
1.00388176E-01  4.47317314E+00  1.52185902E-01
1.00778033E-01  4.52280807E+00  1.52318642E-01
1.01167890E-01  4.31003571E+00  1.52118936E-01
1.01557747E-01  4.11453247E+00  1.51217818E-01
1.01947604E-01  4.23806763E+00  1.51243016E-01
1.02337461E-01  4.14645004E+00  1.50888890E-01
1.02727318E-01  4.31768799E+00  1.50585577E-01
1.03117175E-01  4.25857162E+00  1.50348231E-01
1.03507032E-01  4.24114799E+00  1.49938270E-01
1.03896889E-01  4.34964561E+00  1.49958506E-01
1.04286746E-01  4.16870117E+00  1.49081051E-01
1.04676603E-01  4.20841217E+00  1.48943037E-01
1.05066460E-01  4.32066727E+00  1.48676485E-01
1.05456317E-01  4.31679726E+00  1.48456872E-01
1.05846174E-01  3.97923851E+00  1.47534117E-01
1.06236031E-01  4.30953026E+00  1.47236392E-01
1.06625888E-01  4.45691872E+00  1.47221893E-01
1.07015745E-01  4.26393509E+00  1.46700174E-01
1.07405602E-01  4.35365677E+00  1.46508336E-01
1.07795459E-01  4.03549385E+00  1.46426603E-01
1.08185316E-01  4.09629822E+00  1.46150813E-01
1.08575173E-01  4.20671463E+00  1.45493791E-01
1.08965030E-01  4.01600075E+00  1.45305917E-01
1.09354887E-01  4.11283112E+00  1.45261884E-01
1.09744744E-01  4.21770096E+00  1.45123228E-01
1.10134601E-01  4.34682846E+00  1.44342691E-01
1.10524458E-01  4.25889206E+00  1.44601092E-01
1.10914315E-01  4.19826508E+00  1.44597381E-01
1.11304172E-01  3.95306969E+00  1.43231928E-01
1.11694029E-01  4.45268440E+00  1.43341362E-01
1.12083886E-01  4.04153252E+00  1.42618299E-01
1.12473743E-01  4.05347061E+00  1.42637044E-01
1.12863600E-01  4.18904114E+00  1.42467618E-01
1.13253457E-01  4.08399773E+00  1.42788172E-01
1.13643314E-01  4.02134514E+00  1.44110292E-01
1.14033171E-01  3.98301697E+00  1.44626185E-01
1.14423028E-01  3.98682022E+00  1.44783333E-01
1.14812885E-01  4.14617538E+00  1.44980878E-01
1.15202742E-01  4.22365761E+00  1.45159975E-01
1.15592599E-01  4.16967201E+00  1.45743206E-01
1.15982456E-01  4.15758324E+00  1.46354839E-01
1.16372313E-01  4.11158562E+00  1.46053329E-01
1.16762170E-01  3.86876297E+00  1.46253079E-01
1.17152027E-01  4.07191467E+00  1.46303147E-01
1.17541884E-01  4.04160881E+00  1.46143153E-01
1.17931741E-01  4.06336212E+00  1.46323502E-01
1.18321598E-01  4.42773628E+00  1.46328136E-01
1.18711455E-01  4.07238388E+00  1.46338791E-01
1.19101312E-01  3.98953629E+00  1.46241739E-01
1.19491169E-01  3.97906876E+00  1.46546379E-01
1.19881026E-01  4.33805275E+00  1.46246329E-01
1.20270883E-01  4.25849724E+00  1.45943284E-01
1.20660740E-01  4.08194923E+00  1.44286454E-01
1.21050597E-01  3.95179939E+00  1.43171310E-01
1.21440454E-01  3.97693634E+00  1.42964199E-01
1.21830311E-01  4.17213631E+00  1.41782090E-01
1.22220168E-01  4.26068115E+00  1.41509920E-01
1.22610025E-01  4.31653404E+00  1.40707195E-01
1.22999882E-01  4.14367104E+00  1.40674740E-01
1.23389739E-01  4.01492882E+00  1.39947727E-01
1.23779596E-01  4.04999161E+00  1.39726147E-01
1.24169453E-01  3.79614830E+00  1.38887003E-01
1.24559310E-01  4.11706543E+00  1.38396859E-01
1.24949167E-01  4.37594223E+00  1.38463899E-01
1.25339024E-01  4.18771935E+00  1.37805924E-01
1.25728881E-01  3.92540741E+00  1.37686715E-01
1.26118738E-01  4.08295822E+00  1.37641340E-01
1.26508595E-01  4.43478203E+00  1.37234807E-01
1.26898452E-01  4.06438255E+00  1.36616617E-01
1.27288309E-01  4.12084198E+00  1.36662692E-01
1.27678166E-01  3.98686600E+00  1.35891140E-01
1.28068023E-01  4.17704201E+00  1.35617226E-01
1.28457880E-01  4.11667061E+00  1.36365592E-01
1.28847737E-01  4.11200905E+00  1.36397600E-01
1.29237594E-01  3.97043800E+00  1.36735618E-01
1.29627451E-01  4.13673019E+00  1.37087032E-01
1.30017308E-01  4.19531822E+00  1.37558371E-01
1.30407165E-01  4.33532715E+00  1.37392461E-01
1.30797022E-01  4.22353172E+00  1.37720853E-01
1.31186879E-01  4.16330338E+00  1.37794405E-01
1.31576736E-01  4.36094284E+00  1.38689011E-01
1.31966593E-01  4.20459557E+00  1.40735760E-01
1.32356450E-01  4.21741676E+00  1.41199753E-01
1.32746307E-01  4.26127434E+00  1.42205104E-01
1.33136164E-01  4.36934090E+00  1.42044201E-01
1.33526021E-01  4.32614708E+00  1.42829061E-01
1.33915878E-01  4.34373093E+00  1.43980607E-01
1.34305735E-01  4.47896957E+00  1.44588217E-01
1.34695592E-01  4.23991203E+00  1.44000381E-01
1.35085449E-01  4.36173439E+00  1.42546669E-01
1.35475306E-01  4.33808136E+00  1.40709341E-01
1.35865163E-01  4.28891182E+00  1.39357552E-01
1.36255020E-01  4.34739685E+00  1.38105690E-01
1.36644877E-01  4.22357178E+00  1.37248665E-01
1.37034734E-01  4.22238541E+00  1.36459112E-01
1.37424591E-01  4.10650444E+00  1.35884166E-01
1.37814448E-01  4.16859436E+00  1.35032713E-01
1.38204305E-01  4.16151237E+00  1.35000542E-01
1.38594162E-01  4.09040833E+00  1.34717450E-01
1.38984019E-01  4.10881996E+00  1.34102404E-01
1.39373876E-01  3.87193298E+00  1.33817211E-01
1.39763733E-01  4.02115059E+00  1.33364588E-01
1.40153590E-01  4.03815079E+00  1.32871270E-01
1.40543447E-01  4.20028305E+00  1.32649615E-01
1.40933304E-01  4.02038765E+00  1.32189110E-01
1.41323161E-01  4.15192604E+00  1.31394625E-01
1.41713018E-01  4.09399605E+00  1.31108046E-01
1.42102875E-01  4.19965553E+00  1.30815178E-01
1.42492732E-01  3.81553268E+00  1.30560338E-01
1.42882589E-01  4.11713791E+00  1.30060583E-01
1.43272446E-01  4.03465080E+00  1.29809067E-01
1.43662303E-01  4.12229919E+00  1.29521862E-01
1.44052160E-01  3.97821808E+00  1.29707202E-01
1.44442017E-01  3.87734222E+00  1.29595950E-01
1.44831874E-01  3.97277641E+00  1.28868267E-01
1.45221731E-01  4.03033638E+00  1.28660470E-01
1.45611588E-01  3.83361626E+00  1.28775060E-01
1.46001445E-01  4.14554977E+00  1.28110096E-01
1.46391302E-01  4.03357315E+00  1.27979293E-01
1.46781159E-01  4.08057404E+00  1.27777010E-01
1.47171016E-01  4.00597763E+00  1.27548173E-01
1.47560873E-01  4.04304886E+00  1.27451271E-01
1.47950730E-01  3.93073845E+00  1.26996458E-01
1.48340587E-01  3.91012573E+00  1.26814559E-01
1.48730444E-01  3.82681084E+00  1.26664847E-01
1.49120301E-01  3.88463020E+00  1.26266256E-01
1.49510158E-01  4.03291512E+00  1.25972733E-01
1.49900015E-01  3.74074364E+00  1.25785947E-01
1.50289872E-01  3.90864182E+00  1.25534564E-01
1.50679729E-01  3.94442368E+00  1.25616193E-01
1.51069586E-01  4.02263641E+00  1.25453651E-01
1.51459443E-01  4.00209618E+00  1.25138953E-01
1.51849300E-01  3.97033882E+00  1.25133947E-01
1.52239157E-01  3.88777733E+00  1.24551758E-01
1.52629014E-01  4.13081741E+00  1.24499194E-01
1.53018871E-01  3.84658241E+00  1.24396883E-01
1.53408728E-01  3.98648643E+00  1.24222867E-01
1.53798585E-01  3.75579834E+00  1.24020584E-01
1.54188442E-01  3.84774208E+00  1.23538576E-01
1.54578299E-01  4.03395081E+00  1.23405233E-01
1.54968156E-01  3.89118767E+00  1.23431310E-01
1.55358013E-01  3.82768822E+00  1.22599624E-01
1.55747870E-01  3.92297554E+00  1.22163258E-01
1.56137727E-01  3.90636253E+00  1.22350529E-01
1.56527584E-01  3.99253273E+00  1.22166224E-01
1.56917441E-01  3.60083199E+00  1.21961385E-01
1.57307298E-01  3.79371643E+00  1.21558718E-01
1.57697155E-01  3.85296059E+00  1.21631205E-01
1.58087012E-01  3.68826675E+00  1.21332385E-01
1.58476869E-01  3.81552887E+00  1.21417135E-01
1.58866726E-01  3.87477303E+00  1.21188894E-01
1.59256583E-01  3.75569916E+00  1.20619610E-01
1.59646440E-01  3.67020988E+00  1.20507807E-01
1.60036297E-01  3.90651321E+00  1.20466836E-01
1.60426154E-01  3.64112854E+00  1.19978391E-01
1.60816011E-01  3.63057709E+00  1.19855948E-01
1.61205868E-01  3.60085678E+00  1.19801290E-01
1.61595725E-01  3.75067711E+00  1.19586535E-01
1.61985582E-01  3.77376747E+00  1.19284801E-01
1.62375439E-01  3.73253822E+00  1.19247600E-01
1.62765296E-01  3.47554398E+00  1.18933111E-01
1.63155153E-01  3.67348862E+00  1.18622221E-01
1.63545010E-01  3.44210243E+00  1.18687250E-01
1.63934867E-01  3.61720467E+00  1.18491583E-01
1.64324724E-01  3.64306831E+00  1.18349053E-01
1.64714581E-01  3.51415825E+00  1.17992714E-01
1.65104438E-01  3.55907440E+00  1.17906794E-01
1.65494295E-01  3.64417076E+00  1.17487296E-01
1.65884152E-01  3.68967247E+00  1.17477238E-01
1.66274009E-01  3.48366165E+00  1.17165074E-01
1.66663866E-01  3.68592262E+00  1.17095686E-01
1.67053723E-01  3.63493156E+00  1.16803698E-01
1.67443580E-01  3.68647575E+00  1.16695106E-01
1.67833437E-01  3.33122635E+00  1.16533071E-01
1.68223293E-01  3.50404549E+00  1.16582051E-01
1.68613150E-01  3.45743561E+00  1.16512991E-01
1.69003007E-01  3.50975800E+00  1.16040319E-01
1.69392864E-01  3.41529655E+00  1.15891419E-01
1.69782721E-01  3.49005890E+00  1.15964100E-01
1.70172578E-01  3.41664314E+00  1.15671627E-01
1.70562435E-01  3.62584877E+00  1.15099251E-01
1.70952292E-01  3.69849586E+00  1.15011118E-01
1.71342149E-01  3.58618355E+00  1.15171388E-01
1.71732006E-01  3.30354881E+00  1.15207829E-01
1.72121863E-01  3.45153427E+00  1.14679299E-01
1.72511720E-01  3.28245163E+00  1.14572458E-01
1.72901577E-01  3.25228500E+00  1.14149481E-01
1.73291434E-01  3.36941147E+00  1.14070795E-01
1.73681291E-01  3.55467033E+00  1.14118390E-01
1.74071148E-01  3.34422112E+00  1.13701604E-01
1.74461005E-01  3.44112396E+00  1.13257997E-01
1.74850862E-01  3.40024948E+00  1.13295116E-01
1.75240719E-01  3.32769775E+00  1.13283776E-01
1.75630576E-01  3.41030693E+00  1.13069609E-01
1.76020433E-01  3.28064156E+00  1.12729855E-01
1.76410290E-01  3.12710381E+00  1.12470455E-01
1.76800147E-01  3.17884064E+00  1.12359971E-01
1.77190004E-01  3.13318825E+00  1.12372674E-01
1.77579861E-01  3.09142303E+00  1.12291060E-01
1.77969718E-01  3.03734779E+00  1.11690730E-01
1.78359575E-01  3.22702217E+00  1.11831583E-01
1.78749432E-01  3.25874519E+00  1.11310326E-01
1.79139289E-01  3.23391914E+00  1.11644231E-01
1.79529146E-01  3.28844833E+00  1.11465812E-01
1.79919003E-01  3.24424171E+00  1.11474462E-01
1.80308860E-01  3.18525314E+00  1.11445516E-01
1.80698717E-01  3.18233299E+00  1.10897444E-01
1.81088574E-01  3.15665627E+00  1.10899203E-01
1.81478431E-01  3.29171753E+00  1.10618815E-01
1.81868288E-01  3.09988594E+00  1.10740207E-01
1.82258145E-01  2.98328018E+00  1.10351421E-01
1.82648002E-01  3.09167480E+00  1.09986492E-01
1.83037859E-01  2.99736023E+00  1.10265031E-01
1.83427716E-01  3.18978310E+00  1.10224746E-01
1.83817573E-01  3.18391800E+00  1.09956540E-01
1.84207430E-01  2.97234917E+00  1.09723896E-01
1.84597287E-01  2.89007759E+00  1.09678678E-01
1.84987144E-01  3.03318787E+00  1.09451719E-01
1.85377001E-01  3.22375298E+00  1.09341234E-01
1.85766858E-01  2.94679451E+00  1.08938195E-01
1.86156715E-01  2.86736488E+00  1.08730264E-01
1.86546572E-01  2.89418793E+00  1.08575270E-01
1.86936429E-01  2.86693573E+00  1.08484365E-01
1.87326286E-01  2.89148712E+00  1.08450979E-01
1.87716143E-01  2.98750877E+00  1.08115040E-01
1.88106000E-01  2.90410614E+00  1.08174361E-01
1.88495857E-01  2.85355949E+00  1.07989535E-01
1.88885714E-01  2.93898582E+00  1.07441820E-01
1.89275571E-01  2.92352486E+00  1.07337415E-01
1.89665428E-01  2.89818001E+00  1.07324012E-01
1.90055285E-01  2.70351219E+00  1.07282788E-01
1.90445142E-01  2.95200920E+00  1.07430063E-01
1.90834999E-01  2.82903290E+00  1.07244849E-01
1.91224856E-01  2.62637711E+00  1.06909968E-01
1.91614713E-01  2.75643539E+00  1.06858529E-01
1.92004570E-01  2.81278038E+00  1.06826067E-01
1.92394427E-01  2.74824333E+00  1.06780604E-01
1.92784284E-01  2.76520348E+00  1.06241085E-01
1.93174141E-01  2.74794960E+00  1.06232114E-01
1.93563998E-01  2.71562767E+00  1.06105976E-01
1.93953855E-01  2.95710182E+00  1.05935909E-01
1.94343712E-01  2.70228577E+00  1.05985694E-01
1.94733569E-01  2.67872429E+00  1.05692707E-01
1.95123426E-01  2.75625801E+00  1.05472848E-01
1.95513283E-01  2.70950508E+00  1.05247140E-01
1.95903140E-01  2.71102524E+00  1.05276629E-01
1.96292997E-01  2.70049286E+00  1.05737947E-01
1.96682854E-01  2.64743996E+00  1.06337212E-01
1.97072711E-01  2.51015663E+00  1.06937885E-01
1.97462568E-01  2.47655678E+00  1.06884986E-01
1.97852425E-01  2.79685402E+00  1.07170001E-01
1.98242282E-01  2.61545753E+00  1.07243404E-01
1.98632139E-01  2.43128014E+00  1.07601486E-01
1.99021996E-01  2.63933945E+00  1.07444331E-01
1.99411853E-01  2.56048965E+00  1.07434005E-01
1.99801710E-01  2.64299393E+00  1.07510209E-01
2.00191567E-01  2.67429352E+00  1.07709050E-01
2.00581424E-01  2.63125229E+00  1.07592978E-01
2.00971281E-01  2.68049049E+00  1.07831769E-01
2.01361138E-01  2.71095467E+00  1.07792214E-01
2.01750995E-01  2.43748665E+00  1.07784241E-01
2.02140852E-01  2.42654228E+00  1.08059078E-01
2.02530709E-01  2.39015388E+00  1.08195998E-01
2.02920566E-01  2.46733284E+00  1.08041562E-01
2.03310423E-01  2.48997116E+00  1.07219368E-01
2.03700280E-01  2.44725037E+00  1.06398873E-01
2.04090137E-01  2.45903015E+00  1.05848558E-01
2.04479994E-01  2.30811119E+00  1.05435692E-01
2.04869851E-01  2.33290863E+00  1.05254352E-01
2.05259708E-01  2.36494827E+00  1.04751766E-01
2.05649565E-01  2.33475113E+00  1.04513429E-01
2.06039422E-01  2.24322701E+00  1.04375429E-01
2.06429279E-01  2.44047356E+00  1.04045548E-01
2.06819136E-01  2.47627068E+00  1.04238480E-01
2.07208993E-01  2.58988190E+00  1.04088709E-01
2.07598850E-01  2.30175591E+00  1.03738517E-01
2.07988707E-01  2.35200119E+00  1.03716962E-01
2.08378564E-01  2.38137054E+00  1.03433169E-01
2.08768421E-01  2.39480591E+00  1.03030361E-01
2.09158278E-01  2.30079842E+00  1.02889627E-01
2.09548135E-01  2.42168808E+00  1.02839418E-01
2.09937992E-01  2.32944107E+00  1.02451570E-01
2.10327849E-01  2.25172997E+00  1.02311775E-01
2.10717706E-01  2.22303581E+00  1.02313191E-01
2.11107563E-01  2.18360710E+00  1.02267534E-01
2.11497420E-01  2.05555725E+00  1.02902666E-01
2.11887277E-01  2.38831711E+00  1.02942236E-01
2.12277134E-01  2.44653511E+00  1.03387684E-01
2.12666991E-01  2.52776146E+00  1.03696860E-01
2.13056848E-01  2.31013870E+00  1.03393614E-01
2.13446705E-01  2.32790375E+00  1.03890024E-01
2.13836562E-01  2.38579750E+00  1.03804149E-01
2.14226419E-01  2.32157898E+00  1.03683867E-01
2.14616276E-01  2.45348549E+00  1.04024000E-01
2.15006133E-01  2.42383575E+00  1.04080811E-01
2.15395990E-01  2.36575508E+00  1.03985198E-01
2.15785847E-01  2.25864220E+00  1.04205690E-01
2.16175704E-01  2.20186043E+00  1.04048163E-01
2.16565561E-01  2.53493500E+00  1.03958584E-01
2.16955418E-01  2.33110809E+00  1.04103222E-01
2.17345275E-01  2.31794357E+00  1.04235940E-01
2.17735132E-01  2.19299698E+00  1.04331233E-01
2.18124989E-01  2.18638992E+00  1.03674114E-01
2.18514846E-01  2.30157852E+00  1.03218302E-01
2.18904703E-01  2.29389954E+00  1.02646723E-01
2.19294560E-01  2.34874153E+00  1.02100380E-01
2.19684417E-01  2.17698097E+00  1.01911820E-01
2.20074274E-01  2.08794403E+00  1.01503730E-01
2.20464131E-01  1.80674171E+00  1.01238526E-01
2.20853988E-01  2.10244751E+00  1.01130798E-01
2.21243845E-01  2.16366959E+00  1.00927070E-01
2.21633702E-01  2.05286789E+00  1.00587703E-01
2.22023559E-01  1.99378967E+00  1.00254089E-01
2.22413416E-01  2.21303940E+00  1.00142770E-01
2.22803273E-01  2.11317825E+00  9.98165682E-02
2.23193130E-01  2.24468994E+00  9.97956097E-02
2.23582987E-01  2.20488930E+00  9.97455567E-02
2.23972844E-01  1.97831154E+00  9.93131921E-02
2.24362701E-01  2.12842369E+00  9.93291810E-02
2.24752558E-01  1.98609352E+00  9.91519392E-02
2.25142415E-01  1.90103340E+00  9.90821943E-02
2.25532272E-01  1.97491646E+00  9.90406424E-02
2.25922129E-01  2.26040077E+00  9.88573581E-02
2.26311986E-01  2.07788277E+00  9.86260995E-02
2.26701843E-01  1.96129036E+00  9.85731632E-02
2.27091700E-01  1.91262245E+00  9.85959470E-02
2.27481557E-01  2.02703857E+00  9.84115601E-02
2.27871414E-01  2.07283401E+00  9.82635021E-02
2.28261271E-01  1.89386368E+00  9.81257334E-02
2.28651128E-01  1.85393906E+00  9.78804752E-02
2.29040985E-01  1.85857201E+00  9.76941958E-02
2.29430842E-01  1.96612358E+00  9.76067483E-02
2.29820699E-01  2.14455032E+00  9.74589288E-02
2.30210556E-01  2.03319168E+00  9.73671377E-02
2.30600413E-01  1.92623711E+00  9.70196649E-02
2.30990270E-01  1.97866249E+00  9.71438289E-02
2.31380127E-01  1.97755051E+00  9.70321745E-02
2.31769984E-01  1.77413177E+00  9.67534706E-02
2.32159841E-01  1.99632454E+00  9.66851860E-02
2.32549698E-01  1.90923119E+00  9.65725929E-02
2.32939555E-01  1.80765915E+00  9.62873399E-02
2.33329412E-01  1.99389839E+00  9.62476879E-02
2.33719269E-01  1.79647446E+00  9.60639641E-02
2.34109126E-01  1.64543915E+00  9.61444303E-02
2.34498983E-01  1.78727531E+00  9.57865641E-02
2.34888840E-01  1.77663422E+00  9.56680104E-02
2.35278697E-01  2.02791023E+00  9.56720263E-02
2.35668554E-01  2.07216835E+00  9.54790339E-02
2.36058411E-01  1.96117973E+00  9.55264270E-02
2.36448268E-01  2.10131454E+00  9.53576490E-02
2.36838125E-01  1.91104889E+00  9.51889083E-02
2.37227982E-01  1.83931351E+00  9.48610306E-02
2.37617839E-01  1.74381638E+00  9.48225632E-02
2.38007696E-01  1.84023476E+00  9.46808532E-02
2.38397553E-01  1.85534477E+00  9.44674015E-02
2.38787410E-01  1.89981079E+00  9.43722427E-02
2.39177267E-01  1.63950348E+00  9.42507461E-02
2.39567124E-01  1.82746315E+00  9.42632183E-02
2.39956981E-01  1.83104897E+00  9.43526700E-02
2.40346838E-01  1.76000595E+00  9.40861031E-02
2.40736695E-01  1.81239700E+00  9.40158889E-02
2.41126552E-01  1.65196228E+00  9.39342380E-02
2.41516409E-01  1.78147888E+00  9.36933756E-02
2.41906266E-01  1.80075073E+00  9.34644341E-02
2.42296123E-01  1.82685852E+00  9.36813429E-02
2.42685980E-01  1.79136276E+00  9.35723707E-02
2.43075837E-01  1.67984009E+00  9.33278650E-02
2.43465694E-01  1.83047295E+00  9.31809768E-02
2.43855551E-01  1.80565071E+00  9.32753161E-02
2.44245408E-01  1.62925529E+00  9.31630507E-02
2.44635265E-01  1.60973549E+00  9.29729939E-02
2.45025122E-01  1.70998955E+00  9.28080454E-02
2.45414979E-01  1.79851341E+00  9.27641839E-02
2.45804836E-01  1.78460312E+00  9.26596671E-02
2.46194693E-01  1.64967918E+00  9.23598781E-02
2.46584550E-01  1.57991219E+00  9.24118087E-02
2.46974407E-01  1.57172012E+00  9.25283432E-02
2.47364264E-01  1.68212509E+00  9.22701955E-02
2.47754121E-01  1.70912170E+00  9.20819491E-02
2.48143978E-01  1.55353737E+00  9.21106786E-02
2.48533835E-01  1.71046066E+00  9.17833596E-02
2.48923692E-01  1.56933594E+00  9.17827636E-02
2.49313549E-01  1.67902756E+00  9.18354690E-02
2.49703406E-01  1.62584877E+00  9.16623324E-02
2.50093263E-01  1.67527771E+00  9.16398317E-02
2.50483120E-01  1.54902077E+00  9.13609117E-02
2.50872977E-01  1.47999573E+00  9.14578438E-02
2.51262834E-01  1.48627663E+00  9.10699740E-02
2.51652691E-01  1.48412323E+00  9.11292061E-02
2.52042547E-01  1.57028961E+00  9.20076147E-02
2.52432404E-01  1.53287888E+00  9.19379294E-02
2.52822261E-01  1.62203407E+00  9.21357349E-02
2.53212118E-01  1.49051857E+00  9.26775485E-02
2.53601975E-01  1.49969101E+00  9.24008116E-02
2.53991832E-01  1.32276154E+00  9.25176293E-02
2.54381689E-01  1.45510101E+00  9.24576893E-02
2.54771546E-01  1.40930939E+00  9.27579179E-02
2.55161403E-01  1.43684769E+00  9.27308649E-02
2.55551260E-01  1.50298500E+00  9.26365927E-02
2.55941117E-01  1.37676811E+00  9.29644331E-02
2.56330974E-01  1.44196320E+00  9.27413478E-02
2.56720831E-01  1.29754639E+00  9.26569179E-02
2.57110688E-01  1.37595558E+00  9.24022645E-02
2.57500545E-01  1.41046906E+00  9.24884155E-02
2.57890402E-01  1.31757736E+00  9.26186815E-02
2.58280259E-01  1.35003662E+00  9.26379859E-02
2.58670116E-01  1.35924911E+00  9.28024128E-02
2.59059973E-01  1.38386345E+00  9.26454291E-02
2.59449830E-01  1.24812508E+00  9.24511403E-02
2.59839687E-01  1.22422218E+00  9.26625654E-02
2.60229544E-01  1.37313843E+00  9.26652998E-02
2.60619401E-01  1.40008354E+00  9.27740782E-02
2.61009258E-01  1.40087509E+00  9.24971104E-02
2.61399115E-01  1.22754860E+00  9.24332216E-02
2.61788972E-01  1.14263725E+00  9.26569030E-02
2.62178829E-01  1.04871750E+00  9.24441442E-02
2.62568686E-01  1.19681931E+00  9.25253481E-02
2.62958543E-01  1.35474968E+00  9.25438181E-02
2.63348400E-01  1.30972672E+00  9.28345025E-02
2.63738257E-01  1.25769806E+00  9.24208239E-02
2.64128114E-01  1.21433449E+00  9.25887227E-02
2.64517971E-01  1.28122520E+00  9.27262306E-02
2.64907828E-01  1.22845078E+00  9.27029178E-02
2.65297685E-01  1.32429504E+00  9.27645639E-02
2.65687542E-01  1.16043091E+00  9.25623775E-02
2.66077399E-01  1.40034485E+00  9.26604345E-02
2.66467256E-01  1.24802589E+00  9.23450142E-02
2.66857113E-01  1.05066109E+00  9.25502032E-02
2.67246970E-01  1.04188347E+00  9.24664885E-02
2.67636827E-01  1.09071159E+00  9.26289260E-02
2.68026684E-01  1.21891785E+00  9.22913477E-02
2.68416541E-01  1.17364311E+00  9.24682543E-02
2.68806398E-01  1.14556503E+00  9.24997702E-02
2.69196255E-01  1.22935104E+00  9.23699811E-02
2.69586112E-01  1.20443535E+00  9.24997106E-02
2.69975969E-01  1.07856750E+00  9.23220292E-02
2.70365826E-01  1.10086250E+00  9.23087001E-02
2.70755683E-01  1.02198792E+00  9.22257602E-02
2.71145540E-01  1.15886497E+00  9.21741128E-02
2.71535397E-01  1.11023331E+00  9.24194083E-02
2.71925254E-01  9.71990585E-01  9.23610777E-02
2.72315111E-01  1.00553131E+00  9.21019092E-02
2.72704968E-01  1.05751419E+00  9.20528173E-02
2.73094825E-01  1.10573006E+00  9.21797305E-02
2.73484682E-01  1.10374641E+00  9.19098035E-02
2.73874539E-01  9.90276337E-01  9.21723545E-02
2.74264396E-01  1.09247971E+00  9.22169387E-02
2.74654253E-01  1.06849480E+00  9.21376050E-02
2.75044110E-01  1.05735207E+00  9.20748636E-02
2.75433967E-01  1.13694954E+00  9.20318291E-02
2.75823824E-01  1.04015160E+00  9.20117870E-02
2.76213681E-01  1.02935028E+00  9.20779407E-02
2.76603538E-01  9.92330551E-01  9.19826403E-02
2.76993395E-01  9.77415085E-01  9.16631296E-02
2.77383252E-01  9.45068359E-01  9.19409469E-02
2.77773109E-01  9.01603699E-01  9.16710496E-02
2.78162966E-01  9.82908249E-01  9.18210819E-02
2.78552823E-01  1.08437157E+00  9.15620402E-02
2.78942680E-01  8.49765778E-01  9.21607167E-02
2.79332537E-01  8.52832794E-01  9.24068615E-02
2.79722394E-01  8.09522629E-01  9.27720442E-02
2.80112251E-01  9.27194595E-01  9.31591764E-02
2.80502108E-01  9.23292160E-01  9.35027450E-02
2.80891965E-01  9.25704956E-01  9.38584283E-02
2.81281822E-01  1.01790428E+00  9.37816948E-02
2.81671679E-01  8.24586868E-01  9.39458534E-02
2.82061536E-01  8.81538391E-01  9.42106843E-02
2.82451393E-01  8.42737198E-01  9.45012346E-02
2.82841250E-01  7.85345078E-01  9.45770442E-02
2.83231107E-01  9.08090591E-01  9.44330916E-02
2.83620964E-01  8.77059937E-01  9.45887715E-02
2.84010821E-01  9.00186539E-01  9.48508382E-02
2.84400678E-01  8.21548462E-01  9.48821530E-02
2.84790535E-01  7.24308014E-01  9.49822515E-02
2.85180392E-01  9.89923477E-01  9.49711800E-02
2.85570249E-01  7.48464584E-01  9.49746072E-02
2.85960106E-01  8.42235565E-01  9.45407972E-02
2.86349963E-01  6.79443359E-01  9.36740115E-02
2.86739820E-01  7.84591675E-01  9.36660171E-02
2.87129677E-01  7.58695602E-01  9.33902636E-02
2.87519534E-01  8.10752869E-01  9.32846218E-02
2.87909391E-01  7.80048370E-01  9.32436734E-02
2.88299248E-01  5.78359604E-01  9.28422362E-02
2.88689105E-01  8.22723389E-01  9.26855132E-02
2.89078962E-01  8.50307465E-01  9.24843922E-02
2.89468819E-01  8.67118835E-01  9.25448462E-02
2.89858676E-01  6.89599991E-01  9.24480036E-02
2.90248533E-01  6.39873505E-01  9.22695398E-02
2.90638390E-01  5.81569672E-01  9.23111066E-02
2.91028247E-01  7.48277664E-01  9.21942517E-02
2.91418104E-01  6.85169220E-01  9.19611454E-02
2.91807961E-01  7.45546341E-01  9.20019522E-02
2.92197818E-01  7.86687851E-01  9.19657424E-02
2.92587675E-01  8.11130524E-01  9.18847769E-02
2.92977532E-01  7.78577805E-01  9.18833986E-02
2.93367389E-01  5.71580887E-01  9.18192416E-02
2.93757246E-01  5.12794495E-01  9.19998810E-02
2.94147103E-01  6.99462891E-01  9.27719399E-02
2.94536960E-01  7.02547073E-01  9.30431634E-02
2.94926817E-01  7.48954773E-01  9.31732953E-02
2.95316674E-01  4.75246429E-01  9.33559686E-02
2.95706531E-01  4.96696472E-01  9.35051292E-02
2.96096388E-01  6.56579971E-01  9.38530788E-02
2.96486245E-01  6.36371613E-01  9.38078687E-02
2.96876102E-01  5.50127029E-01  9.41512659E-02
2.97265959E-01  5.80421448E-01  9.41237509E-02
2.97655816E-01  7.17273712E-01  9.44508463E-02
2.98045673E-01  8.48993301E-01  9.44755822E-02
2.98435530E-01  7.35782623E-01  9.44966227E-02
2.98825387E-01  6.45830154E-01  9.45125818E-02
2.99215244E-01  7.27350235E-01  9.45402086E-02
2.99605101E-01  7.98810959E-01  9.46875811E-02
2.99994958E-01  7.55157471E-01  9.46646109E-02
3.00384815E-01  6.55439377E-01  9.48708802E-02
3.00774672E-01  6.91322327E-01  9.50686559E-02
3.01164529E-01  7.20552444E-01  9.49039981E-02
3.01554386E-01  5.70177078E-01  9.51311290E-02
3.01944243E-01  7.36637115E-01  9.52635258E-02
3.02334100E-01  6.93830490E-01  9.52151790E-02
3.02723957E-01  8.37060928E-01  9.52748954E-02
3.03113814E-01  7.16102600E-01  9.50518176E-02
3.03503671E-01  6.58117294E-01  9.50773209E-02
3.03893528E-01  5.87158203E-01  9.52260271E-02
3.04283385E-01  7.60213852E-01  9.53799412E-02
3.04673242E-01  6.21635437E-01  9.52813551E-02
3.05063099E-01  5.51031113E-01  9.55164284E-02
3.05452956E-01  5.62965393E-01  9.55837667E-02
3.05842813E-01  5.26817322E-01  9.57958773E-02
3.06232670E-01  6.11742020E-01  9.58745256E-02
3.06622527E-01  7.95530319E-01  9.59409401E-02
3.07012384E-01  7.46206284E-01  9.59719196E-02
3.07402241E-01  6.58271790E-01  9.60423052E-02
3.07792098E-01  7.20447540E-01  9.60656554E-02
3.08181955E-01  7.26844788E-01  9.60737467E-02
3.08571812E-01  5.60607910E-01  9.63413790E-02
3.08961669E-01  6.33985519E-01  9.62070748E-02
3.09351526E-01  6.90515518E-01  9.60005075E-02
3.09741383E-01  5.21320343E-01  9.64241698E-02
3.10131240E-01  4.31230545E-01  9.62138772E-02
3.10521097E-01  6.03527069E-01  9.62968245E-02
3.10910954E-01  6.66439056E-01  9.61361229E-02
3.11300811E-01  5.39930344E-01  9.62887853E-02
3.11690668E-01  5.28516769E-01  9.63463411E-02
3.12080525E-01  5.67062378E-01  9.64372456E-02
3.12470382E-01  5.33798218E-01  9.62011814E-02
3.12860239E-01  5.37591934E-01  9.63802710E-02
3.13250096E-01  5.55080414E-01  9.65746120E-02
3.13639953E-01  7.57080078E-01  9.66080576E-02
3.14029810E-01  6.12327576E-01  9.67280418E-02
3.14419667E-01  5.13065338E-01  9.68310311E-02
3.14809524E-01  4.87865448E-01  9.66738462E-02
3.15199381E-01  5.04526138E-01  9.67947617E-02
3.15589238E-01  5.57352066E-01  9.67176855E-02
3.15979095E-01  6.20780945E-01  9.65564772E-02
3.16368952E-01  4.56165314E-01  9.69475657E-02
3.16758809E-01  3.73933792E-01  9.69602093E-02
3.17148666E-01  5.31324387E-01  9.68547612E-02
3.17538523E-01  5.45652390E-01  9.72613692E-02
3.17928380E-01  4.64548111E-01  9.71505269E-02
3.18318237E-01  4.37698364E-01  9.72458869E-02
3.18708094E-01  6.03528976E-01  9.72060189E-02
3.19097951E-01  5.90757370E-01  9.73509699E-02
3.19487808E-01  4.73360062E-01  9.72016603E-02
3.19877665E-01  5.58332443E-01  9.72906798E-02
3.20267522E-01  5.69843292E-01  9.70996469E-02
3.20657379E-01  3.27594757E-01  9.71256569E-02
3.21047236E-01  2.65434265E-01  9.70470235E-02
3.21437093E-01  4.14527893E-01  9.70648602E-02
3.21826950E-01  5.44677734E-01  9.73373801E-02
3.22216807E-01  5.67796707E-01  9.69945788E-02
3.22606664E-01  6.17277145E-01  9.70777422E-02
3.22996521E-01  4.05883789E-01  9.71292555E-02
3.23386378E-01  2.67536163E-01  9.71901640E-02
3.23776235E-01  2.46904373E-01  9.70332846E-02
3.24166092E-01  4.68730927E-01  9.72255692E-02
3.24555949E-01  4.07907486E-01  9.82054546E-02
3.24945806E-01  4.19746399E-01  9.86461788E-02
3.25335663E-01  3.64915848E-01  9.94340703E-02
3.25725520E-01  2.61966705E-01  9.95675772E-02
3.26115377E-01  4.31049347E-01  9.99322161E-02
3.26505234E-01  4.65917587E-01  1.00251339E-01
3.26895091E-01  5.58036804E-01  1.00544021E-01
3.27284948E-01  4.34154510E-01  1.00861810E-01
3.27674805E-01  3.44682693E-01  1.00925185E-01
3.28064662E-01  5.23382187E-01  1.01104960E-01
3.28454519E-01  4.37038422E-01  1.01230308E-01
3.28844376E-01  4.40320969E-01  1.01330347E-01
3.29234233E-01  5.09096146E-01  1.01926558E-01
3.29624090E-01  4.22361374E-01  1.02178037E-01
3.30013947E-01  4.08275604E-01  1.02082260E-01
3.30403804E-01  6.14694595E-01  1.02465555E-01
3.30793661E-01  1.49976730E-01  1.02556333E-01
3.31183518E-01  3.81328583E-01  1.02977470E-01
3.31573375E-01  3.92484665E-01  1.03269003E-01
3.31963232E-01  2.48384476E-01  1.03205718E-01
3.32353089E-01  4.36098099E-01  1.03386819E-01
3.32742946E-01  3.88181686E-01  1.03772700E-01
3.33132803E-01  3.88265610E-01  1.03788272E-01
3.33522660E-01  5.23836136E-01  1.03837267E-01
3.33912517E-01  2.66588211E-01  1.04197063E-01
3.34302374E-01  3.36277008E-01  1.04302585E-01
3.34692231E-01  3.54183197E-01  1.04553379E-01
3.35082088E-01  5.64714432E-01  1.04501776E-01
3.35471945E-01  4.18350220E-01  1.05035000E-01
3.35861802E-01  1.90917969E-01  1.05223440E-01
3.36251658E-01  2.56229401E-01  1.05278842E-01
3.36641515E-01  2.55113602E-01  1.05496921E-01
3.37031372E-01  3.20520401E-01  1.05676450E-01
3.37421229E-01  2.75398254E-01  1.05962455E-01
3.37811086E-01  2.15864182E-01  1.06003627E-01
3.38200943E-01  1.38374329E-01  1.06220253E-01
3.38590800E-01  1.76637650E-01  1.06707282E-01
3.38980657E-01  3.34737778E-01  1.06847137E-01
3.39370514E-01  2.99400330E-01  1.06616147E-01
3.39760371E-01  2.82575607E-01  1.06885754E-01
3.40150228E-01  3.16211700E-01  1.07389778E-01
3.40540085E-01  1.45828247E-01  1.07495800E-01
3.40929942E-01  1.66984558E-01  1.07502081E-01
3.41319799E-01  2.63086319E-01  1.07659027E-01
3.41709656E-01  4.24642563E-01  1.07972331E-01
3.42099513E-01  4.68353271E-01  1.07859284E-01
3.42489370E-01  3.76834869E-01  1.08278446E-01
3.42879227E-01  2.15131760E-01  1.08323753E-01
3.43269084E-01  2.92516708E-01  1.08451858E-01
3.43658941E-01  3.64892960E-01  1.08754627E-01
3.44048798E-01  3.27627182E-01  1.08781874E-01
3.44438655E-01  2.41558075E-01  1.09007463E-01
3.44828512E-01  2.83828735E-01  1.09000266E-01
3.45218369E-01  4.16374207E-01  1.09072380E-01
3.45608226E-01  2.89058685E-01  1.09455779E-01
3.45998083E-01  4.58889008E-02  1.09232493E-01
3.46387940E-01  3.32838058E-01  1.09307624E-01
3.46777797E-01  3.09198380E-01  1.09313905E-01
3.47167654E-01  2.33444214E-01  1.09869435E-01
3.47557511E-01  3.46286774E-01  1.09799705E-01
3.47947368E-01  3.84025574E-01  1.10037208E-01
3.48337225E-01  2.65508652E-01  1.09873012E-01
3.48727082E-01  1.39411926E-01  1.10360391E-01
3.49116939E-01  3.28762054E-01  1.10575520E-01
3.49506796E-01  2.30241776E-01  1.10658504E-01
3.49896653E-01  1.79290771E-03  1.10824861E-01
3.50286510E-01  1.95075989E-01  1.10763282E-01
3.50676367E-01  2.03033447E-01  1.10962912E-01
3.51066224E-01  2.06390381E-01  1.11068584E-01
3.51456081E-01  3.11759949E-01  1.11217864E-01
3.51845938E-01  2.78316498E-01  1.11353815E-01
3.52235795E-01  2.45784760E-01  1.11245930E-01
3.52625652E-01  1.86431885E-01  1.11437008E-01
3.53015509E-01  9.90009308E-02  1.11567065E-01
3.53405366E-01  2.55929947E-01  1.11988030E-01
3.53795223E-01  3.37715149E-02  1.12196065E-01
3.54185080E-01  2.36835480E-01  1.12425402E-01
3.54574937E-01  1.20004654E-01  1.12401441E-01
3.54964794E-01  2.99243927E-01  1.12527110E-01
3.55354651E-01  3.52348328E-01  1.12919882E-01
3.55744508E-01  3.41053009E-02  1.13116890E-01
3.56134365E-01  1.48223877E-01  1.12848632E-01
3.56524222E-01  1.98192596E-02  1.13388717E-01
3.56914079E-01  7.56549835E-02  1.13307618E-01
3.57303936E-01  1.77846909E-01  1.13749839E-01
3.57693793E-01  3.41573715E-01  1.13688774E-01
3.58083650E-01  4.11266327E-01  1.13669418E-01
3.58473507E-01  2.85608292E-01  1.13932945E-01
3.58863364E-01  1.93845749E-01  1.14250429E-01
3.59253221E-01  3.71820450E-01  1.14322238E-01
3.59643078E-01  1.95495605E-01  1.14438385E-01
3.60032935E-01  8.92124176E-02  1.14769928E-01
3.60422792E-01  3.14409256E-01  1.14947408E-01
3.60812649E-01  2.91889191E-01  1.14955574E-01
3.61202506E-01  3.99450302E-01  1.14919052E-01
3.61592363E-01  1.56213760E-01  1.14881977E-01
3.61982220E-01  3.40229034E-01  1.16845272E-01
3.62372077E-01  6.44512177E-02  1.18322261E-01
3.62761934E-01  1.71295166E-01  1.19505897E-01
3.63151791E-01  1.39373779E-01  1.20298631E-01
3.63541648E-01  1.70137405E-01  1.20930582E-01
3.63931505E-01  8.88652802E-02  1.21873312E-01
3.64321362E-01  -4.11930084E-02  1.22552164E-01
3.64711219E-01  -2.57968903E-02  1.23562977E-01
3.65101076E-01  2.14851379E-01  1.24267288E-01
3.65490933E-01  5.38978577E-02  1.24809861E-01
3.65880790E-01  -2.25830078E-01  1.25628576E-01
3.66270647E-01  -6.96468353E-02  1.26276493E-01
3.66660504E-01  -1.68029785E-01  1.26445860E-01
3.67050361E-01  -1.34742737E-01  1.27145454E-01
3.67440218E-01  1.92089081E-01  1.27031669E-01
3.67830075E-01  -8.15067291E-02  1.28217906E-01
3.68219932E-01  -2.43259430E-01  1.28675640E-01
3.68609789E-01  5.66043854E-02  1.29182369E-01
3.68999646E-01  -1.95217133E-01  1.30198404E-01
3.69389503E-01  -1.74293518E-01  1.30797967E-01
3.69779360E-01  -9.11808014E-02  1.30945653E-01
3.70169217E-01  -6.96926117E-02  1.31621540E-01
3.70559074E-01  -9.81502533E-02  1.32181749E-01
3.70948931E-01  7.55424500E-02  1.33096769E-01
3.71338788E-01  -7.81326294E-02  1.33435711E-01
3.71728645E-01  -2.03054428E-01  1.34090528E-01
3.72118502E-01  -1.81818008E-01  1.34909213E-01
3.72508359E-01  -2.42219925E-01  1.35548949E-01
3.72898216E-01  -4.21638489E-02  1.35883167E-01
3.73288073E-01  -2.20890045E-02  1.36841550E-01
3.73677930E-01  1.85440063E-01  1.36984900E-01
3.74067787E-01  1.01070404E-01  1.38361886E-01
3.74457644E-01  -2.14752197E-01  1.38627395E-01
3.74847501E-01  -1.81262970E-01  1.39104739E-01
3.75237358E-01  -1.29119873E-01  1.40305161E-01
3.75627215E-01  1.52038574E-01  1.40862912E-01
3.76017072E-01  -2.09693909E-02  1.40622318E-01
3.76406929E-01  -9.47761536E-02  1.41403690E-01
3.76796786E-01  -3.33576202E-02  1.41882807E-01
3.77186643E-01  -3.05747986E-03  1.42530650E-01
3.77576500E-01  -1.26668930E-01  1.43259615E-01
3.77966357E-01  -1.36396408E-01  1.43752858E-01
3.78356214E-01  -1.71335220E-01  1.43934578E-01
3.78746071E-01  -5.28411865E-02  1.44830063E-01
3.79135928E-01  -1.40558243E-01  1.45056218E-01
3.79525785E-01  -3.36353302E-01  1.45327732E-01
3.79915642E-01  -1.76622391E-01  1.45889223E-01
3.80305499E-01  -2.76762009E-01  1.46521494E-01
3.80695356E-01  -4.27488327E-01  1.46702230E-01
3.81085213E-01  -3.16549301E-01  1.47020012E-01
3.81475070E-01  -2.53870010E-01  1.47421315E-01
3.81864927E-01  -2.74621964E-01  1.48544952E-01
3.82254784E-01  -2.21284866E-01  1.49108931E-01
3.82644641E-01  -4.29534912E-03  1.49304599E-01
3.83034498E-01  -3.30207825E-01  1.50619134E-01
3.83424355E-01  2.31628418E-02  1.51036605E-01
3.83814212E-01  -6.29081726E-02  1.52183682E-01
3.84204069E-01  -1.99985504E-02  1.52635917E-01
3.84593926E-01  -3.59230042E-02  1.53418779E-01
3.84983783E-01  -3.58615875E-01  1.53814971E-01
3.85373640E-01  -3.90897751E-01  1.54728562E-01
3.85763497E-01  -3.15755844E-01  1.54516682E-01
3.86153354E-01  -3.35079193E-01  1.55341148E-01
3.86543211E-01  -4.37425613E-01  1.55854434E-01
3.86933068E-01  -3.60851288E-01  1.56291664E-01
3.87322925E-01  -3.46620560E-01  1.56265482E-01
3.87712782E-01  -3.12843323E-01  1.57477617E-01
3.88102639E-01  -9.03778076E-02  1.58040687E-01
3.88492496E-01  -3.65953445E-01  1.58461392E-01
3.88882353E-01  -3.37963104E-01  1.58692032E-01
3.89272210E-01  -4.77302551E-01  1.58940867E-01
3.89662067E-01  -6.80091858E-01  1.59283221E-01
3.90051924E-01  -4.23088074E-01  1.59935236E-01
3.90441781E-01  -3.15452576E-01  1.60638854E-01
3.90831638E-01  -8.04061890E-01  1.60859674E-01
3.91221495E-01  -4.45838928E-01  1.61539823E-01
3.91611352E-01  -1.24795914E-01  1.62722215E-01
3.92001209E-01  -1.00490570E-01  1.63597688E-01
3.92391066E-01  -3.09844971E-01  1.63638428E-01
3.92780923E-01  -2.26629257E-01  1.65214807E-01
3.93170780E-01  -3.10094833E-01  1.64891273E-01
3.93560637E-01  -2.81795502E-01  1.65030107E-01
3.93950494E-01  -1.80173874E-01  1.66250855E-01
3.94340351E-01  -2.72651672E-01  1.67385831E-01
3.94730208E-01  -1.51121140E-01  1.68114915E-01
3.95120065E-01  -1.93328857E-01  1.68725118E-01
3.95509922E-01  -1.19573593E-01  1.69382930E-01
3.95899779E-01  -4.41450119E-01  1.70185521E-01
3.96289636E-01  -6.91339493E-01  1.71066403E-01
3.96679493E-01  -2.79064178E-02  1.71703190E-01
3.97069350E-01  -6.83473587E-01  1.72170132E-01
3.97459207E-01  -3.12105179E-01  1.73431411E-01
3.97849064E-01  -1.30304337E-01  1.73138484E-01
3.98238921E-01  -3.23503494E-01  1.74253941E-01
3.98628778E-01  -3.27112198E-01  1.74216077E-01
3.99018635E-01  -3.50822449E-01  1.74508169E-01
3.99408492E-01  -5.72650909E-01  1.76585719E-01
3.99798349E-01  -3.54261398E-01  1.77212626E-01
4.00188206E-01  -5.56999207E-01  1.77307263E-01
4.00578063E-01  -9.19132233E-01  1.77938029E-01
4.00967920E-01  -5.89084625E-01  1.79931745E-01
4.01357777E-01  -1.33487701E-01  1.80599093E-01
4.01747634E-01  -3.05803299E-01  1.81117490E-01
4.02137491E-01  -3.42515945E-01  1.81505620E-01
4.02527348E-01  -2.74511337E-01  1.82120636E-01
4.02917205E-01  -2.81360626E-01  1.83237955E-01
4.03307062E-01  -4.95695114E-01  1.84457496E-01
4.03696919E-01  -3.74685287E-01  1.84730321E-01
4.04086776E-01  -5.05142212E-01  1.86609820E-01
4.04476633E-01  -6.22745514E-01  1.87038183E-01
4.04866490E-01  -5.64954758E-01  1.87344402E-01
4.05256347E-01  -5.19826889E-01  1.88131586E-01
4.05646204E-01  -6.52917862E-01  1.89200774E-01
4.06036061E-01  -4.39386368E-01  1.89627379E-01
4.06425918E-01  -3.76430511E-01  1.90869078E-01
4.06815775E-01  -8.72482300E-01  1.91801697E-01
4.07205632E-01  -5.82479477E-01  1.93601280E-01
4.07595489E-01  -7.35858917E-01  1.94161236E-01
4.07985346E-01  -4.81021881E-01  1.95518836E-01
4.08375203E-01  -5.93734741E-01  1.96512684E-01
4.08765060E-01  -5.44715881E-01  1.96755350E-01
4.09154917E-01  -5.46422958E-01  1.97135776E-01
4.09544774E-01  -5.44334412E-01  1.98276415E-01
4.09934631E-01  -5.00082016E-01  1.99488878E-01
4.10324488E-01  -7.85844803E-01  2.01919407E-01
4.10714345E-01  -6.72363281E-01  2.01656893E-01
4.11104202E-01  -6.97378159E-01  2.03608841E-01
4.11494059E-01  -4.30444717E-01  2.04063013E-01
4.11883916E-01  -9.04224396E-01  2.04798937E-01
4.12273773E-01  -7.85476685E-01  2.05898628E-01
4.12663630E-01  -6.97467804E-01  2.07698569E-01
4.13053487E-01  -7.87349701E-01  2.08002955E-01
4.13443344E-01  -6.74411774E-01  2.09278405E-01
4.13833201E-01  -9.45543289E-01  2.11022824E-01
4.14223058E-01  -9.08224106E-01  2.12478906E-01
4.14612915E-01  -7.66099930E-01  2.13413164E-01
4.15002772E-01  -9.25075531E-01  2.14253858E-01
4.15392629E-01  -9.34473038E-01  2.16031164E-01
4.15782486E-01  -7.40663528E-01  2.16420338E-01
4.16172343E-01  -4.18842316E-01  2.18312219E-01
4.16562200E-01  -7.93125153E-01  2.18174905E-01
4.16952057E-01  -1.01583099E+00  2.19912589E-01
4.17341914E-01  -7.69796371E-01  2.22228229E-01
4.17731771E-01  -1.13695335E+00  2.22432867E-01
4.18121628E-01  -5.56415558E-01  2.24665880E-01
4.18511485E-01  -6.14492416E-01  2.26387963E-01
4.18901342E-01  -9.28421021E-01  2.26617590E-01
4.19291199E-01  -6.50558472E-01  2.28274330E-01
4.19681056E-01  -1.15375137E+00  2.29770556E-01
4.20070912E-01  -1.19745064E+00  2.31262386E-01
4.20460769E-01  -1.18902969E+00  2.32333943E-01
4.20850626E-01  -1.14092636E+00  2.33810991E-01
4.21240483E-01  -1.25748062E+00  2.35742763E-01
4.21630340E-01  -1.27652168E+00  2.38621578E-01
4.22020197E-01  -8.02656174E-01  2.39896595E-01
4.22410054E-01  -1.04874039E+00  2.40827680E-01
4.22799911E-01  -9.05450821E-01  2.42261812E-01
4.23189768E-01  -1.05253983E+00  2.43634999E-01
4.23579625E-01  -8.22738647E-01  2.45704800E-01
4.23969482E-01  -8.69924545E-01  2.47203365E-01
4.24359339E-01  -6.17244720E-01  2.49087334E-01
4.24749196E-01  -8.95483017E-01  2.49484256E-01
4.25139053E-01  -1.37805939E+00  2.53350765E-01
4.25528910E-01  -7.72054672E-01  2.55506724E-01
4.25918767E-01  -8.83081436E-01  2.56448895E-01
4.26308624E-01  -9.31573868E-01  2.58484155E-01
4.26698481E-01  -3.29269409E-01  2.60966688E-01
4.27088338E-01  -1.06997490E+00  2.61294037E-01
4.27478195E-01  -8.37329865E-01  2.63799816E-01
4.27868052E-01  -1.29825020E+00  2.64877468E-01
4.28257909E-01  -8.16688538E-01  2.67798066E-01
4.28647766E-01  -8.68019104E-01  2.67353088E-01
4.29037623E-01  -6.82500839E-01  2.70079464E-01
4.29427480E-01  -8.56113434E-01  2.71834046E-01
4.29817337E-01  -8.27846527E-01  2.75575608E-01
4.30207194E-01  -8.79690170E-01  2.76259691E-01
4.30597051E-01  -9.58133698E-01  2.76865155E-01
4.30986908E-01  -9.37152863E-01  2.79643148E-01
4.31376765E-01  -6.82708740E-01  2.81008154E-01
4.31766622E-01  -1.05210876E+00  2.83482969E-01
4.32156479E-01  -1.26020432E+00  2.84738392E-01
4.32546336E-01  -1.13519859E+00  2.88046658E-01
4.32936193E-01  -8.93430710E-01  2.89774388E-01
4.33326050E-01  -8.19698334E-01  2.91841805E-01
4.33715907E-01  -1.13662720E+00  2.94852734E-01
4.34105764E-01  -1.23366737E+00  3.00099730E-01
4.34495621E-01  -1.33451653E+00  3.01074445E-01
4.34885478E-01  -1.16448402E+00  3.04582328E-01
4.35275335E-01  -7.05522537E-01  3.06410909E-01
4.35665192E-01  -1.12941742E+00  3.10655028E-01
4.36055049E-01  -9.71456528E-01  3.12708080E-01
4.36444906E-01  -8.78927231E-01  3.15098077E-01
4.36834763E-01  -8.40087891E-01  3.18807453E-01
4.37224620E-01  -1.14130974E+00  3.26659292E-01
4.37614477E-01  -8.52624893E-01  3.27071816E-01
4.38004334E-01  -6.03071213E-01  3.27583164E-01
4.38394191E-01  -1.29334259E+00  3.31718236E-01
4.38784048E-01  -6.65176392E-01  3.36440474E-01
4.39173905E-01  -3.32153320E-01  3.38570833E-01
4.39563762E-01  -6.32263184E-01  3.40211332E-01
4.39953619E-01  -7.95673370E-01  3.41053128E-01
4.40343476E-01  -4.80073929E-01  3.45499367E-01
4.40733333E-01  -9.57073212E-01  3.49754125E-01
4.41123190E-01  -7.50095367E-01  3.52786034E-01
4.41513047E-01  -1.23390007E+00  3.51662666E-01
4.41902904E-01  -1.10819244E+00  3.51402342E-01
4.42292761E-01  -8.46143723E-01  3.54430348E-01
4.42682618E-01  -1.04187202E+00  3.58316690E-01
4.43072475E-01  -1.51091766E+00  3.59605372E-01
4.43462332E-01  -1.23610878E+00  3.60343903E-01
4.43852189E-01  -7.36806870E-01  3.63832563E-01
4.44242046E-01  -1.12326241E+00  3.65538061E-01
4.44631903E-01  -1.53837204E+00  3.65011573E-01
4.45021760E-01  -1.07694626E+00  3.65427434E-01
4.45411617E-01  -1.92338371E+00  3.71079296E-01
4.45801474E-01  -2.18399429E+00  3.74206364E-01
4.46191331E-01  -1.73009300E+00  3.74755770E-01
4.46581188E-01  -1.24163818E+00  3.80516589E-01
4.46971045E-01  -6.78688049E-01  3.77397776E-01
4.47360902E-01  -1.62130547E+00  3.82772028E-01
4.47750759E-01  -1.56562233E+00  3.84022623E-01
4.48140616E-01  -1.54739952E+00  3.84910583E-01
4.48530473E-01  -2.19603348E+00  3.85523438E-01
4.48920330E-01  -1.16542435E+00  3.89732003E-01
4.49310187E-01  -1.13838387E+00  3.90984833E-01
4.49700044E-01  -1.54082489E+00  3.93468916E-01
4.50089901E-01  -1.82831573E+00  3.96397173E-01
4.50479758E-01  -1.91922188E+00  4.00977701E-01
4.50869615E-01  -1.64046097E+00  4.02486235E-01
4.51259472E-01  -9.91569519E-01  3.99928868E-01
4.51649329E-01  -1.07253265E+00  4.04157877E-01
4.52039186E-01  -1.40360832E+00  4.08139139E-01
4.52429043E-01  -1.55908394E+00  4.11832631E-01
4.52818900E-01  -1.42865944E+00  4.14059967E-01
4.53208757E-01  -5.57409286E-01  4.18277293E-01
4.53598614E-01  -1.44477654E+00  4.15827781E-01
4.53988471E-01  -1.74282265E+00  4.21027452E-01
4.54378328E-01  -1.26764488E+00  4.20976669E-01


### HEADER:
#
#{
#    "analysis": {},
#    "calibration_params": {
#        "Beam_Center_X": 644.3978066834728,
#        "Beam_Center_Y": 752.0474301231778,
#        "Detector Tilt": 0.08709704591626237,
#        "Detector Tilt Plane Rotation": 95.0001420643864,
#        "Detector_X_Pixel_Size": 172.0,
#        "Detector_Y_Pixel_Size": 172.0,
#        "Integration Method": "full_csr",
#        "Radial_Average_Method": "pyFAI",
#        "Sample-to-detector distance (mm)": 2676.5799098693146,
#        "Wavelength (A)": 1.0332016536100022
#    },
#    "config_file": "D:\\Desktop\\20241114.cfg",
#    "filename": "S_LK-2_00014.dat",
#    "history": {
#        "subtraction": {
#            "initial_file": [
#                "LK-2_00014.tif"
#            ],
#            "subtracted_file": [
#                "LK-0_00001.tif"
#            ]
#        }
#    },
#    "imageHeader": {
#        "Count_cutoff": "1409688 counts",
#        "Excluded_pixels": "badpix_mask.tif",
#        "Exposure_period": "1.0000000 s",
#        "Exposure_time": "1.0000000 s",
#        "Flat_field": "FF_p24-0163_E8048_T4024_vrf_m0p100.tif",
#        "Gain_setting": "autog (vrf = 1.000)",
#        "Image_path": "/public/Data/2024/202411/20241115/sunrui/",
#        "N_excluded_pixels": "61",
#        "Pixel_size": "172e-6 m x 172e-6 m",
#        "Ratecorr_lut_directory": "ContinuousStandard_v1.1",
#        "Retrigger_mode": "1",
#        "Silicon": "sensor, thickness 0.000450",
#        "Start_angle": "0.0000 deg.",
#        "Tau": "0 s",
#        "Threshold_setting": "4024 eV",
#        "Trim_file": "p24-0163_E8048_T4024.bin"
#    },
#    "normalizations": {
#        "Polarization": {
#            "Used": false
#        },
#        "Solid_Angle_Correction": "On"
#    },
#    "raw_version": "2.2.2",
#    "unit": ""
#}

