### DATA:
#
# 1150
#      Q             I(Q)           Error     
6.43264042E-03  6.61303162E+02  4.98993349E+00
6.82249742E-03  6.01192505E+02  4.02475500E+00
7.21235441E-03  5.48836487E+02  3.42600322E+00
7.60221141E-03  5.07760986E+02  2.96947289E+00
7.99206840E-03  4.65043640E+02  2.67507958E+00
8.38192540E-03  4.29870239E+02  2.44123411E+00
8.77178240E-03  3.97028564E+02  2.23598099E+00
9.16163939E-03  3.66748291E+02  2.06356859E+00
9.55149639E-03  3.40099060E+02  1.90785611E+00
9.94135338E-03  3.21508301E+02  1.77489746E+00
1.03312104E-02  3.01093994E+02  1.65684068E+00
1.07210674E-02  2.81309937E+02  1.54698980E+00
1.11109244E-02  2.60076233E+02  1.44587386E+00
1.15007814E-02  2.46950653E+02  1.37284684E+00
1.18906384E-02  2.33937622E+02  1.29508126E+00
1.22804954E-02  2.20474548E+02  1.22540271E+00
1.26703523E-02  2.08859940E+02  1.16299033E+00
1.30602093E-02  1.98827271E+02  1.11168504E+00
1.34500663E-02  1.89601822E+02  1.06379867E+00
1.38399233E-02  1.78986084E+02  1.01539874E+00
1.42297803E-02  1.70208710E+02  9.69935596E-01
1.46196373E-02  1.61476242E+02  9.32777345E-01
1.50094943E-02  1.54186234E+02  8.94824564E-01
1.53993513E-02  1.47863846E+02  8.63195777E-01
1.57892083E-02  1.42029510E+02  8.31257284E-01
1.61790653E-02  1.35593033E+02  8.02068233E-01
1.65689223E-02  1.29045715E+02  7.74232328E-01
1.69587793E-02  1.22477768E+02  7.47388303E-01
1.73486363E-02  1.18786255E+02  7.28836179E-01
1.77384933E-02  1.13268158E+02  7.00828910E-01
1.81283503E-02  1.07233482E+02  6.80009902E-01
1.85182073E-02  1.04163452E+02  6.62779391E-01
1.89080643E-02  9.97425232E+01  6.42301559E-01
1.92979213E-02  9.57458420E+01  6.23469055E-01
1.96877783E-02  9.11463928E+01  6.07107937E-01
2.00776353E-02  8.74362106E+01  5.90576947E-01
2.04674923E-02  8.47077255E+01  5.76708257E-01
2.08573493E-02  8.10118866E+01  5.63652217E-01
2.12472062E-02  7.84299774E+01  5.47164559E-01
2.16370632E-02  7.53290253E+01  5.33351719E-01
2.20269202E-02  7.20720596E+01  5.20296931E-01
2.24167772E-02  6.93589249E+01  5.08933365E-01
2.28066342E-02  6.78904648E+01  4.98240680E-01
2.31964912E-02  6.39463348E+01  4.86330450E-01
2.35863482E-02  6.08217392E+01  4.75323945E-01
2.39762052E-02  5.89727402E+01  4.67456728E-01
2.43660622E-02  5.76704254E+01  4.57880646E-01
2.47559192E-02  5.59122467E+01  4.49743688E-01
2.51457762E-02  5.32754059E+01  4.39354479E-01
2.55356332E-02  5.20139351E+01  4.33179528E-01
2.59254902E-02  4.95873070E+01  4.24140960E-01
2.63153472E-02  4.84716606E+01  4.16631520E-01
2.67052042E-02  4.69345779E+01  4.09952164E-01
2.70950612E-02  4.40760498E+01  3.99573803E-01
2.74849182E-02  4.29416695E+01  3.94649327E-01
2.78747752E-02  4.11442680E+01  3.88554126E-01
2.82646322E-02  3.94994965E+01  3.80047202E-01
2.86544892E-02  3.89130096E+01  3.76936048E-01
2.90443462E-02  3.70901413E+01  3.69816184E-01
2.94342031E-02  3.61374893E+01  3.65348071E-01
2.98240601E-02  3.48998718E+01  3.57650012E-01
3.02139171E-02  3.39968796E+01  3.52828056E-01
3.06037741E-02  3.28572578E+01  3.54174972E-01
3.09936311E-02  3.15126476E+01  3.55043948E-01
3.13834881E-02  2.97656803E+01  3.54288608E-01
3.17733451E-02  2.90011349E+01  3.51924837E-01
3.21632021E-02  2.83103867E+01  3.51028383E-01
3.25530591E-02  2.77356262E+01  3.51233870E-01
3.29429161E-02  2.58769436E+01  3.46652746E-01
3.33327731E-02  2.58141079E+01  3.45634967E-01
3.37226301E-02  2.51530895E+01  3.41038316E-01
3.41124871E-02  2.36164513E+01  3.39031935E-01
3.45023441E-02  2.31914253E+01  3.37693453E-01
3.48922011E-02  2.23452511E+01  3.33406419E-01
3.52820581E-02  2.21498985E+01  3.31746012E-01
3.56719151E-02  2.12661457E+01  3.29621583E-01
3.60617721E-02  2.05143204E+01  3.28038633E-01
3.64516291E-02  1.95566673E+01  3.26297522E-01
3.68414861E-02  1.86344967E+01  3.23842645E-01
3.72313431E-02  1.85337257E+01  3.20458770E-01
3.76212001E-02  1.81550350E+01  3.13580811E-01
3.80110570E-02  1.73984280E+01  3.04327190E-01
3.84009140E-02  1.70806179E+01  2.97631025E-01
3.87907710E-02  1.60736294E+01  2.93836743E-01
3.91806280E-02  1.57130127E+01  2.89911062E-01
3.95704850E-02  1.56020813E+01  2.86079109E-01
3.99603420E-02  1.49924030E+01  2.83649206E-01
4.03501990E-02  1.46607323E+01  2.78444618E-01
4.07400560E-02  1.43524666E+01  2.77073562E-01
4.11299130E-02  1.34251709E+01  2.72850484E-01
4.15197700E-02  1.31250134E+01  2.70926982E-01
4.19096270E-02  1.28159618E+01  2.68403500E-01
4.22994840E-02  1.22753353E+01  2.65801281E-01
4.26893410E-02  1.22802086E+01  2.61876822E-01
4.30791980E-02  1.17130508E+01  2.56524891E-01
4.34690550E-02  1.14210033E+01  2.52788842E-01
4.38589120E-02  1.07646599E+01  2.51493573E-01
4.42487690E-02  1.09965611E+01  2.49866933E-01
4.46386260E-02  1.03639145E+01  2.46388376E-01
4.50284830E-02  1.03247395E+01  2.44744554E-01
4.54183400E-02  9.70487404E+00  2.44727150E-01
4.58081970E-02  9.59808159E+00  2.43968323E-01
4.61980539E-02  9.68312263E+00  2.44782761E-01
4.65879109E-02  9.22201157E+00  2.44199336E-01
4.69777679E-02  9.21658516E+00  2.44605243E-01
4.73676249E-02  8.62064362E+00  2.45035768E-01
4.77574819E-02  8.32672882E+00  2.45189279E-01
4.81473389E-02  8.57455826E+00  2.44010538E-01
4.85371959E-02  8.62166214E+00  2.44663388E-01
4.89270529E-02  7.77714920E+00  2.42398456E-01
4.93169099E-02  7.74719238E+00  2.42690980E-01
4.97067669E-02  8.07891464E+00  2.43245065E-01
5.00966239E-02  8.02815819E+00  2.41806805E-01
5.04864809E-02  7.31492615E+00  2.41272703E-01
5.08763379E-02  7.41580009E+00  2.40251467E-01
5.12661949E-02  7.16087723E+00  2.38708794E-01
5.16560519E-02  6.84015656E+00  2.38592386E-01
5.20459089E-02  6.62915611E+00  2.39014149E-01
5.24357659E-02  6.48866653E+00  2.36955836E-01
5.28256229E-02  6.46902657E+00  2.34147817E-01
5.32154799E-02  6.22273254E+00  2.31233105E-01
5.36053369E-02  6.32869911E+00  2.27934182E-01
5.39951939E-02  6.27615929E+00  2.25432262E-01
5.43850509E-02  6.34743690E+00  2.24691391E-01
5.47749078E-02  5.88690376E+00  2.22948536E-01
5.51647648E-02  5.44073296E+00  2.20199883E-01
5.55546218E-02  5.56872559E+00  2.18850926E-01
5.59444788E-02  5.20030785E+00  2.16841757E-01
5.63343358E-02  5.40537643E+00  2.16110572E-01
5.67241928E-02  5.56320190E+00  2.14933231E-01
5.71140498E-02  5.34072113E+00  2.13481918E-01
5.75039068E-02  5.25332642E+00  2.12652355E-01
5.78937638E-02  5.27424812E+00  2.11579397E-01
5.82836208E-02  4.90109825E+00  2.10946426E-01
5.86734778E-02  4.50106239E+00  2.12624982E-01
5.90633348E-02  4.60161209E+00  2.13448435E-01
5.94531918E-02  4.42098427E+00  2.13714838E-01
5.98430488E-02  4.82539368E+00  2.13759094E-01
6.02329058E-02  4.66141510E+00  2.13542148E-01
6.06227628E-02  4.58288765E+00  2.13955507E-01
6.10126198E-02  4.29538536E+00  2.14481071E-01
6.14024768E-02  4.57476616E+00  2.13331372E-01
6.17923338E-02  4.52189827E+00  2.09815621E-01
6.21821908E-02  4.51969528E+00  2.07394391E-01
6.25720478E-02  4.09570122E+00  2.05871046E-01
6.29619048E-02  4.06871223E+00  2.04302698E-01
6.33517617E-02  4.10278702E+00  2.03753501E-01
6.37416187E-02  3.86572838E+00  2.02585146E-01
6.41314757E-02  4.44174385E+00  2.01172009E-01
6.45213327E-02  4.33289528E+00  2.00519517E-01
6.49111897E-02  4.12520790E+00  1.99251890E-01
6.53010467E-02  4.18680954E+00  1.97605640E-01
6.56909037E-02  3.81497574E+00  1.96794793E-01
6.60807607E-02  3.95065498E+00  1.95695937E-01
6.64706177E-02  4.00915146E+00  1.94777057E-01
6.68604747E-02  3.98656464E+00  1.93361089E-01
6.72503317E-02  3.82412720E+00  1.91868454E-01
6.76401887E-02  3.69197273E+00  1.91191599E-01
6.80300457E-02  3.83288956E+00  1.90418079E-01
6.84199027E-02  3.96062469E+00  1.89585984E-01
6.88097597E-02  3.62084961E+00  1.88053817E-01
6.91996167E-02  3.72452164E+00  1.88112259E-01
6.95894737E-02  3.45804596E+00  1.86976209E-01
6.99793307E-02  3.85714722E+00  1.86348245E-01
7.03691877E-02  3.64745903E+00  1.86852485E-01
7.07590447E-02  3.53681755E+00  1.85836941E-01
7.11489017E-02  3.78203011E+00  1.85373172E-01
7.15387586E-02  3.66179085E+00  1.84726089E-01
7.19286156E-02  4.05801201E+00  1.83865726E-01
7.23184726E-02  4.06072235E+00  1.83411121E-01
7.27083296E-02  3.58093643E+00  1.83091819E-01
7.30981866E-02  3.88375092E+00  1.82494745E-01
7.34880436E-02  3.52967072E+00  1.81659818E-01
7.38779006E-02  3.78646088E+00  1.81349650E-01
7.42677576E-02  3.76698875E+00  1.81610316E-01
7.46576146E-02  3.87496376E+00  1.80455953E-01
7.50474716E-02  3.97150421E+00  1.79505408E-01
7.54373286E-02  4.05550957E+00  1.77909598E-01
7.58271856E-02  3.74128151E+00  1.77390099E-01
7.62170426E-02  3.81390190E+00  1.77104354E-01
7.66068996E-02  3.78411102E+00  1.75696537E-01
7.69967566E-02  3.87988091E+00  1.76072210E-01
7.73866136E-02  3.76251411E+00  1.75222099E-01
7.77764706E-02  3.74538612E+00  1.74880728E-01
7.81663276E-02  3.92974854E+00  1.74509317E-01
7.85561846E-02  4.17408752E+00  1.73631757E-01
7.89460416E-02  3.89019585E+00  1.73140511E-01
7.93358986E-02  3.62456131E+00  1.72917470E-01
7.97257556E-02  3.21711159E+00  1.72581673E-01
8.01156125E-02  3.45483589E+00  1.71668217E-01
8.05054695E-02  3.58384895E+00  1.71673030E-01
8.08953265E-02  3.83865356E+00  1.71402469E-01
8.12851835E-02  3.72620583E+00  1.70769528E-01
8.16750405E-02  3.64200401E+00  1.70538321E-01
8.20648975E-02  3.65990639E+00  1.69853181E-01
8.24547545E-02  4.02175331E+00  1.69634536E-01
8.28446115E-02  4.03484535E+00  1.69375524E-01
8.32344685E-02  4.01365089E+00  1.68087900E-01
8.36243255E-02  3.44354057E+00  1.68321356E-01
8.40141825E-02  3.62095642E+00  1.67409584E-01
8.44040395E-02  3.47229004E+00  1.66745931E-01
8.47938965E-02  3.39415359E+00  1.66505069E-01
8.51837535E-02  3.11968994E+00  1.65700108E-01
8.55736105E-02  3.64485359E+00  1.65725201E-01
8.59634675E-02  3.66187286E+00  1.65680304E-01
8.63533245E-02  3.30904198E+00  1.65733293E-01
8.67431815E-02  3.60334015E+00  1.65057123E-01
8.71330385E-02  3.76020622E+00  1.64588392E-01
8.75228955E-02  3.38563538E+00  1.64042503E-01
8.79127525E-02  3.69707680E+00  1.63148358E-01
8.83026094E-02  3.80720139E+00  1.63155079E-01
8.86924664E-02  3.49362564E+00  1.62400842E-01
8.90823234E-02  3.60451889E+00  1.61892653E-01
8.94721804E-02  3.64867020E+00  1.62002072E-01
8.98620374E-02  3.80707550E+00  1.61695227E-01
9.02518944E-02  3.82839966E+00  1.61370978E-01
9.06417514E-02  3.60324287E+00  1.60472140E-01
9.10316084E-02  3.55393600E+00  1.60271838E-01
9.14214654E-02  3.84943581E+00  1.59741729E-01
9.18113224E-02  3.70748329E+00  1.58997074E-01
9.22011794E-02  3.79200935E+00  1.59119606E-01
9.25910364E-02  3.89149284E+00  1.58767611E-01
9.29808934E-02  3.70408630E+00  1.58148080E-01
9.33707504E-02  3.71582603E+00  1.58012554E-01
9.37606074E-02  3.72591972E+00  1.57351077E-01
9.41504644E-02  3.57417870E+00  1.57628700E-01
9.45403214E-02  3.71102524E+00  1.56611279E-01
9.49301784E-02  3.50544357E+00  1.56086907E-01
9.53200354E-02  3.81778145E+00  1.55841082E-01
9.57098924E-02  3.65920067E+00  1.55209154E-01
9.60997494E-02  3.91024780E+00  1.55944854E-01
9.64896064E-02  3.64173508E+00  1.55231386E-01
9.68794633E-02  3.72443008E+00  1.54562950E-01
9.72693203E-02  3.47744942E+00  1.54094219E-01
9.76591773E-02  3.66132355E+00  1.53075278E-01
9.80490343E-02  3.66752243E+00  1.53507069E-01
9.84388913E-02  3.67274857E+00  1.53029233E-01
9.88287483E-02  3.61420250E+00  1.53173596E-01
9.92186053E-02  3.86934853E+00  1.53133467E-01
9.96084623E-02  3.52304077E+00  1.52505845E-01
9.99983193E-02  3.52664566E+00  1.51867017E-01
1.00388176E-01  3.77116585E+00  1.51139855E-01
1.00778033E-01  3.80403519E+00  1.51381776E-01
1.01167890E-01  3.56506729E+00  1.51007533E-01
1.01557747E-01  3.61128235E+00  1.50480077E-01
1.01947604E-01  3.74050140E+00  1.50568351E-01
1.02337461E-01  3.55816269E+00  1.50039330E-01
1.02727318E-01  3.64894867E+00  1.49614200E-01
1.03117175E-01  3.64245224E+00  1.49576321E-01
1.03507032E-01  3.87904930E+00  1.49623916E-01
1.03896889E-01  3.54503632E+00  1.48620725E-01
1.04286746E-01  3.74517250E+00  1.48543701E-01
1.04676603E-01  3.59263420E+00  1.48011580E-01
1.05066460E-01  3.66202164E+00  1.47728562E-01
1.05456317E-01  3.66393280E+00  1.47470385E-01
1.05846174E-01  3.82094002E+00  1.47407383E-01
1.06236031E-01  4.04138184E+00  1.46836847E-01
1.06625888E-01  3.99491692E+00  1.46491110E-01
1.07015745E-01  3.84103012E+00  1.46166071E-01
1.07405602E-01  3.79280663E+00  1.45657241E-01
1.07795459E-01  3.58472443E+00  1.45801768E-01
1.08185316E-01  3.66381264E+00  1.45567447E-01
1.08575173E-01  3.85355186E+00  1.45028189E-01
1.08965030E-01  3.74027061E+00  1.44997075E-01
1.09354887E-01  3.78778648E+00  1.44803524E-01
1.09744744E-01  3.78240967E+00  1.44529805E-01
1.10134601E-01  4.01408195E+00  1.43980771E-01
1.10524458E-01  3.62654495E+00  1.43731087E-01
1.10914315E-01  3.48019791E+00  1.43490195E-01
1.11304172E-01  3.81436920E+00  1.43199667E-01
1.11694029E-01  3.80503845E+00  1.42266780E-01
1.12083886E-01  3.87938309E+00  1.42406717E-01
1.12473743E-01  3.75408936E+00  1.42154634E-01
1.12863600E-01  3.85670853E+00  1.42011330E-01
1.13253457E-01  3.61597061E+00  1.42165616E-01
1.13643314E-01  3.55295563E+00  1.43493757E-01
1.14033171E-01  3.82535172E+00  1.44394726E-01
1.14423028E-01  3.84468079E+00  1.44536063E-01
1.14812885E-01  3.97410965E+00  1.44709855E-01
1.15202742E-01  3.93910980E+00  1.44736737E-01
1.15592599E-01  3.80956078E+00  1.45304814E-01
1.15982456E-01  3.75006676E+00  1.45772502E-01
1.16372313E-01  3.76417351E+00  1.45547688E-01
1.16762170E-01  3.47136688E+00  1.45678148E-01
1.17152027E-01  3.65272331E+00  1.45662367E-01
1.17541884E-01  3.89330864E+00  1.45886853E-01
1.17931741E-01  3.92898178E+00  1.46186993E-01
1.18321598E-01  3.91166878E+00  1.45526066E-01
1.18711455E-01  3.77623940E+00  1.45892292E-01
1.19101312E-01  3.72945404E+00  1.45792693E-01
1.19491169E-01  3.80252075E+00  1.46330073E-01
1.19881026E-01  3.92014313E+00  1.45531356E-01
1.20270883E-01  3.87363815E+00  1.45379305E-01
1.20660740E-01  3.54530525E+00  1.43438011E-01
1.21050597E-01  3.78035545E+00  1.42914101E-01
1.21440454E-01  3.68490219E+00  1.42550111E-01
1.21830311E-01  3.91578865E+00  1.41543239E-01
1.22220168E-01  3.83725929E+00  1.40949428E-01
1.22610025E-01  3.86820030E+00  1.40138581E-01
1.22999882E-01  3.69679070E+00  1.39975458E-01
1.23389739E-01  3.82374573E+00  1.39718130E-01
1.23779596E-01  3.80068207E+00  1.39352173E-01
1.24169453E-01  3.67947006E+00  1.38798639E-01
1.24559310E-01  3.76124001E+00  1.37867734E-01
1.24949167E-01  4.01671982E+00  1.37998953E-01
1.25339024E-01  3.88498878E+00  1.37382969E-01
1.25728881E-01  3.76655388E+00  1.37485638E-01
1.26118738E-01  3.82729149E+00  1.37279555E-01
1.26508595E-01  4.02869797E+00  1.36607468E-01
1.26898452E-01  3.94307709E+00  1.36531040E-01
1.27288309E-01  3.73597717E+00  1.36010170E-01
1.27678166E-01  3.82809067E+00  1.35751724E-01
1.28068023E-01  3.70527649E+00  1.34906888E-01
1.28457880E-01  3.74971581E+00  1.35907084E-01
1.28847737E-01  4.00459862E+00  1.36276811E-01
1.29237594E-01  3.84974480E+00  1.36537179E-01
1.29627451E-01  3.79920197E+00  1.36632293E-01
1.30017308E-01  3.95856667E+00  1.37247607E-01
1.30407165E-01  4.00689697E+00  1.36904120E-01
1.30797022E-01  4.01966286E+00  1.37531325E-01
1.31186879E-01  4.05303955E+00  1.37677327E-01
1.31576736E-01  4.02799034E+00  1.38220966E-01
1.31966593E-01  3.75571251E+00  1.40077561E-01
1.32356450E-01  4.10326576E+00  1.41106457E-01
1.32746307E-01  3.98735046E+00  1.41718999E-01
1.33136164E-01  4.41632843E+00  1.42129481E-01
1.33526021E-01  4.29721642E+00  1.42752334E-01
1.33915878E-01  4.14078903E+00  1.43676862E-01
1.34305735E-01  4.22479439E+00  1.44221157E-01
1.34695592E-01  4.13495827E+00  1.43897757E-01
1.35085449E-01  4.13634682E+00  1.42213807E-01
1.35475306E-01  4.15040016E+00  1.40463755E-01
1.35865163E-01  4.08357239E+00  1.39069840E-01
1.36255020E-01  4.18439102E+00  1.37935415E-01
1.36644877E-01  3.85113335E+00  1.36772007E-01
1.37034734E-01  3.91254616E+00  1.36074424E-01
1.37424591E-01  3.85521889E+00  1.35492846E-01
1.37814448E-01  3.98117828E+00  1.34806380E-01
1.38204305E-01  3.73308182E+00  1.34386420E-01
1.38594162E-01  3.56878090E+00  1.33938551E-01
1.38984019E-01  3.88128281E+00  1.33778781E-01
1.39373876E-01  3.80808449E+00  1.33741215E-01
1.39763733E-01  3.89139366E+00  1.33204252E-01
1.40153590E-01  3.84791756E+00  1.32625759E-01
1.40543447E-01  3.91400528E+00  1.32243231E-01
1.40933304E-01  3.57603264E+00  1.31642520E-01
1.41323161E-01  3.72613525E+00  1.30871400E-01
1.41713018E-01  3.78695488E+00  1.30683526E-01
1.42102875E-01  3.86239052E+00  1.30398855E-01
1.42492732E-01  3.62449265E+00  1.30396351E-01
1.42882589E-01  3.89211273E+00  1.29773676E-01
1.43272446E-01  3.79565048E+00  1.29522368E-01
1.43662303E-01  3.90277672E+00  1.29227296E-01
1.44052160E-01  3.73608208E+00  1.29375204E-01
1.44442017E-01  3.66602516E+00  1.29357502E-01
1.44831874E-01  3.86178780E+00  1.28737330E-01
1.45221731E-01  3.80627251E+00  1.28306210E-01
1.45611588E-01  3.65730667E+00  1.28595874E-01
1.46001445E-01  4.02411842E+00  1.27960235E-01
1.46391302E-01  3.78010941E+00  1.27657861E-01
1.46781159E-01  3.80146790E+00  1.27426460E-01
1.47171016E-01  3.70479965E+00  1.27157837E-01
1.47560873E-01  3.71948624E+00  1.27043024E-01
1.47950730E-01  3.87671280E+00  1.26976356E-01
1.48340587E-01  3.80783081E+00  1.26698241E-01
1.48730444E-01  3.83565140E+00  1.26645267E-01
1.49120301E-01  3.87216187E+00  1.26221761E-01
1.49510158E-01  3.91576004E+00  1.25823274E-01
1.49900015E-01  3.78997612E+00  1.25814244E-01
1.50289872E-01  3.77641869E+00  1.25352427E-01
1.50679729E-01  3.59207916E+00  1.25272453E-01
1.51069586E-01  3.76359367E+00  1.25175282E-01
1.51459443E-01  3.83372116E+00  1.24954216E-01
1.51849300E-01  3.65252495E+00  1.24693118E-01
1.52239157E-01  3.62458611E+00  1.24271497E-01
1.52629014E-01  3.70076370E+00  1.23858772E-01
1.53018871E-01  3.83392334E+00  1.24449931E-01
1.53408728E-01  3.75240517E+00  1.23941042E-01
1.53798585E-01  3.33149910E+00  1.23421051E-01
1.54188442E-01  3.63628197E+00  1.23327479E-01
1.54578299E-01  3.67748642E+00  1.22956641E-01
1.54968156E-01  3.48254967E+00  1.22871473E-01
1.55358013E-01  3.87474823E+00  1.22691043E-01
1.55747870E-01  4.00308609E+00  1.22313939E-01
1.56137727E-01  3.66199303E+00  1.22099988E-01
1.56527584E-01  3.58712387E+00  1.21661969E-01
1.56917441E-01  3.39707184E+00  1.21781848E-01
1.57307298E-01  3.61882782E+00  1.21351622E-01
1.57697155E-01  3.63897324E+00  1.21338896E-01
1.58087012E-01  3.52733994E+00  1.21137239E-01
1.58476869E-01  3.53793907E+00  1.21042833E-01
1.58866726E-01  3.72147179E+00  1.21001154E-01
1.59256583E-01  3.65787125E+00  1.20457329E-01
1.59646440E-01  3.52636719E+00  1.20348290E-01
1.60036297E-01  3.62693024E+00  1.20086186E-01
1.60426154E-01  3.57301521E+00  1.19933978E-01
1.60816011E-01  3.54920006E+00  1.19769663E-01
1.61205868E-01  3.50203514E+00  1.19671099E-01
1.61595725E-01  3.58584785E+00  1.19355835E-01
1.61985582E-01  3.58215523E+00  1.19117215E-01
1.62375439E-01  3.43859673E+00  1.18871920E-01
1.62765296E-01  3.36963844E+00  1.18814684E-01
1.63155153E-01  3.57520294E+00  1.18491501E-01
1.63545010E-01  3.42655373E+00  1.18738882E-01
1.63934867E-01  3.31304169E+00  1.18096739E-01
1.64324724E-01  3.49228477E+00  1.18154302E-01
1.64714581E-01  3.53550911E+00  1.18009754E-01
1.65104438E-01  3.59229851E+00  1.17953673E-01
1.65494295E-01  3.56770706E+00  1.17417641E-01
1.65884152E-01  3.48465919E+00  1.17246523E-01
1.66274009E-01  3.22451401E+00  1.16816193E-01
1.66663866E-01  3.58550072E+00  1.16972461E-01
1.67053723E-01  3.60646057E+00  1.16798975E-01
1.67443580E-01  3.54308128E+00  1.16516382E-01
1.67833437E-01  3.24322319E+00  1.16431482E-01
1.68223293E-01  3.30970192E+00  1.16342917E-01
1.68613150E-01  3.20611382E+00  1.16233714E-01
1.69003007E-01  3.39546776E+00  1.15884855E-01
1.69392864E-01  3.37492561E+00  1.15802623E-01
1.69782721E-01  3.43623734E+00  1.15870968E-01
1.70172578E-01  3.28596115E+00  1.15453355E-01
1.70562435E-01  3.63818741E+00  1.15160339E-01
1.70952292E-01  3.47207069E+00  1.14647254E-01
1.71342149E-01  3.48592567E+00  1.15000002E-01
1.71732006E-01  3.22584534E+00  1.15120284E-01
1.72121863E-01  3.43578529E+00  1.14682369E-01
1.72511720E-01  3.24375343E+00  1.14467256E-01
1.72901577E-01  3.47103691E+00  1.14459403E-01
1.73291434E-01  3.23187447E+00  1.13856412E-01
1.73681291E-01  3.32600021E+00  1.13822043E-01
1.74071148E-01  3.36394501E+00  1.13741919E-01
1.74461005E-01  3.49809456E+00  1.13325201E-01
1.74850862E-01  3.37091827E+00  1.13278963E-01
1.75240719E-01  3.01950836E+00  1.12883925E-01
1.75630576E-01  3.11102486E+00  1.12637438E-01
1.76020433E-01  3.28447342E+00  1.12747803E-01
1.76410290E-01  3.10953140E+00  1.12492055E-01
1.76800147E-01  3.26244354E+00  1.12478636E-01
1.77190004E-01  3.12258148E+00  1.12295590E-01
1.77579861E-01  3.05475235E+00  1.12207800E-01
1.77969718E-01  3.06745529E+00  1.11793645E-01
1.78359575E-01  2.94649124E+00  1.11496270E-01
1.78749432E-01  3.17920113E+00  1.11307144E-01
1.79139289E-01  2.96301651E+00  1.11264423E-01
1.79529146E-01  3.08367729E+00  1.11228466E-01
1.79919003E-01  2.94890022E+00  1.11177668E-01
1.80308860E-01  3.00196266E+00  1.11222200E-01
1.80698717E-01  3.12565422E+00  1.10835791E-01
1.81088574E-01  3.11674881E+00  1.10902786E-01
1.81478431E-01  3.08792686E+00  1.10340625E-01
1.81868288E-01  2.84575844E+00  1.10424154E-01
1.82258145E-01  2.88896179E+00  1.10271275E-01
1.82648002E-01  3.18242645E+00  1.10116124E-01
1.83037859E-01  3.00963974E+00  1.10295035E-01
1.83427716E-01  3.01086426E+00  1.10000856E-01
1.83817573E-01  3.03281403E+00  1.09762684E-01
1.84207430E-01  2.87295341E+00  1.09591506E-01
1.84597287E-01  2.88038635E+00  1.09683648E-01
1.84987144E-01  2.96038628E+00  1.09375730E-01
1.85377001E-01  2.98178673E+00  1.09025873E-01
1.85766858E-01  2.86551476E+00  1.08858548E-01
1.86156715E-01  2.82787704E+00  1.08686216E-01
1.86546572E-01  2.84876442E+00  1.08558908E-01
1.86936429E-01  2.94687843E+00  1.08610928E-01
1.87326286E-01  2.73269081E+00  1.08183846E-01
1.87716143E-01  2.86294365E+00  1.08002663E-01
1.88106000E-01  2.76404762E+00  1.08005904E-01
1.88495857E-01  2.96338463E+00  1.08153552E-01
1.88885714E-01  3.09827232E+00  1.07643262E-01
1.89275571E-01  2.97776604E+00  1.07405819E-01
1.89665428E-01  3.00452614E+00  1.07467405E-01
1.90055285E-01  3.07373428E+00  1.07720420E-01
1.90445142E-01  3.02275276E+00  1.07457772E-01
1.90834999E-01  2.80062485E+00  1.07212931E-01
1.91224856E-01  2.72778511E+00  1.07043155E-01
1.91614713E-01  2.70733833E+00  1.06755786E-01
1.92004570E-01  2.76807976E+00  1.06761858E-01
1.92394427E-01  2.68029976E+00  1.06659688E-01
1.92784284E-01  2.90467834E+00  1.06428184E-01
1.93174141E-01  2.76027107E+00  1.06259488E-01
1.93563998E-01  2.71052361E+00  1.06101967E-01
1.93953855E-01  2.96043015E+00  1.05862997E-01
1.94343712E-01  2.85392380E+00  1.06150888E-01
1.94733569E-01  2.71784973E+00  1.05743751E-01
1.95123426E-01  2.65284348E+00  1.05360977E-01
1.95513283E-01  2.83812904E+00  1.05400421E-01
1.95903140E-01  2.75491524E+00  1.05257414E-01
1.96292997E-01  2.63335800E+00  1.05669454E-01
1.96682854E-01  2.64298248E+00  1.06388740E-01
1.97072711E-01  2.41209984E+00  1.06821507E-01
1.97462568E-01  2.56993675E+00  1.07028626E-01
1.97852425E-01  2.71447182E+00  1.07041538E-01
1.98242282E-01  2.60186958E+00  1.07236549E-01
1.98632139E-01  2.33122444E+00  1.07451081E-01
1.99021996E-01  2.62157822E+00  1.07444718E-01
1.99411853E-01  2.53586769E+00  1.07414506E-01
1.99801710E-01  2.65034294E+00  1.07570112E-01
2.00191567E-01  2.47294998E+00  1.07418060E-01
2.00581424E-01  2.64558029E+00  1.07612565E-01
2.00971281E-01  2.68877220E+00  1.07839659E-01
2.01361138E-01  2.66437340E+00  1.07707508E-01
2.01750995E-01  2.56091309E+00  1.07908286E-01
2.02140852E-01  2.36077118E+00  1.07908748E-01
2.02530709E-01  2.45787621E+00  1.08312063E-01
2.02920566E-01  2.38060760E+00  1.07905030E-01
2.03310423E-01  2.58607101E+00  1.07334860E-01
2.03700280E-01  2.63103676E+00  1.06628500E-01
2.04090137E-01  2.52629471E+00  1.05896808E-01
2.04479994E-01  2.59925079E+00  1.05802238E-01
2.04869851E-01  2.52798271E+00  1.05474539E-01
2.05259708E-01  2.42602730E+00  1.04790166E-01
2.05649565E-01  2.38861656E+00  1.04563251E-01
2.06039422E-01  2.26935196E+00  1.04411803E-01
2.06429279E-01  2.57810211E+00  1.04219094E-01
2.06819136E-01  2.35731316E+00  1.04093723E-01
2.07208993E-01  2.43050957E+00  1.03951178E-01
2.07598850E-01  2.36717224E+00  1.03836320E-01
2.07988707E-01  2.35081482E+00  1.03689469E-01
2.08378564E-01  2.46594048E+00  1.03560247E-01
2.08768421E-01  2.44215584E+00  1.03091866E-01
2.09158278E-01  2.31825256E+00  1.02929793E-01
2.09548135E-01  2.35263824E+00  1.02753751E-01
2.09937992E-01  2.34975815E+00  1.02477320E-01
2.10327849E-01  2.30408859E+00  1.02402523E-01
2.10717706E-01  2.09360504E+00  1.02101363E-01
2.11107563E-01  2.26114464E+00  1.02388620E-01
2.11497420E-01  2.12392807E+00  1.02995373E-01
2.11887277E-01  2.51623917E+00  1.03097357E-01
2.12277134E-01  2.30999565E+00  1.03228144E-01
2.12666991E-01  2.42686844E+00  1.03586398E-01
2.13056848E-01  2.42846870E+00  1.03591889E-01
2.13446705E-01  2.32309151E+00  1.03892386E-01
2.13836562E-01  2.51865387E+00  1.03958458E-01
2.14226419E-01  2.44963837E+00  1.03818171E-01
2.14616276E-01  2.50639915E+00  1.04118451E-01
2.15006133E-01  2.28559303E+00  1.03862837E-01
2.15395990E-01  2.36866188E+00  1.04001701E-01
2.15785847E-01  2.24069405E+00  1.04166523E-01
2.16175704E-01  2.32919884E+00  1.04169890E-01
2.16565561E-01  2.62261963E+00  1.04046412E-01
2.16955418E-01  2.37239456E+00  1.04155883E-01
2.17345275E-01  2.21629906E+00  1.04103826E-01
2.17735132E-01  2.18452835E+00  1.04327552E-01
2.18124989E-01  2.36000824E+00  1.03950329E-01
2.18514846E-01  2.24769402E+00  1.03167206E-01
2.18904703E-01  2.26762581E+00  1.02621123E-01
2.19294560E-01  2.35271072E+00  1.02112599E-01
2.19684417E-01  2.12468338E+00  1.01815782E-01
2.20074274E-01  2.22416115E+00  1.01618424E-01
2.20464131E-01  2.00584221E+00  1.01433992E-01
2.20853988E-01  2.34754944E+00  1.01428166E-01
2.21243845E-01  2.27243233E+00  1.01048373E-01
2.21633702E-01  2.02636337E+00  1.00531287E-01
2.22023559E-01  2.09948730E+00  1.00369990E-01
2.22413416E-01  2.28328705E+00  1.00160427E-01
2.22803273E-01  2.33025360E+00  1.00086175E-01
2.23193130E-01  2.20467377E+00  9.97772589E-02
2.23582987E-01  2.26257706E+00  9.98316258E-02
2.23972844E-01  2.24001694E+00  9.96109843E-02
2.24362701E-01  2.15892410E+00  9.92928222E-02
2.24752558E-01  2.12016296E+00  9.93068069E-02
2.25142415E-01  1.93390656E+00  9.90938395E-02
2.25532272E-01  1.89375114E+00  9.89665985E-02
2.25922129E-01  2.08937454E+00  9.86671075E-02
2.26311986E-01  2.08976364E+00  9.86492112E-02
2.26701843E-01  2.06637001E+00  9.87086967E-02
2.27091700E-01  1.96950912E+00  9.86729041E-02
2.27481557E-01  2.00993729E+00  9.84140113E-02
2.27871414E-01  1.95798302E+00  9.81564522E-02
2.28261271E-01  1.93114090E+00  9.82126892E-02
2.28651128E-01  2.00219727E+00  9.80383530E-02
2.29040985E-01  2.01079178E+00  9.78846326E-02
2.29430842E-01  1.99775887E+00  9.76449326E-02
2.29820699E-01  2.11426735E+00  9.74435583E-02
2.30210556E-01  1.97603035E+00  9.72738564E-02
2.30600413E-01  1.95953178E+00  9.70188230E-02
2.30990270E-01  1.86741829E+00  9.69994664E-02
2.31380127E-01  1.84721565E+00  9.68999863E-02
2.31769984E-01  1.89051628E+00  9.69545841E-02
2.32159841E-01  2.14956284E+00  9.68493819E-02
2.32549698E-01  2.01092148E+00  9.66430157E-02
2.32939555E-01  1.96899223E+00  9.65307131E-02
2.33329412E-01  1.90697670E+00  9.61233079E-02
2.33719269E-01  1.81084633E+00  9.60918739E-02
2.34109126E-01  1.70489502E+00  9.62167084E-02
2.34498983E-01  2.07450676E+00  9.60750282E-02
2.34888840E-01  2.03837204E+00  9.59272012E-02
2.35278697E-01  2.00579453E+00  9.56293643E-02
2.35668554E-01  2.06294441E+00  9.54714343E-02
2.36058411E-01  1.86140060E+00  9.53860506E-02
2.36448268E-01  1.98146820E+00  9.52467471E-02
2.36838125E-01  1.76959229E+00  9.50706378E-02
2.37227982E-01  1.83220291E+00  9.48614776E-02
2.37617839E-01  1.83488083E+00  9.49272960E-02
2.38007696E-01  1.86774063E+00  9.46987942E-02
2.38397553E-01  1.85119820E+00  9.44215804E-02
2.38787410E-01  2.03486824E+00  9.45309624E-02
2.39177267E-01  1.89794350E+00  9.45698321E-02
2.39567124E-01  1.89104843E+00  9.43210348E-02
2.39956981E-01  1.71254921E+00  9.41962004E-02
2.40346838E-01  1.70822144E+00  9.40602049E-02
2.40736695E-01  1.77191925E+00  9.39798057E-02
2.41126552E-01  1.71491623E+00  9.39888880E-02
2.41516409E-01  1.89709282E+00  9.38040987E-02
2.41906266E-01  1.82994461E+00  9.35199186E-02
2.42296123E-01  1.82964134E+00  9.37388912E-02
2.42685980E-01  1.87901688E+00  9.36574861E-02
2.43075837E-01  1.75573349E+00  9.34008732E-02
2.43465694E-01  1.73981667E+00  9.30969194E-02
2.43855551E-01  1.75255585E+00  9.31968018E-02
2.44245408E-01  1.73735809E+00  9.32537466E-02
2.44635265E-01  1.64863586E+00  9.30040926E-02
2.45025122E-01  1.70602608E+00  9.28046852E-02
2.45414979E-01  1.75002289E+00  9.26558897E-02
2.45804836E-01  1.78256989E+00  9.26021934E-02
2.46194693E-01  1.81490707E+00  9.25142914E-02
2.46584550E-01  1.80640602E+00  9.26666334E-02
2.46974407E-01  1.57741547E+00  9.25197154E-02
2.47364264E-01  1.78541946E+00  9.23822895E-02
2.47754121E-01  1.83350372E+00  9.22278091E-02
2.48143978E-01  1.60293007E+00  9.21114609E-02
2.48533835E-01  1.83665276E+00  9.18603614E-02
2.48923692E-01  1.64753914E+00  9.18632299E-02
2.49313549E-01  1.58902359E+00  9.17089358E-02
2.49703406E-01  1.70147324E+00  9.17308331E-02
2.50093263E-01  1.58864212E+00  9.14970115E-02
2.50483120E-01  1.70939064E+00  9.15518925E-02
2.50872977E-01  1.59885979E+00  9.15438905E-02
2.51262834E-01  1.55742836E+00  9.11305472E-02
2.51652691E-01  1.56599617E+00  9.12272930E-02
2.52042547E-01  1.42943764E+00  9.17845070E-02
2.52432404E-01  1.57023621E+00  9.19552520E-02
2.52822261E-01  1.65775681E+00  9.22062322E-02
2.53212118E-01  1.44689941E+00  9.26519781E-02
2.53601975E-01  1.51861382E+00  9.24041644E-02
2.53991832E-01  1.39903259E+00  9.25846100E-02
2.54381689E-01  1.40997887E+00  9.24044773E-02
2.54771546E-01  1.30381012E+00  9.26436782E-02
2.55161403E-01  1.47317886E+00  9.27785859E-02
2.55551260E-01  1.59063911E+00  9.27051529E-02
2.55941117E-01  1.40345192E+00  9.30003077E-02
2.56330974E-01  1.36911774E+00  9.26387087E-02
2.56720831E-01  1.44327736E+00  9.28286761E-02
2.57110688E-01  1.45613861E+00  9.25054923E-02
2.57500545E-01  1.38253021E+00  9.24569517E-02
2.57890402E-01  1.38559341E+00  9.26921368E-02
2.58280259E-01  1.51009369E+00  9.28519145E-02
2.58670116E-01  1.19501495E+00  9.25998017E-02
2.59059973E-01  1.32204628E+00  9.25518423E-02
2.59449830E-01  1.50471306E+00  9.27703902E-02
2.59839687E-01  1.33515167E+00  9.27581340E-02
2.60229544E-01  1.42031288E+00  9.26740319E-02
2.60619401E-01  1.40944481E+00  9.27850381E-02
2.61009258E-01  1.42667961E+00  9.25118178E-02
2.61399115E-01  1.42337990E+00  9.26790163E-02
2.61788972E-01  1.30449295E+00  9.27795023E-02
2.62178829E-01  1.42844200E+00  9.28642899E-02
2.62568686E-01  1.37212753E+00  9.26974267E-02
2.62958543E-01  1.46717644E+00  9.26417485E-02
2.63348400E-01  1.33228683E+00  9.28227380E-02
2.63738257E-01  1.37608528E+00  9.25539508E-02
2.64128114E-01  1.39966583E+00  9.27851945E-02
2.64517971E-01  1.41611290E+00  9.28462669E-02
2.64907828E-01  1.24167252E+00  9.27461460E-02
2.65297685E-01  1.25691223E+00  9.26443189E-02
2.65687542E-01  1.20652199E+00  9.26081538E-02
2.66077399E-01  1.18164444E+00  9.23946500E-02
2.66467256E-01  1.43688011E+00  9.25855637E-02
2.66857113E-01  1.19628334E+00  9.26487148E-02
2.67246970E-01  1.13768387E+00  9.25699249E-02
2.67636827E-01  1.07005119E+00  9.26282331E-02
2.68026684E-01  1.26615143E+00  9.23677683E-02
2.68416541E-01  1.24079514E+00  9.24927741E-02
2.68806398E-01  1.14606857E+00  9.24344361E-02
2.69196255E-01  1.20078659E+00  9.23323408E-02
2.69586112E-01  1.16876411E+00  9.24647450E-02
2.69975969E-01  1.06597519E+00  9.23124552E-02
2.70365826E-01  1.01656723E+00  9.22015458E-02
2.70755683E-01  1.14184189E+00  9.23923701E-02
2.71145540E-01  1.10555840E+00  9.20816287E-02
2.71535397E-01  1.12446022E+00  9.24406499E-02
2.71925254E-01  1.06225777E+00  9.24634039E-02
2.72315111E-01  1.05392838E+00  9.21654329E-02
2.72704968E-01  1.17477036E+00  9.22236815E-02
2.73094825E-01  1.12459373E+00  9.22164768E-02
2.73484682E-01  1.20788383E+00  9.20486674E-02
2.73874539E-01  9.76459503E-01  9.21444148E-02
2.74264396E-01  1.09262657E+00  9.22124460E-02
2.74654253E-01  1.01403618E+00  9.20358971E-02
2.75044110E-01  1.00187111E+00  9.19843242E-02
2.75433967E-01  1.11839867E+00  9.19989944E-02
2.75823824E-01  1.04746819E+00  9.20152515E-02
2.76213681E-01  1.02179909E+00  9.20509622E-02
2.76603538E-01  9.66918945E-01  9.19228792E-02
2.76993395E-01  1.07465172E+00  9.17578787E-02
2.77383252E-01  9.50002670E-01  9.19326320E-02
2.77773109E-01  8.92290115E-01  9.17031169E-02
2.78162966E-01  8.46469879E-01  9.16472599E-02
2.78552823E-01  1.09926796E+00  9.16002914E-02
2.78942680E-01  9.58814621E-01  9.22882780E-02
2.79332537E-01  9.43214417E-01  9.24899876E-02
2.79722394E-01  9.37925339E-01  9.29398388E-02
2.80112251E-01  9.93589401E-01  9.32188183E-02
2.80502108E-01  9.45899963E-01  9.35465544E-02
2.80891965E-01  8.68078232E-01  9.38109234E-02
2.81281822E-01  8.76276016E-01  9.35893878E-02
2.81671679E-01  9.43445206E-01  9.40873921E-02
2.82061536E-01  9.05780792E-01  9.42353159E-02
2.82451393E-01  7.04687119E-01  9.43329036E-02
2.82841250E-01  8.84006500E-01  9.47349072E-02
2.83231107E-01  9.95239258E-01  9.45447832E-02
2.83620964E-01  9.27440643E-01  9.46251005E-02
2.84010821E-01  9.84592438E-01  9.49551687E-02
2.84400678E-01  8.71871948E-01  9.49605852E-02
2.84790535E-01  7.77265549E-01  9.50777009E-02
2.85180392E-01  9.67092514E-01  9.49504077E-02
2.85570249E-01  8.32689285E-01  9.50785652E-02
2.85960106E-01  8.52428436E-01  9.45556015E-02
2.86349963E-01  8.73479843E-01  9.39587131E-02
2.86739820E-01  8.36172104E-01  9.36979577E-02
2.87129677E-01  7.73176193E-01  9.34097245E-02
2.87519534E-01  7.29110718E-01  9.32060629E-02
2.87909391E-01  6.40722275E-01  9.30743143E-02
2.88299248E-01  6.63570404E-01  9.29532051E-02
2.88689105E-01  7.77145386E-01  9.25747082E-02
2.89078962E-01  8.59666824E-01  9.25108865E-02
2.89468819E-01  7.65028000E-01  9.24392417E-02
2.89858676E-01  7.14361191E-01  9.24877524E-02
2.90248533E-01  7.70160675E-01  9.24163088E-02
2.90638390E-01  5.85762024E-01  9.22941118E-02
2.91028247E-01  7.16209412E-01  9.21519101E-02
2.91418104E-01  6.99100494E-01  9.19713303E-02
2.91807961E-01  5.95073700E-01  9.18053761E-02
2.92197818E-01  6.54680252E-01  9.18225497E-02
2.92587675E-01  7.08957672E-01  9.17893499E-02
2.92977532E-01  7.21914291E-01  9.18174386E-02
2.93367389E-01  6.46532059E-01  9.18770954E-02
2.93757246E-01  6.71171188E-01  9.21690241E-02
2.94147103E-01  6.49314880E-01  9.26953927E-02
2.94536960E-01  7.39126205E-01  9.31018814E-02
2.94926817E-01  8.01477432E-01  9.31890681E-02
2.95316674E-01  7.11311340E-01  9.36357677E-02
2.95706531E-01  5.39602280E-01  9.35086012E-02
2.96096388E-01  6.39940262E-01  9.38432068E-02
2.96486245E-01  5.51206589E-01  9.36902463E-02
2.96876102E-01  5.67888260E-01  9.41562653E-02
2.97265959E-01  7.14944839E-01  9.43138748E-02
2.97655816E-01  6.09384537E-01  9.43454355E-02
2.98045673E-01  6.28280640E-01  9.42312777E-02
2.98435530E-01  6.35068893E-01  9.43930224E-02
2.98825387E-01  6.45431519E-01  9.45418701E-02
2.99215244E-01  6.64007187E-01  9.44633856E-02
2.99605101E-01  7.84448624E-01  9.46884379E-02
2.99994958E-01  7.20888138E-01  9.46264639E-02
3.00384815E-01  5.93357086E-01  9.48187485E-02
3.00774672E-01  6.04393005E-01  9.49498937E-02
3.01164529E-01  7.10350037E-01  9.48613063E-02
3.01554386E-01  5.27343750E-01  9.50610861E-02
3.01944243E-01  6.00053787E-01  9.50939879E-02
3.02334100E-01  6.24773026E-01  9.51813385E-02
3.02723957E-01  7.91740417E-01  9.52074304E-02
3.03113814E-01  8.10400009E-01  9.51503813E-02
3.03503671E-01  8.12532425E-01  9.52294543E-02
3.03893528E-01  5.95182419E-01  9.51992199E-02
3.04283385E-01  6.80143356E-01  9.52719674E-02
3.04673242E-01  7.10287094E-01  9.53658521E-02
3.05063099E-01  6.95531845E-01  9.56488401E-02
3.05452956E-01  7.32389450E-01  9.57760140E-02
3.05842813E-01  4.61534500E-01  9.56932455E-02
3.06232670E-01  5.87348938E-01  9.58826542E-02
3.06622527E-01  7.68913269E-01  9.59313959E-02
3.07012384E-01  6.51550293E-01  9.58751738E-02
3.07402241E-01  5.15871048E-01  9.58579928E-02
3.07792098E-01  5.62154770E-01  9.59048122E-02
3.08181955E-01  6.49484634E-01  9.60218310E-02
3.08571812E-01  4.49674606E-01  9.61848050E-02
3.08961669E-01  5.76293945E-01  9.61419046E-02
3.09351526E-01  6.39785767E-01  9.59725454E-02
3.09741383E-01  4.05120850E-01  9.62800980E-02
3.10131240E-01  5.10997772E-01  9.63073671E-02
3.10521097E-01  5.77060699E-01  9.62384194E-02
3.10910954E-01  7.10302353E-01  9.62165445E-02
3.11300811E-01  4.50143814E-01  9.61778685E-02
3.11690668E-01  5.70657730E-01  9.63710025E-02
3.12080525E-01  5.02628326E-01  9.62813199E-02
3.12470382E-01  5.03234863E-01  9.61714908E-02
3.12860239E-01  6.65836334E-01  9.65264216E-02
3.13250096E-01  5.82244873E-01  9.66022909E-02
3.13639953E-01  6.48550034E-01  9.64910164E-02
3.14029810E-01  4.60565567E-01  9.65453908E-02
3.14419667E-01  3.87340546E-01  9.66470242E-02
3.14809524E-01  6.30489349E-01  9.68267918E-02
3.15199381E-01  5.50577164E-01  9.68322679E-02
3.15589238E-01  5.15993118E-01  9.66786370E-02
3.15979095E-01  6.39232635E-01  9.66079235E-02
3.16368952E-01  3.89642715E-01  9.68549773E-02
3.16758809E-01  4.70954895E-01  9.70854685E-02
3.17148666E-01  5.74234009E-01  9.69226956E-02
3.17538523E-01  3.45008850E-01  9.70145538E-02
3.17928380E-01  4.55759048E-01  9.71317217E-02
3.18318237E-01  4.27242279E-01  9.72021520E-02
3.18708094E-01  5.47943115E-01  9.71837193E-02
3.19097951E-01  4.44351196E-01  9.71782058E-02
3.19487808E-01  4.18878555E-01  9.71572921E-02
3.19877665E-01  4.16223526E-01  9.71561298E-02
3.20267522E-01  3.48844528E-01  9.68360156E-02
3.20657379E-01  2.69695282E-01  9.70761031E-02
3.21047236E-01  2.30131149E-01  9.70117152E-02
3.21437093E-01  3.75181198E-01  9.70219672E-02
3.21826950E-01  2.85236359E-01  9.70038623E-02
3.22216807E-01  3.98729324E-01  9.67998132E-02
3.22606664E-01  4.82662201E-01  9.69349742E-02
3.22996521E-01  2.59244919E-01  9.69742090E-02
3.23386378E-01  2.09745407E-01  9.71331298E-02
3.23776235E-01  2.69878387E-01  9.70866531E-02
3.24166092E-01  3.16555023E-01  9.69964638E-02
3.24555949E-01  4.35169220E-01  9.82838571E-02
3.24945806E-01  5.22014618E-01  9.87801328E-02
3.25335663E-01  3.28420639E-01  9.93508250E-02
3.25725520E-01  3.83127213E-01  9.97775495E-02
3.26115377E-01  4.16988373E-01  9.99208018E-02
3.26505234E-01  4.27301407E-01  1.00199774E-01
3.26895091E-01  4.76932526E-01  1.00428373E-01
3.27284948E-01  3.56216431E-01  1.00732408E-01
3.27674805E-01  5.58609009E-01  1.01221435E-01
3.28064662E-01  5.21800995E-01  1.01085946E-01
3.28454519E-01  4.71101761E-01  1.01269796E-01
3.28844376E-01  5.33292770E-01  1.01480775E-01
3.29234233E-01  3.59041214E-01  1.01708591E-01
3.29624090E-01  3.57416153E-01  1.02103822E-01
3.30013947E-01  4.06234741E-01  1.02106914E-01
3.30403804E-01  4.55926895E-01  1.02225825E-01
3.30793661E-01  2.07000732E-01  1.02674253E-01
3.31183518E-01  3.52355957E-01  1.02931842E-01
3.31573375E-01  2.10391998E-01  1.02975361E-01
3.31963232E-01  3.13508987E-01  1.03310660E-01
3.32353089E-01  2.88049698E-01  1.03270784E-01
3.32742946E-01  1.29680634E-01  1.03482112E-01
3.33132803E-01  3.85986328E-01  1.03785969E-01
3.33522660E-01  4.60443497E-01  1.03732646E-01
3.33912517E-01  3.62678528E-01  1.04323857E-01
3.34302374E-01  3.88982773E-01  1.04349487E-01
3.34692231E-01  4.15437698E-01  1.04649089E-01
3.35082088E-01  4.70884323E-01  1.04376391E-01
3.35471945E-01  2.46410370E-01  1.04831688E-01
3.35861802E-01  1.41601562E-01  1.05153032E-01
3.36251658E-01  1.39472961E-01  1.05109379E-01
3.36641515E-01  9.80377197E-02  1.05285779E-01
3.37031372E-01  2.30552673E-01  1.05519354E-01
3.37421229E-01  1.80616379E-01  1.05864368E-01
3.37811086E-01  1.39060974E-01  1.05920769E-01
3.38200943E-01  2.12020874E-01  1.06279977E-01
3.38590800E-01  1.19688034E-01  1.06588528E-01
3.38980657E-01  2.04925537E-01  1.06664583E-01
3.39370514E-01  3.41005325E-01  1.06722102E-01
3.39760371E-01  3.18420410E-01  1.06970370E-01
3.40150228E-01  3.46067429E-01  1.07441343E-01
3.40540085E-01  1.86416626E-01  1.07568793E-01
3.40929942E-01  2.14014053E-01  1.07532777E-01
3.41319799E-01  2.86418915E-01  1.07680753E-01
3.41709656E-01  2.64751434E-01  1.07766189E-01
3.42099513E-01  3.76323700E-01  1.07734814E-01
3.42489370E-01  3.60118866E-01  1.08313881E-01
3.42879227E-01  1.68972015E-01  1.08301751E-01
3.43269084E-01  2.65144348E-01  1.08491257E-01
3.43658941E-01  1.56061172E-01  1.08542830E-01
3.44048798E-01  2.08053589E-01  1.08641759E-01
3.44438655E-01  2.89264679E-01  1.09098926E-01
3.44828512E-01  2.84337997E-01  1.08998522E-01
3.45218369E-01  1.90155029E-01  1.08703449E-01
3.45608226E-01  8.64639282E-02  1.09149233E-01
3.45998083E-01  1.47235870E-01  1.09343879E-01
3.46387940E-01  3.85780334E-01  1.09310113E-01
3.46777797E-01  3.34819794E-01  1.09323226E-01
3.47167654E-01  3.36133957E-01  1.09978929E-01
3.47557511E-01  4.44087982E-01  1.09961659E-01
3.47947368E-01  2.99280167E-01  1.09933168E-01
3.48337225E-01  3.73229980E-01  1.10039979E-01
3.48727082E-01  3.72674942E-01  1.10674955E-01
3.49116939E-01  3.24447632E-01  1.10500395E-01
3.49506796E-01  1.23580933E-01  1.10505611E-01
3.49896653E-01  -2.46906281E-02  1.10830754E-01
3.50286510E-01  8.28952789E-02  1.10516697E-01
3.50676367E-01  2.94273376E-01  1.11038670E-01
3.51066224E-01  1.76073074E-01  1.11018389E-01
3.51456081E-01  4.21142578E-02  1.10847749E-01
3.51845938E-01  6.57806396E-02  1.11066505E-01
3.52235795E-01  2.48443604E-01  1.11319341E-01
3.52625652E-01  2.14662552E-01  1.11518420E-01
3.53015509E-01  1.67081833E-01  1.11713305E-01
3.53405366E-01  1.36230469E-01  1.11744218E-01
3.53795223E-01  1.48828506E-01  1.12384491E-01
3.54185080E-01  1.10542297E-01  1.12166926E-01
3.54574937E-01  1.13800049E-01  1.12366691E-01
3.54964794E-01  1.78970337E-01  1.12380929E-01
3.55354651E-01  1.51453018E-01  1.12672381E-01
3.55744508E-01  2.85797119E-02  1.13171704E-01
3.56134365E-01  1.91741943E-01  1.12916224E-01
3.56524222E-01  -3.90357971E-02  1.13261968E-01
3.56914079E-01  3.61995697E-02  1.13303274E-01
3.57303936E-01  -1.06315613E-02  1.13471434E-01
3.57693793E-01  1.44466400E-01  1.13407731E-01
3.58083650E-01  1.95066452E-01  1.13378040E-01
3.58473507E-01  1.46781921E-01  1.13755956E-01
3.58863364E-01  7.13329315E-02  1.14136480E-01
3.59253221E-01  1.01747513E-01  1.13933086E-01
3.59643078E-01  8.86802673E-02  1.14320502E-01
3.60032935E-01  1.63669586E-02  1.14769503E-01
3.60422792E-01  2.09846497E-02  1.14516862E-01
3.60812649E-01  1.98911667E-01  1.14883780E-01
3.61202506E-01  1.67903900E-01  1.14579126E-01
3.61592363E-01  7.93609619E-02  1.14848927E-01
3.61982220E-01  1.59934998E-01  1.16619781E-01
3.62372077E-01  -1.15249634E-01  1.18082657E-01
3.62761934E-01  -4.27875519E-02  1.19126394E-01
3.63151791E-01  8.20693970E-02  1.20216042E-01
3.63541648E-01  1.81850433E-01  1.21005222E-01
3.63931505E-01  1.23281479E-01  1.21916384E-01
3.64321362E-01  -7.25078583E-02  1.22474723E-01
3.64711219E-01  -1.95241928E-01  1.23366848E-01
3.65101076E-01  -1.58538818E-02  1.23916119E-01
3.65490933E-01  -1.84553146E-01  1.24389775E-01
3.65880790E-01  -2.02882767E-01  1.25751451E-01
3.66270647E-01  -1.26781464E-02  1.26343161E-01
3.66660504E-01  -2.19135284E-02  1.26685351E-01
3.67050361E-01  -1.50541306E-01  1.27120078E-01
3.67440218E-01  2.73231506E-01  1.27235994E-01
3.67830075E-01  -5.61199188E-02  1.28233314E-01
3.68219932E-01  -2.08593369E-01  1.28761098E-01
3.68609789E-01  -1.63326263E-02  1.29080489E-01
3.68999646E-01  -2.47661591E-01  1.30114079E-01
3.69389503E-01  -3.23577881E-01  1.30454019E-01
3.69779360E-01  2.76012421E-02  1.31152540E-01
3.70169217E-01  -6.33430481E-02  1.31562874E-01
3.70559074E-01  1.23157501E-02  1.32423848E-01
3.70948931E-01  -1.77810669E-01  1.32668167E-01
3.71338788E-01  -1.96830750E-01  1.33275613E-01
3.71728645E-01  8.11767578E-03  1.34432390E-01
3.72118502E-01  -1.81064606E-02  1.35120705E-01
3.72508359E-01  -2.24525452E-01  1.35586575E-01
3.72898216E-01  5.60989380E-02  1.36126071E-01
3.73288073E-01  -1.78915024E-01  1.36545837E-01
3.73677930E-01  1.47172928E-01  1.37070075E-01
3.74067787E-01  -1.96365356E-01  1.37854770E-01
3.74457644E-01  -2.65626907E-01  1.38542041E-01
3.74847501E-01  -7.34081268E-02  1.39269844E-01
3.75237358E-01  -3.36853027E-01  1.39845833E-01
3.75627215E-01  -2.11421967E-01  1.40171498E-01
3.76017072E-01  -2.70296097E-01  1.40233532E-01
3.76406929E-01  -2.45994568E-01  1.41152352E-01
3.76796786E-01  -2.23672867E-01  1.41577572E-01
3.77186643E-01  -3.07222366E-01  1.41957119E-01
3.77576500E-01  -1.52631760E-01  1.43139511E-01
3.77966357E-01  7.06615448E-02  1.44114614E-01
3.78356214E-01  -2.44573593E-01  1.43842623E-01
3.78746071E-01  -3.74427795E-01  1.44287035E-01
3.79135928E-01  -2.22902298E-01  1.44921362E-01
3.79525785E-01  -2.32633591E-01  1.45497665E-01
3.79915642E-01  -3.29059601E-01  1.45540953E-01
3.80305499E-01  -2.75743484E-01  1.46531701E-01
3.80695356E-01  -2.33091354E-01  1.47034496E-01
3.81085213E-01  -1.45414352E-01  1.47386640E-01
3.81475070E-01  -9.07669067E-02  1.47771284E-01
3.81864927E-01  -4.08876419E-01  1.48288727E-01
3.82254784E-01  -4.12691116E-01  1.48829788E-01
3.82644641E-01  -5.96332550E-02  1.49180859E-01
3.83034498E-01  -5.41059494E-01  1.50241017E-01
3.83424355E-01  -3.98515701E-01  1.50253117E-01
3.83814212E-01  -4.19296265E-01  1.51520684E-01
3.84204069E-01  -4.33500290E-01  1.51838720E-01
3.84593926E-01  -2.20626831E-01  1.53154209E-01
3.84983783E-01  -6.20309830E-01  1.53392181E-01
3.85373640E-01  -5.06965637E-01  1.54578388E-01
3.85763497E-01  -1.74846649E-01  1.54843986E-01
3.86153354E-01  -4.46119308E-01  1.55192673E-01
3.86543211E-01  -4.36176300E-01  1.55894190E-01
3.86933068E-01  -1.66332245E-01  1.56647578E-01
3.87322925E-01  -1.16790771E-01  1.56866044E-01
3.87712782E-01  -4.44938660E-01  1.57180458E-01
3.88102639E-01  -1.66130066E-01  1.57831252E-01
3.88492496E-01  -1.66357040E-01  1.59046158E-01
3.88882353E-01  -2.01089859E-01  1.59036800E-01
3.89272210E-01  -2.71907806E-01  1.59312114E-01
3.89662067E-01  -4.33376312E-01  1.59876943E-01
3.90051924E-01  -5.81823349E-01  1.59602001E-01
3.90441781E-01  -4.96345520E-01  1.60175249E-01
3.90831638E-01  -5.38169861E-01  1.61374629E-01
3.91221495E-01  -2.24668503E-01  1.62034974E-01
3.91611352E-01  -3.95460129E-01  1.62167728E-01
3.92001209E-01  -4.09183502E-01  1.62912503E-01
3.92391066E-01  -3.71551514E-01  1.63649932E-01
3.92780923E-01  -6.28900528E-01  1.64333880E-01
3.93170780E-01  -3.67235184E-01  1.64827406E-01
3.93560637E-01  -4.24381256E-01  1.64702907E-01
3.93950494E-01  -2.75682449E-01  1.66138887E-01
3.94340351E-01  -4.70756531E-01  1.67019889E-01
3.94730208E-01  -4.51787949E-01  1.67617664E-01
3.95120065E-01  -8.00437927E-01  1.67489305E-01
3.95509922E-01  -3.76317978E-01  1.69109851E-01
3.95899779E-01  -7.71162033E-01  1.69465393E-01
3.96289636E-01  -6.23355865E-01  1.71218812E-01
3.96679493E-01  -3.99312973E-01  1.70749769E-01
3.97069350E-01  -8.97846222E-01  1.71942145E-01
3.97459207E-01  -8.68177414E-01  1.72351956E-01
3.97849064E-01  -5.61254501E-01  1.72453031E-01
3.98238921E-01  -5.14190674E-01  1.73905134E-01
3.98628778E-01  -1.18598938E-01  1.74732238E-01
3.99018635E-01  -3.12501907E-01  1.74524590E-01
3.99408492E-01  -5.76614380E-01  1.76668286E-01
3.99798349E-01  -5.18281937E-01  1.76813737E-01
4.00188206E-01  -4.30416107E-01  1.77624390E-01
4.00578063E-01  -7.33860016E-01  1.78393051E-01
4.00967920E-01  -8.06531906E-01  1.79452345E-01
4.01357777E-01  -6.95453644E-01  1.79382876E-01
4.01747634E-01  -3.93712997E-01  1.81065589E-01
4.02137491E-01  -4.84037399E-01  1.81179956E-01
4.02527348E-01  -4.99580383E-01  1.81642100E-01
4.02917205E-01  -3.23020935E-01  1.83241755E-01
4.03307062E-01  -6.43438339E-01  1.84014976E-01
4.03696919E-01  -1.95085526E-01  1.85211316E-01
4.04086776E-01  -7.25711823E-01  1.85963452E-01
4.04476633E-01  -6.89168930E-01  1.86853856E-01
4.04866490E-01  -5.63274384E-01  1.87131524E-01
4.05256347E-01  -2.92751312E-01  1.88667238E-01
4.05646204E-01  -5.20267487E-01  1.89567238E-01
4.06036061E-01  -5.25066376E-01  1.89465806E-01
4.06425918E-01  -6.31206512E-01  1.90263510E-01
4.06815775E-01  -7.56843567E-01  1.92172542E-01
4.07205632E-01  -8.61841202E-01  1.92817330E-01
4.07595489E-01  -1.10083199E+00  1.93535283E-01
4.07985346E-01  -8.99789810E-01  1.94572166E-01
4.08375203E-01  -8.30005646E-01  1.95875078E-01
4.08765060E-01  -7.30792999E-01  1.96346924E-01
4.09154917E-01  -6.79046631E-01  1.96979851E-01
4.09544774E-01  -5.72145462E-01  1.98194906E-01
4.09934631E-01  -3.39263916E-01  1.99746326E-01
4.10324488E-01  -5.80823898E-01  2.02515796E-01
4.10714345E-01  -7.09909439E-01  2.01498494E-01
4.11104202E-01  -7.77450562E-01  2.03298584E-01
4.11494059E-01  -3.57051849E-01  2.04171762E-01
4.11883916E-01  -5.49329758E-01  2.05686256E-01
4.12273773E-01  -5.59801102E-01  2.06549972E-01
4.12663630E-01  -8.10749054E-01  2.07386568E-01
4.13053487E-01  -7.45820999E-01  2.08232895E-01
4.13443344E-01  -8.74206543E-01  2.08747849E-01
4.13833201E-01  -1.07670975E+00  2.10637033E-01
4.14223058E-01  -1.11832809E+00  2.11944982E-01
4.14612915E-01  -1.27659225E+00  2.11901605E-01
4.15002772E-01  -7.56332397E-01  2.14847997E-01
4.15392629E-01  -7.96630859E-01  2.16463655E-01
4.15782486E-01  -8.82436752E-01  2.16036126E-01
4.16172343E-01  -7.74827957E-01  2.17373759E-01
4.16562200E-01  -8.09600830E-01  2.18165711E-01
4.16952057E-01  -7.23112106E-01  2.20631480E-01
4.17341914E-01  -7.68520355E-01  2.21924856E-01
4.17731771E-01  -9.23931122E-01  2.23211035E-01
4.18121628E-01  -9.06806946E-01  2.23757446E-01
4.18511485E-01  -9.37355042E-01  2.25632891E-01
4.18901342E-01  -8.39353561E-01  2.27002710E-01
4.19291199E-01  -6.72157288E-01  2.28323251E-01
4.19681056E-01  -1.00174904E+00  2.30232388E-01
4.20070912E-01  -1.01952744E+00  2.31632173E-01
4.20460769E-01  -9.88216400E-01  2.32870504E-01
4.20850626E-01  -8.00556183E-01  2.34726012E-01
4.21240483E-01  -1.21222687E+00  2.35758752E-01
4.21630340E-01  -1.47155190E+00  2.38093019E-01
4.22020197E-01  -1.20767975E+00  2.38464937E-01
4.22410054E-01  -9.76715088E-01  2.41367564E-01
4.22799911E-01  -8.52533340E-01  2.42709160E-01
4.23189768E-01  -9.23858643E-01  2.44188786E-01
4.23579625E-01  -8.70246887E-01  2.45396256E-01
4.23969482E-01  -7.74417877E-01  2.47611150E-01
4.24359339E-01  -9.15220261E-01  2.48100251E-01
4.24749196E-01  -3.47774506E-01  2.51184672E-01
4.25139053E-01  -9.47235107E-01  2.54429758E-01
4.25528910E-01  -9.94583130E-01  2.54773349E-01
4.25918767E-01  -9.13965225E-01  2.56609201E-01
4.26308624E-01  -1.06434822E+00  2.58155107E-01
4.26698481E-01  -7.73342133E-01  2.59318680E-01
4.27088338E-01  -6.89992905E-01  2.62952447E-01
4.27478195E-01  -8.77546310E-01  2.63333142E-01
4.27868052E-01  -1.26384163E+00  2.65206784E-01
4.28257909E-01  -1.25411797E+00  2.65996039E-01
4.28647766E-01  -8.78633499E-01  2.67334431E-01
4.29037623E-01  -6.62187576E-01  2.70468682E-01
4.29427480E-01  -1.42997169E+00  2.69757301E-01
4.29817337E-01  -1.38727760E+00  2.73830771E-01
4.30207194E-01  -1.29096794E+00  2.74872392E-01
4.30597051E-01  -1.05645370E+00  2.76672274E-01
4.30986908E-01  -1.31482887E+00  2.78188735E-01
4.31376765E-01  -8.83541107E-01  2.80867875E-01
4.31766622E-01  -1.60419846E+00  2.82030821E-01
4.32156479E-01  -1.82453346E+00  2.82856524E-01
4.32546336E-01  -1.32323456E+00  2.87688076E-01
4.32936193E-01  -8.28325272E-01  2.90173143E-01
4.33326050E-01  -8.48779678E-01  2.91435033E-01
4.33715907E-01  -9.16862488E-01  2.95974195E-01
4.34105764E-01  -1.53785706E+00  2.99077243E-01
4.34495621E-01  -1.17502785E+00  3.02421927E-01
4.34885478E-01  -1.20691872E+00  3.04063857E-01
4.35275335E-01  -8.19784164E-01  3.05673659E-01
4.35665192E-01  -1.44430542E+00  3.09744000E-01
4.36055049E-01  -1.03989410E+00  3.12542021E-01
4.36444906E-01  -6.65960312E-01  3.16299230E-01
4.36834763E-01  -1.19747734E+00  3.17394614E-01
4.37224620E-01  -1.90968513E+00  3.23241651E-01
4.37614477E-01  -1.70783615E+00  3.23504865E-01
4.38004334E-01  -1.08036995E+00  3.25676084E-01
4.38394191E-01  -1.40466690E+00  3.31619769E-01
4.38784048E-01  -1.03130913E+00  3.35005343E-01
4.39173905E-01  -6.35456085E-01  3.37051034E-01
4.39563762E-01  -5.45532227E-01  3.40158194E-01
4.39953619E-01  -5.55374146E-01  3.41948867E-01
4.40343476E-01  -1.07345963E+00  3.43044221E-01
4.40733333E-01  -1.36458588E+00  3.48312080E-01
4.41123190E-01  -1.32337952E+00  3.49651873E-01
4.41513047E-01  -1.04819489E+00  3.53233337E-01
4.41902904E-01  -1.51009560E+00  3.49392831E-01
4.42292761E-01  -1.46960640E+00  3.51628214E-01
4.42682618E-01  -1.49093246E+00  3.56349945E-01
4.43072475E-01  -1.16428375E+00  3.61475825E-01
4.43462332E-01  -1.59745407E+00  3.58372062E-01
4.43852189E-01  -1.22674179E+00  3.62078786E-01
4.44242046E-01  -1.45511055E+00  3.64203781E-01
4.44631903E-01  -1.37288284E+00  3.66059422E-01
4.45021760E-01  -4.96307373E-01  3.68695438E-01
4.45411617E-01  -1.40926361E+00  3.73130083E-01
4.45801474E-01  -1.88090706E+00  3.75699550E-01
4.46191331E-01  -1.81408501E+00  3.74823242E-01
4.46581188E-01  -1.80274582E+00  3.78165245E-01
4.46971045E-01  -1.28451729E+00  3.74807388E-01
4.47360902E-01  -1.63675117E+00  3.82660389E-01
4.47750759E-01  -1.84379959E+00  3.82239074E-01
4.48140616E-01  -1.28499222E+00  3.86226982E-01
4.48530473E-01  -1.15373039E+00  3.91136706E-01
4.48920330E-01  -8.29807281E-01  3.91274035E-01
4.49310187E-01  -1.03033066E+00  3.91145766E-01
4.49700044E-01  -1.21391869E+00  3.95244420E-01
4.50089901E-01  -1.68305588E+00  3.96776706E-01
4.50479758E-01  -1.74888802E+00  4.01680112E-01
4.50869615E-01  -1.86096001E+00  4.02002454E-01
4.51259472E-01  -9.42686081E-01  4.00227755E-01
4.51649329E-01  -5.08178711E-01  4.07170713E-01
4.52039186E-01  -1.62746429E+00  4.07145500E-01
4.52429043E-01  -2.06798744E+00  4.09616977E-01
4.52818900E-01  -2.25338745E+00  4.10359204E-01
4.53208757E-01  -1.28670120E+00  4.14500207E-01
4.53598614E-01  -9.84113693E-01  4.18626219E-01
4.53988471E-01  -1.92085838E+00  4.19475168E-01
4.54378328E-01  -1.24259377E+00  4.21196818E-01


### HEADER:
#
#{
#    "analysis": {},
#    "calibration_params": {
#        "Beam_Center_X": 644.3978066834728,
#        "Beam_Center_Y": 752.0474301231778,
#        "Detector Tilt": 0.08709704591626237,
#        "Detector Tilt Plane Rotation": 95.0001420643864,
#        "Detector_X_Pixel_Size": 172.0,
#        "Detector_Y_Pixel_Size": 172.0,
#        "Integration Method": "full_csr",
#        "Radial_Average_Method": "pyFAI",
#        "Sample-to-detector distance (mm)": 2676.5799098693146,
#        "Wavelength (A)": 1.0332016536100022
#    },
#    "config_file": "D:\\Desktop\\20241114.cfg",
#    "filename": "S_LK-4_00012.dat",
#    "history": {
#        "subtraction": {
#            "initial_file": [
#                "LK-4_00012.tif"
#            ],
#            "subtracted_file": [
#                "LK-0_00001.tif"
#            ]
#        }
#    },
#    "imageHeader": {
#        "Count_cutoff": "1409688 counts",
#        "Excluded_pixels": "badpix_mask.tif",
#        "Exposure_period": "1.0000000 s",
#        "Exposure_time": "1.0000000 s",
#        "Flat_field": "FF_p24-0163_E8048_T4024_vrf_m0p100.tif",
#        "Gain_setting": "autog (vrf = 1.000)",
#        "Image_path": "/public/Data/2024/202411/20241115/sunrui/",
#        "N_excluded_pixels": "61",
#        "Pixel_size": "172e-6 m x 172e-6 m",
#        "Ratecorr_lut_directory": "ContinuousStandard_v1.1",
#        "Retrigger_mode": "1",
#        "Silicon": "sensor, thickness 0.000450",
#        "Start_angle": "0.0000 deg.",
#        "Tau": "0 s",
#        "Threshold_setting": "4024 eV",
#        "Trim_file": "p24-0163_E8048_T4024.bin"
#    },
#    "normalizations": {
#        "Polarization": {
#            "Used": false
#        },
#        "Solid_Angle_Correction": "On"
#    },
#    "raw_version": "2.2.2",
#    "unit": ""
#}

