### DATA:
#
# 1150
#      Q             I(Q)           Error     
6.43264042E-03  1.72040710E+02  4.11076403E+00
6.82249742E-03  1.53628998E+02  3.27514648E+00
7.21235441E-03  1.48498596E+02  2.77149367E+00
7.60221141E-03  1.40606628E+02  2.37293243E+00
7.99206840E-03  1.32555557E+02  2.12906146E+00
8.38192540E-03  1.28681808E+02  1.93222833E+00
8.77178240E-03  1.25966080E+02  1.76695085E+00
9.16163939E-03  1.20120346E+02  1.62620139E+00
9.55149639E-03  1.14945496E+02  1.50288606E+00
9.94135338E-03  1.09777306E+02  1.39020300E+00
1.03312104E-02  1.05827675E+02  1.29583728E+00
1.07210674E-02  1.04004677E+02  1.21322453E+00
1.11109244E-02  1.00532875E+02  1.14576292E+00
1.15007814E-02  9.59560165E+01  1.08540869E+00
1.18906384E-02  9.27513733E+01  1.02260792E+00
1.22804954E-02  9.03435593E+01  9.71099019E-01
1.26703523E-02  8.87868805E+01  9.26338196E-01
1.30602093E-02  8.57007141E+01  8.87356758E-01
1.34500663E-02  8.32756958E+01  8.50611269E-01
1.38399233E-02  8.08015594E+01  8.18430543E-01
1.42297803E-02  8.02197418E+01  7.88573146E-01
1.46196373E-02  7.79539490E+01  7.63649762E-01
1.50094943E-02  7.51681137E+01  7.32702017E-01
1.53993513E-02  7.44305115E+01  7.12660491E-01
1.57892083E-02  7.24706268E+01  6.88989222E-01
1.61790653E-02  7.06016693E+01  6.68430030E-01
1.65689223E-02  6.89694214E+01  6.48525178E-01
1.69587793E-02  6.71449280E+01  6.32276773E-01
1.73486363E-02  6.56629944E+01  6.18520677E-01
1.77384933E-02  6.40646057E+01  5.97847998E-01
1.81283503E-02  6.21609802E+01  5.85873306E-01
1.85182073E-02  6.05021553E+01  5.70932329E-01
1.89080643E-02  5.87775650E+01  5.55730462E-01
1.92979213E-02  5.81886444E+01  5.44034958E-01
1.96877783E-02  5.70462914E+01  5.35683036E-01
2.00776353E-02  5.43907394E+01  5.19346952E-01
2.04674923E-02  5.33083038E+01  5.10396600E-01
2.08573493E-02  5.11575851E+01  5.00860453E-01
2.12472062E-02  5.17060280E+01  4.90747333E-01
2.16370632E-02  5.10091934E+01  4.81549144E-01
2.20269202E-02  4.86793289E+01  4.69992101E-01
2.24167772E-02  4.79757385E+01  4.63926524E-01
2.28066342E-02  4.73267517E+01  4.54226702E-01
2.31964912E-02  4.48891525E+01  4.45690155E-01
2.35863482E-02  4.32263641E+01  4.37205046E-01
2.39762052E-02  4.22646103E+01  4.31249350E-01
2.43660622E-02  4.15933990E+01  4.23501760E-01
2.47559192E-02  4.07913361E+01  4.16995555E-01
2.51457762E-02  3.95220184E+01  4.10154074E-01
2.55356332E-02  3.85717125E+01  4.04206514E-01
2.59254902E-02  3.81652412E+01  3.99277329E-01
2.63153472E-02  3.74316750E+01  3.92654985E-01
2.67052042E-02  3.66434746E+01  3.87694687E-01
2.70950612E-02  3.53885803E+01  3.81499320E-01
2.74849182E-02  3.40630836E+01  3.75579149E-01
2.78747752E-02  3.35369835E+01  3.72162789E-01
2.82646322E-02  3.32182007E+01  3.67305726E-01
2.86544892E-02  3.20554276E+01  3.62370789E-01
2.90443462E-02  3.12300758E+01  3.57376784E-01
2.94342031E-02  3.11295948E+01  3.54338616E-01
2.98240601E-02  3.06131840E+01  3.48186225E-01
3.02139171E-02  2.94933414E+01  3.42949480E-01
3.06037741E-02  2.81559868E+01  3.44011247E-01
3.09936311E-02  2.71367779E+01  3.45242888E-01
3.13834881E-02  2.63918705E+01  3.46660584E-01
3.17733451E-02  2.65489254E+01  3.46504748E-01
3.21632021E-02  2.59243927E+01  3.45980376E-01
3.25530591E-02  2.47454262E+01  3.43904257E-01
3.29429161E-02  2.44176846E+01  3.43575120E-01
3.33327731E-02  2.38733730E+01  3.40780169E-01
3.37226301E-02  2.39266453E+01  3.37747663E-01
3.41124871E-02  2.32070198E+01  3.37960005E-01
3.45023441E-02  2.24203720E+01  3.35879177E-01
3.48922011E-02  2.18247395E+01  3.32463831E-01
3.52820581E-02  2.15230179E+01  3.30018491E-01
3.56719151E-02  2.11176167E+01  3.29198331E-01
3.60617721E-02  2.04609871E+01  3.28167558E-01
3.64516291E-02  1.92748451E+01  3.25301588E-01
3.68414861E-02  1.90691395E+01  3.25072289E-01
3.72313431E-02  1.89726486E+01  3.21707338E-01
3.76212001E-02  1.86140652E+01  3.14980865E-01
3.80110570E-02  1.83975697E+01  3.07290941E-01
3.84009140E-02  1.81288471E+01  3.00100476E-01
3.87907710E-02  1.74411488E+01  2.96910197E-01
3.91806280E-02  1.71837502E+01  2.93116450E-01
3.95704850E-02  1.65691910E+01  2.88105160E-01
3.99603420E-02  1.62020435E+01  2.86314726E-01
4.03501990E-02  1.65013046E+01  2.82403469E-01
4.07400560E-02  1.62279892E+01  2.81106532E-01
4.11299130E-02  1.55420036E+01  2.77849615E-01
4.15197700E-02  1.51126308E+01  2.75503218E-01
4.19096270E-02  1.46397076E+01  2.72296458E-01
4.22994840E-02  1.43578510E+01  2.70171702E-01
4.26893410E-02  1.44930611E+01  2.66531795E-01
4.30791980E-02  1.40712662E+01  2.61459798E-01
4.34690550E-02  1.39592915E+01  2.58171588E-01
4.38589120E-02  1.29400864E+01  2.56359279E-01
4.42487690E-02  1.27478123E+01  2.53371537E-01
4.46386260E-02  1.30845108E+01  2.52387404E-01
4.50284830E-02  1.28039608E+01  2.49926493E-01
4.54183400E-02  1.22031536E+01  2.49891967E-01
4.58081970E-02  1.22027988E+01  2.49617428E-01
4.61980539E-02  1.19639645E+01  2.49396533E-01
4.65879109E-02  1.19821892E+01  2.49944612E-01
4.69777679E-02  1.18791752E+01  2.50255167E-01
4.73676249E-02  1.13124275E+01  2.50990093E-01
4.77574819E-02  1.12213020E+01  2.51288384E-01
4.81473389E-02  1.12538528E+01  2.49766901E-01
4.85371959E-02  1.09253502E+01  2.49546841E-01
4.89270529E-02  1.04587898E+01  2.48147413E-01
4.93169099E-02  1.04618435E+01  2.48550355E-01
4.97067669E-02  1.05345879E+01  2.48636216E-01
5.00966239E-02  1.03962116E+01  2.46905223E-01
5.04864809E-02  9.88836479E+00  2.46840701E-01
5.08763379E-02  9.90475845E+00  2.45450363E-01
5.12661949E-02  9.81918526E+00  2.44240373E-01
5.16560519E-02  9.52468300E+00  2.44221106E-01
5.20459089E-02  9.39431763E+00  2.44878784E-01
5.24357659E-02  9.16105080E+00  2.42446527E-01
5.28256229E-02  9.23606873E+00  2.40004212E-01
5.32154799E-02  8.83203316E+00  2.36657962E-01
5.36053369E-02  8.84696198E+00  2.33178824E-01
5.39951939E-02  8.93864632E+00  2.31290862E-01
5.43850509E-02  8.73138046E+00  2.29479790E-01
5.47749078E-02  8.28926277E+00  2.27763459E-01
5.51647648E-02  7.92633438E+00  2.25321382E-01
5.55546218E-02  8.21102142E+00  2.24111855E-01
5.59444788E-02  8.08750916E+00  2.22798258E-01
5.63343358E-02  7.89486122E+00  2.21042484E-01
5.67241928E-02  7.82769203E+00  2.19131768E-01
5.71140498E-02  7.78637123E+00  2.18297899E-01
5.75039068E-02  7.42126274E+00  2.16758326E-01
5.78937638E-02  7.42716980E+00  2.15489566E-01
5.82836208E-02  7.23354149E+00  2.15322047E-01
5.86734778E-02  6.72918320E+00  2.16974422E-01
5.90633348E-02  6.92857170E+00  2.18190521E-01
5.94531918E-02  6.82387161E+00  2.18565762E-01
5.98430488E-02  7.01612854E+00  2.18246430E-01
6.02329058E-02  7.01683426E+00  2.18365088E-01
6.06227628E-02  6.87043190E+00  2.18546584E-01
6.10126198E-02  6.42604828E+00  2.19012037E-01
6.14024768E-02  6.58659744E+00  2.17489302E-01
6.17923338E-02  6.49725723E+00  2.13633195E-01
6.21821908E-02  6.50014305E+00  2.11238965E-01
6.25720478E-02  6.18348312E+00  2.10067824E-01
6.29619048E-02  6.29316711E+00  2.08646744E-01
6.33517617E-02  5.99159622E+00  2.07375199E-01
6.37416187E-02  5.74351120E+00  2.06391051E-01
6.41314757E-02  6.33422089E+00  2.04797342E-01
6.45213327E-02  6.18715477E+00  2.03974724E-01
6.49111897E-02  5.71151924E+00  2.02199668E-01
6.53010467E-02  5.94019127E+00  2.01112121E-01
6.56909037E-02  5.69266129E+00  2.00208053E-01
6.60807607E-02  6.07320023E+00  1.99687451E-01
6.64706177E-02  5.89956284E+00  1.98227882E-01
6.68604747E-02  5.98480225E+00  1.96879521E-01
6.72503317E-02  5.88664818E+00  1.95657879E-01
6.76401887E-02  5.71128654E+00  1.94877759E-01
6.80300457E-02  5.86709213E+00  1.94262132E-01
6.84199027E-02  5.71238518E+00  1.92608565E-01
6.88097597E-02  5.84543991E+00  1.92192405E-01
6.91996167E-02  5.34826469E+00  1.90951422E-01
6.95894737E-02  5.38241577E+00  1.90614343E-01
6.99793307E-02  5.46037483E+00  1.89138442E-01
7.03691877E-02  5.35589790E+00  1.89971969E-01
7.07590447E-02  5.09474564E+00  1.88501358E-01
7.11489017E-02  5.45116234E+00  1.88282505E-01
7.15387586E-02  5.45412445E+00  1.87987447E-01
7.19286156E-02  5.48351860E+00  1.86283857E-01
7.23184726E-02  5.43705368E+00  1.85724631E-01
7.27083296E-02  5.08989143E+00  1.85699508E-01
7.30981866E-02  5.41544151E+00  1.85030907E-01
7.34880436E-02  4.99520683E+00  1.84169531E-01
7.38779006E-02  4.90476036E+00  1.83214337E-01
7.42677576E-02  4.85317612E+00  1.83490127E-01
7.46576146E-02  4.89175987E+00  1.82103574E-01
7.50474716E-02  5.46609116E+00  1.82060018E-01
7.54373286E-02  5.52045059E+00  1.80442706E-01
7.58271856E-02  4.98790932E+00  1.79502130E-01
7.62170426E-02  4.98551178E+00  1.79057375E-01
7.66068996E-02  5.25054741E+00  1.78383306E-01
7.69967566E-02  5.11456299E+00  1.78032830E-01
7.73866136E-02  5.11005402E+00  1.77557722E-01
7.77764706E-02  4.93781471E+00  1.76926583E-01
7.81663276E-02  4.77351952E+00  1.75688654E-01
7.85561846E-02  5.23664284E+00  1.75376251E-01
7.89460416E-02  4.90984917E+00  1.74913064E-01
7.93358986E-02  4.74708939E+00  1.74898610E-01
7.97257556E-02  4.56959724E+00  1.74838021E-01
8.01156125E-02  4.77304077E+00  1.73846826E-01
8.05054695E-02  5.05772209E+00  1.74246386E-01
8.08953265E-02  5.06999016E+00  1.73349768E-01
8.12851835E-02  4.77044487E+00  1.72513440E-01
8.16750405E-02  4.77109337E+00  1.72526151E-01
8.20648975E-02  4.74374771E+00  1.71679392E-01
8.24547545E-02  4.83476257E+00  1.70962825E-01
8.28446115E-02  4.82621765E+00  1.70763671E-01
8.32344685E-02  4.99395943E+00  1.69847786E-01
8.36243255E-02  4.43145943E+00  1.69871286E-01
8.40141825E-02  4.70526123E+00  1.69222131E-01
8.44040395E-02  4.49687958E+00  1.68413952E-01
8.47938965E-02  4.62253952E+00  1.68519467E-01
8.51837535E-02  4.70333290E+00  1.68399736E-01
8.55736105E-02  4.85536575E+00  1.67566121E-01
8.59634675E-02  4.75885010E+00  1.67475209E-01
8.63533245E-02  4.03641891E+00  1.66795939E-01
8.67431815E-02  4.19331932E+00  1.66044444E-01
8.71330385E-02  4.35389709E+00  1.65552720E-01
8.75228955E-02  4.43987656E+00  1.65816009E-01
8.79127525E-02  4.71391869E+00  1.64801583E-01
8.83026094E-02  4.76521301E+00  1.64652839E-01
8.86924664E-02  4.49256897E+00  1.63973898E-01
8.90823234E-02  4.56460190E+00  1.63443267E-01
8.94721804E-02  4.49871445E+00  1.63436994E-01
8.98620374E-02  4.38707733E+00  1.62574202E-01
9.02518944E-02  4.60686302E+00  1.62664473E-01
9.06417514E-02  4.55460167E+00  1.62045494E-01
9.10316084E-02  4.31907272E+00  1.61402196E-01
9.14214654E-02  4.63042259E+00  1.60964310E-01
9.18113224E-02  4.54539871E+00  1.60410732E-01
9.22011794E-02  4.42274284E+00  1.60077080E-01
9.25910364E-02  4.30540466E+00  1.59309760E-01
9.29808934E-02  4.16848564E+00  1.58886954E-01
9.33707504E-02  4.24369621E+00  1.58771694E-01
9.37606074E-02  4.35992432E+00  1.58347562E-01
9.41504644E-02  4.18432236E+00  1.58508241E-01
9.45403214E-02  4.58792305E+00  1.57910958E-01
9.49301784E-02  4.44028664E+00  1.57527789E-01
9.53200354E-02  4.47710609E+00  1.56706691E-01
9.57098924E-02  4.48200417E+00  1.56624764E-01
9.60997494E-02  4.21700668E+00  1.56388402E-01
9.64896064E-02  4.22661591E+00  1.56197071E-01
9.68794633E-02  4.42669487E+00  1.55624956E-01
9.72693203E-02  4.30309105E+00  1.55242205E-01
9.76591773E-02  4.67259598E+00  1.54584736E-01
9.80490343E-02  4.62691116E+00  1.55000553E-01
9.84388913E-02  4.59733772E+00  1.54447198E-01
9.88287483E-02  4.30664062E+00  1.54119551E-01
9.92186053E-02  4.43386650E+00  1.53954372E-01
9.96084623E-02  4.26129913E+00  1.53712153E-01
9.99983193E-02  4.20153427E+00  1.52844444E-01
1.00388176E-01  4.52537918E+00  1.52267784E-01
1.00778033E-01  4.44356918E+00  1.52264714E-01
1.01167890E-01  4.15231895E+00  1.51846617E-01
1.01557747E-01  4.23531151E+00  1.51464731E-01
1.01947604E-01  4.25147820E+00  1.51290998E-01
1.02337461E-01  4.01847267E+00  1.50739595E-01
1.02727318E-01  4.21593857E+00  1.50504574E-01
1.03117175E-01  4.30811691E+00  1.50501534E-01
1.03507032E-01  4.43572807E+00  1.50315881E-01
1.03896889E-01  4.33767128E+00  1.49895355E-01
1.04286746E-01  4.26863861E+00  1.49243802E-01
1.04676603E-01  4.20962334E+00  1.48942083E-01
1.05066460E-01  4.15634537E+00  1.48373172E-01
1.05456317E-01  4.39922905E+00  1.48598477E-01
1.05846174E-01  4.31884575E+00  1.48104981E-01
1.06236031E-01  4.27221489E+00  1.47069156E-01
1.06625888E-01  4.42911339E+00  1.47116780E-01
1.07015745E-01  4.47933769E+00  1.47076070E-01
1.07405602E-01  4.43859100E+00  1.46646217E-01
1.07795459E-01  4.16017532E+00  1.46605343E-01
1.08185316E-01  4.51410294E+00  1.46782801E-01
1.08575173E-01  4.43695259E+00  1.45713732E-01
1.08965030E-01  4.33727074E+00  1.45833388E-01
1.09354887E-01  4.18994522E+00  1.45367041E-01
1.09744744E-01  4.20208359E+00  1.45143464E-01
1.10134601E-01  4.40493393E+00  1.44478709E-01
1.10524458E-01  4.37310982E+00  1.44823119E-01
1.10914315E-01  4.26298332E+00  1.44619286E-01
1.11304172E-01  4.32158470E+00  1.43807560E-01
1.11694029E-01  4.62748718E+00  1.43487856E-01
1.12083886E-01  4.48341179E+00  1.43213615E-01
1.12473743E-01  4.26148987E+00  1.42822087E-01
1.12863600E-01  4.40309715E+00  1.42800108E-01
1.13253457E-01  4.22140884E+00  1.42974943E-01
1.13643314E-01  4.17703629E+00  1.44255549E-01
1.14033171E-01  4.40210533E+00  1.45175517E-01
1.14423028E-01  4.39174843E+00  1.45353734E-01
1.14812885E-01  4.42844200E+00  1.45377889E-01
1.15202742E-01  4.42765999E+00  1.45448446E-01
1.15592599E-01  4.33997726E+00  1.46000236E-01
1.15982456E-01  4.28012466E+00  1.46440849E-01
1.16372313E-01  4.25085068E+00  1.46188259E-01
1.16762170E-01  4.14729881E+00  1.46697745E-01
1.17152027E-01  4.27155495E+00  1.46573037E-01
1.17541884E-01  4.24383926E+00  1.46368220E-01
1.17931741E-01  4.34171486E+00  1.46738932E-01
1.18321598E-01  4.51160049E+00  1.46425650E-01
1.18711455E-01  4.48978615E+00  1.47055805E-01
1.19101312E-01  4.38468361E+00  1.46716848E-01
1.19491169E-01  4.37296867E+00  1.47105172E-01
1.19881026E-01  4.44486237E+00  1.46339580E-01
1.20270883E-01  4.45522881E+00  1.46231487E-01
1.20660740E-01  4.28924179E+00  1.44561797E-01
1.21050597E-01  4.46582031E+00  1.43874720E-01
1.21440454E-01  4.54411507E+00  1.43780336E-01
1.21830311E-01  4.43872452E+00  1.42185032E-01
1.22220168E-01  4.31083488E+00  1.41550362E-01
1.22610025E-01  4.26984024E+00  1.40648216E-01
1.22999882E-01  4.20095634E+00  1.40745521E-01
1.23389739E-01  4.30228043E+00  1.40368015E-01
1.23779596E-01  4.35001183E+00  1.40164405E-01
1.24169453E-01  4.32999420E+00  1.39748126E-01
1.24559310E-01  4.44258690E+00  1.38842642E-01
1.24949167E-01  4.42343330E+00  1.38468280E-01
1.25339024E-01  4.59043884E+00  1.38452232E-01
1.25728881E-01  4.28178406E+00  1.38179928E-01
1.26118738E-01  4.21532059E+00  1.37794122E-01
1.26508595E-01  4.38387871E+00  1.37025833E-01
1.26898452E-01  4.46427536E+00  1.37256294E-01
1.27288309E-01  4.20412636E+00  1.36671364E-01
1.27678166E-01  4.34353065E+00  1.36449069E-01
1.28068023E-01  4.40982628E+00  1.35910049E-01
1.28457880E-01  4.31950378E+00  1.36620566E-01
1.28847737E-01  4.52825165E+00  1.36942297E-01
1.29237594E-01  4.56702614E+00  1.37547389E-01
1.29627451E-01  4.60728455E+00  1.37764975E-01
1.30017308E-01  4.50868416E+00  1.37855381E-01
1.30407165E-01  4.71362877E+00  1.37935773E-01
1.30797022E-01  4.42153549E+00  1.37954950E-01
1.31186879E-01  4.47249985E+00  1.38145998E-01
1.31576736E-01  4.57436943E+00  1.38992235E-01
1.31966593E-01  4.27676392E+00  1.40815526E-01
1.32356450E-01  4.46757698E+00  1.41658589E-01
1.32746307E-01  4.51326942E+00  1.42516598E-01
1.33136164E-01  4.98759651E+00  1.42907917E-01
1.33526021E-01  4.99855423E+00  1.43792763E-01
1.33915878E-01  4.63013458E+00  1.44377321E-01
1.34305735E-01  4.39095879E+00  1.44358799E-01
1.34695592E-01  4.51045990E+00  1.44430816E-01
1.35085449E-01  4.67741394E+00  1.42955676E-01
1.35475306E-01  4.77466774E+00  1.41290054E-01
1.35865163E-01  4.67453957E+00  1.39831379E-01
1.36255020E-01  4.80549240E+00  1.38754651E-01
1.36644877E-01  4.45960617E+00  1.37593195E-01
1.37034734E-01  4.51292229E+00  1.36868626E-01
1.37424591E-01  4.50469208E+00  1.36406332E-01
1.37814448E-01  4.36573219E+00  1.35287389E-01
1.38204305E-01  4.38777542E+00  1.35241553E-01
1.38594162E-01  4.39130020E+00  1.35077551E-01
1.38984019E-01  4.35394859E+00  1.34390891E-01
1.39373876E-01  4.42395592E+00  1.34529471E-01
1.39763733E-01  4.47286415E+00  1.33925989E-01
1.40153590E-01  4.40382385E+00  1.33432955E-01
1.40543447E-01  4.27995110E+00  1.32709622E-01
1.40933304E-01  4.30803299E+00  1.32742926E-01
1.41323161E-01  4.40009880E+00  1.31777287E-01
1.41713018E-01  4.44042397E+00  1.31549016E-01
1.42102875E-01  4.41123199E+00  1.31030157E-01
1.42492732E-01  4.22369194E+00  1.31125689E-01
1.42882589E-01  4.31188965E+00  1.30239353E-01
1.43272446E-01  4.52370834E+00  1.30529508E-01
1.43662303E-01  4.73323822E+00  1.30309835E-01
1.44052160E-01  4.43508911E+00  1.30290896E-01
1.44442017E-01  4.18129539E+00  1.30003944E-01
1.44831874E-01  4.40889359E+00  1.29432216E-01
1.45221731E-01  4.41049004E+00  1.29133344E-01
1.45611588E-01  4.14315033E+00  1.29114747E-01
1.46001445E-01  4.53223991E+00  1.28598347E-01
1.46391302E-01  4.40697098E+00  1.28534660E-01
1.46781159E-01  4.32273483E+00  1.28034011E-01
1.47171016E-01  4.37023354E+00  1.28002167E-01
1.47560873E-01  4.33548355E+00  1.27780974E-01
1.47950730E-01  4.27169991E+00  1.27497554E-01
1.48340587E-01  4.03951645E+00  1.26974806E-01
1.48730444E-01  4.24608803E+00  1.27201140E-01
1.49120301E-01  4.47246933E+00  1.26981065E-01
1.49510158E-01  4.56330681E+00  1.26614168E-01
1.49900015E-01  4.42416382E+00  1.26701325E-01
1.50289872E-01  4.29545021E+00  1.25943691E-01
1.50679729E-01  4.34331894E+00  1.26185015E-01
1.51069586E-01  4.24161339E+00  1.25721350E-01
1.51459443E-01  4.27402496E+00  1.25458255E-01
1.51849300E-01  4.27141762E+00  1.25449672E-01
1.52239157E-01  4.23240852E+00  1.24948479E-01
1.52629014E-01  4.54448509E+00  1.25027582E-01
1.53018871E-01  4.07937813E+00  1.24642454E-01
1.53408728E-01  4.36736488E+00  1.24712825E-01
1.53798585E-01  4.21255875E+00  1.24556638E-01
1.54188442E-01  4.29503441E+00  1.24090172E-01
1.54578299E-01  4.32285118E+00  1.23699322E-01
1.54968156E-01  4.09404945E+00  1.23634726E-01
1.55358013E-01  4.19792938E+00  1.23054586E-01
1.55747870E-01  4.46310043E+00  1.22853287E-01
1.56137727E-01  4.35935020E+00  1.22916922E-01
1.56527584E-01  4.25492096E+00  1.22426778E-01
1.56917441E-01  4.11897469E+00  1.22690842E-01
1.57307298E-01  4.17811012E+00  1.22042611E-01
1.57697155E-01  4.18528175E+00  1.22027427E-01
1.58087012E-01  4.10446358E+00  1.21822156E-01
1.58476869E-01  4.09431076E+00  1.21706352E-01
1.58866726E-01  4.02972603E+00  1.21335171E-01
1.59256583E-01  4.25626373E+00  1.21207841E-01
1.59646440E-01  4.29922867E+00  1.21292777E-01
1.60036297E-01  4.19023895E+00  1.20753236E-01
1.60426154E-01  4.17440796E+00  1.20626435E-01
1.60816011E-01  4.14786148E+00  1.20542832E-01
1.61205868E-01  4.02435493E+00  1.20375954E-01
1.61595725E-01  4.14336586E+00  1.20017409E-01
1.61985582E-01  4.22781944E+00  1.19884796E-01
1.62375439E-01  4.06093979E+00  1.19625121E-01
1.62765296E-01  3.95703125E+00  1.19514331E-01
1.63155153E-01  4.18719673E+00  1.19259678E-01
1.63545010E-01  3.81808281E+00  1.19099304E-01
1.63934867E-01  4.09150124E+00  1.19105414E-01
1.64324724E-01  3.86559105E+00  1.18564673E-01
1.64714581E-01  3.78209496E+00  1.18270859E-01
1.65104438E-01  4.01091766E+00  1.18414544E-01
1.65494295E-01  4.21845055E+00  1.18200332E-01
1.65884152E-01  4.11006355E+00  1.17909566E-01
1.66274009E-01  4.03295708E+00  1.17826737E-01
1.66663866E-01  4.16695786E+00  1.17654167E-01
1.67053723E-01  4.07668686E+00  1.17326088E-01
1.67443580E-01  4.03453445E+00  1.17109962E-01
1.67833437E-01  3.87288094E+00  1.17246345E-01
1.68223293E-01  3.95877266E+00  1.17077962E-01
1.68613150E-01  3.76812935E+00  1.16795450E-01
1.69003007E-01  3.87143517E+00  1.16431125E-01
1.69392864E-01  3.84075356E+00  1.16373681E-01
1.69782721E-01  3.62081528E+00  1.16038933E-01
1.70172578E-01  3.68235779E+00  1.15978606E-01
1.70562435E-01  4.11298561E+00  1.15678251E-01
1.70952292E-01  4.18302917E+00  1.15587555E-01
1.71342149E-01  4.00454140E+00  1.15638532E-01
1.71732006E-01  3.75642586E+00  1.15721904E-01
1.72121863E-01  3.97760773E+00  1.15301095E-01
1.72511720E-01  3.83970261E+00  1.15230694E-01
1.72901577E-01  3.81695938E+00  1.14790127E-01
1.73291434E-01  3.73600578E+00  1.14476830E-01
1.73681291E-01  3.80763817E+00  1.14410669E-01
1.74071148E-01  3.84627342E+00  1.14279851E-01
1.74461005E-01  4.03584480E+00  1.13941260E-01
1.74850862E-01  3.89746857E+00  1.13819160E-01
1.75240719E-01  3.75307465E+00  1.13723651E-01
1.75630576E-01  3.78036690E+00  1.13461867E-01
1.76020433E-01  3.57767296E+00  1.13034658E-01
1.76410290E-01  3.58658600E+00  1.13012560E-01
1.76800147E-01  3.75405693E+00  1.13048926E-01
1.77190004E-01  3.61576462E+00  1.12959899E-01
1.77579861E-01  3.55016708E+00  1.12771749E-01
1.77969718E-01  3.56235313E+00  1.12328790E-01
1.78359575E-01  3.60025215E+00  1.12267420E-01
1.78749432E-01  3.98083878E+00  1.12201512E-01
1.79139289E-01  3.70291138E+00  1.12101980E-01
1.79529146E-01  3.68751717E+00  1.11911483E-01
1.79919003E-01  3.59036255E+00  1.11855514E-01
1.80308860E-01  3.53290367E+00  1.11749798E-01
1.80698717E-01  3.76253891E+00  1.11596234E-01
1.81088574E-01  3.64151192E+00  1.11465275E-01
1.81478431E-01  3.69651604E+00  1.11092307E-01
1.81868288E-01  3.30875778E+00  1.10942952E-01
1.82258145E-01  3.44377136E+00  1.10926509E-01
1.82648002E-01  3.60377121E+00  1.10578403E-01
1.83037859E-01  3.47064590E+00  1.10851236E-01
1.83427716E-01  3.29532242E+00  1.10263787E-01
1.83817573E-01  3.42837524E+00  1.10226586E-01
1.84207430E-01  3.32581520E+00  1.10110573E-01
1.84597287E-01  3.28775024E+00  1.10133268E-01
1.84987144E-01  3.42432213E+00  1.09910980E-01
1.85377001E-01  3.39642525E+00  1.09453037E-01
1.85766858E-01  3.34205246E+00  1.09418094E-01
1.86156715E-01  3.44615555E+00  1.09451838E-01
1.86546572E-01  3.23705673E+00  1.09000087E-01
1.86936429E-01  3.15512657E+00  1.08816497E-01
1.87326286E-01  3.09484100E+00  1.08610258E-01
1.87716143E-01  3.21529961E+00  1.08354978E-01
1.88106000E-01  3.25976944E+00  1.08621284E-01
1.88495857E-01  3.18809128E+00  1.08365335E-01
1.88885714E-01  3.37107468E+00  1.07924782E-01
1.89275571E-01  3.38751221E+00  1.07870691E-01
1.89665428E-01  3.33751488E+00  1.07839242E-01
1.90055285E-01  3.17625999E+00  1.07814722E-01
1.90445142E-01  3.35883331E+00  1.07822880E-01
1.90834999E-01  3.40320396E+00  1.07875474E-01
1.91224856E-01  3.12963867E+00  1.07402906E-01
1.91614713E-01  3.25970650E+00  1.07401527E-01
1.92004570E-01  3.18317413E+00  1.07249029E-01
1.92394427E-01  2.97523308E+00  1.06940649E-01
1.92784284E-01  3.19749641E+00  1.06725648E-01
1.93174141E-01  3.18038368E+00  1.06779203E-01
1.93563998E-01  3.23106003E+00  1.06713355E-01
1.93953855E-01  3.34339523E+00  1.06301546E-01
1.94343712E-01  3.24825096E+00  1.06575996E-01
1.94733569E-01  3.21540833E+00  1.06278323E-01
1.95123426E-01  3.20235062E+00  1.06003307E-01
1.95513283E-01  3.18528175E+00  1.05768532E-01
1.95903140E-01  3.28475189E+00  1.05888046E-01
1.96292997E-01  3.30728340E+00  1.06405042E-01
1.96682854E-01  3.20067406E+00  1.06921963E-01
1.97072711E-01  2.91564941E+00  1.07347995E-01
1.97462568E-01  2.95614815E+00  1.07405931E-01
1.97852425E-01  3.10737038E+00  1.07498020E-01
1.98242282E-01  2.99923706E+00  1.07658528E-01
1.98632139E-01  2.84337044E+00  1.08030617E-01
1.99021996E-01  3.11799622E+00  1.07990064E-01
1.99411853E-01  3.22773743E+00  1.08182773E-01
1.99801710E-01  3.23749542E+00  1.08211942E-01
2.00191567E-01  3.15621376E+00  1.08227290E-01
2.00581424E-01  3.20536041E+00  1.08245708E-01
2.00971281E-01  2.98965454E+00  1.08152136E-01
2.01361138E-01  3.07460403E+00  1.08203091E-01
2.01750995E-01  2.91934586E+00  1.08295687E-01
2.02140852E-01  2.82962418E+00  1.08471364E-01
2.02530709E-01  2.79127312E+00  1.08623073E-01
2.02920566E-01  2.76548195E+00  1.08330958E-01
2.03310423E-01  2.91235733E+00  1.07698694E-01
2.03700280E-01  2.91935730E+00  1.06893189E-01
2.04090137E-01  2.93828964E+00  1.06381394E-01
2.04479994E-01  2.87201691E+00  1.06107734E-01
2.04869851E-01  2.77738571E+00  1.05726421E-01
2.05259708E-01  2.94701195E+00  1.05351329E-01
2.05649565E-01  2.91187859E+00  1.05066530E-01
2.06039422E-01  2.77978134E+00  1.04977749E-01
2.06429279E-01  2.98334694E+00  1.04631454E-01
2.06819136E-01  2.97149277E+00  1.04760781E-01
2.07208993E-01  2.86960983E+00  1.04372792E-01
2.07598850E-01  2.80558014E+00  1.04298286E-01
2.07988707E-01  2.74775505E+00  1.04124255E-01
2.08378564E-01  2.55776024E+00  1.03556842E-01
2.08768421E-01  2.85315132E+00  1.03581361E-01
2.09158278E-01  2.65581512E+00  1.03288516E-01
2.09548135E-01  2.75086594E+00  1.03153624E-01
2.09937992E-01  2.86210442E+00  1.03047743E-01
2.10327849E-01  2.75203896E+00  1.02848656E-01
2.10717706E-01  2.66938019E+00  1.02736264E-01
2.11107563E-01  2.75601006E+00  1.02846622E-01
2.11497420E-01  2.59860992E+00  1.03521623E-01
2.11887277E-01  2.84910965E+00  1.03469752E-01
2.12277134E-01  2.88883400E+00  1.03856735E-01
2.12666991E-01  2.91264725E+00  1.04083896E-01
2.13056848E-01  2.83000374E+00  1.04018092E-01
2.13446705E-01  2.61059380E+00  1.04179159E-01
2.13836562E-01  2.76702690E+00  1.04218610E-01
2.14226419E-01  2.85943031E+00  1.04333252E-01
2.14616276E-01  2.68719101E+00  1.04245111E-01
2.15006133E-01  2.81410599E+00  1.04537338E-01
2.15395990E-01  2.77371788E+00  1.04445644E-01
2.15785847E-01  2.63105774E+00  1.04570575E-01
2.16175704E-01  2.73303223E+00  1.04628928E-01
2.16565561E-01  2.86691475E+00  1.04284808E-01
2.16955418E-01  2.69348907E+00  1.04493812E-01
2.17345275E-01  2.73943901E+00  1.04725808E-01
2.17735132E-01  2.67762566E+00  1.04880095E-01
2.18124989E-01  2.77258301E+00  1.04411863E-01
2.18514846E-01  2.60453606E+00  1.03565544E-01
2.18904703E-01  2.63325310E+00  1.02987625E-01
2.19294560E-01  2.74875259E+00  1.02524482E-01
2.19684417E-01  2.55595207E+00  1.02311343E-01
2.20074274E-01  2.70983505E+00  1.02160029E-01
2.20464131E-01  2.53836060E+00  1.02018416E-01
2.20853988E-01  2.46549797E+00  1.01425521E-01
2.21243845E-01  2.59761429E+00  1.01370774E-01
2.21633702E-01  2.47760963E+00  1.01013385E-01
2.22023559E-01  2.48716545E+00  1.00809664E-01
2.22413416E-01  2.64929581E+00  1.00553222E-01
2.22803273E-01  2.71066856E+00  1.00435771E-01
2.23193130E-01  2.70582199E+00  1.00288317E-01
2.23582987E-01  2.62491798E+00  1.00146368E-01
2.23972844E-01  2.65616417E+00  1.00066870E-01
2.24362701E-01  2.68471909E+00  9.98933539E-02
2.24752558E-01  2.60034370E+00  9.98238027E-02
2.25142415E-01  2.31589890E+00  9.94952545E-02
2.25532272E-01  2.22548485E+00  9.92954671E-02
2.25922129E-01  2.48161507E+00  9.90702808E-02
2.26311986E-01  2.62589264E+00  9.92180780E-02
2.26701843E-01  2.55462074E+00  9.92227793E-02
2.27091700E-01  2.24818993E+00  9.89531204E-02
2.27481557E-01  2.42364502E+00  9.88381058E-02
2.27871414E-01  2.51141357E+00  9.87098068E-02
2.28261271E-01  2.31914520E+00  9.85832810E-02
2.28651128E-01  2.24365997E+00  9.82873142E-02
2.29040985E-01  2.25977707E+00  9.80986953E-02
2.29430842E-01  2.44432640E+00  9.81354564E-02
2.29820699E-01  2.40744400E+00  9.77156237E-02
2.30210556E-01  2.43313599E+00  9.77437422E-02
2.30600413E-01  2.52358627E+00  9.76610407E-02
2.30990270E-01  2.39256668E+00  9.75376293E-02
2.31380127E-01  2.38279724E+00  9.74488184E-02
2.31769984E-01  2.24033737E+00  9.72879604E-02
2.32159841E-01  2.40731239E+00  9.70839038E-02
2.32549698E-01  2.35977936E+00  9.69695896E-02
2.32939555E-01  2.46952057E+00  9.69740227E-02
2.33329412E-01  2.49175262E+00  9.67089087E-02
2.33719269E-01  2.32657051E+00  9.66189578E-02
2.34109126E-01  2.19755363E+00  9.67524126E-02
2.34498983E-01  2.43704414E+00  9.64524075E-02
2.34888840E-01  2.45806503E+00  9.63909104E-02
2.35278697E-01  2.35100937E+00  9.59710181E-02
2.35668554E-01  2.46150970E+00  9.58906859E-02
2.36058411E-01  2.34321022E+00  9.59165022E-02
2.36448268E-01  2.43647385E+00  9.57174599E-02
2.36838125E-01  2.32192039E+00  9.56301242E-02
2.37227982E-01  2.27438736E+00  9.52839926E-02
2.37617839E-01  2.15005112E+00  9.52097774E-02
2.38007696E-01  2.29839516E+00  9.51360539E-02
2.38397553E-01  2.34041786E+00  9.49437544E-02
2.38787410E-01  2.31135559E+00  9.47998464E-02
2.39177267E-01  2.11634636E+00  9.47741270E-02
2.39567124E-01  2.28873634E+00  9.47386250E-02
2.39956981E-01  2.11441612E+00  9.46227536E-02
2.40346838E-01  2.15003014E+00  9.45224985E-02
2.40736695E-01  2.13850594E+00  9.43196118E-02
2.41126552E-01  2.06865692E+00  9.43655744E-02
2.41516409E-01  2.18382072E+00  9.41205621E-02
2.41906266E-01  2.15368652E+00  9.38397720E-02
2.42296123E-01  2.16267967E+00  9.40668210E-02
2.42685980E-01  2.01224899E+00  9.37772617E-02
2.43075837E-01  2.10606766E+00  9.37539265E-02
2.43465694E-01  2.46147537E+00  9.38431025E-02
2.43855551E-01  2.17067337E+00  9.35672149E-02
2.44245408E-01  2.20357895E+00  9.37414393E-02
2.44635265E-01  2.15194893E+00  9.34817865E-02
2.45025122E-01  2.17266273E+00  9.32702050E-02
2.45414979E-01  2.19042206E+00  9.31196585E-02
2.45804836E-01  2.18337822E+00  9.30357128E-02
2.46194693E-01  2.10674286E+00  9.28320214E-02
2.46584550E-01  2.03433228E+00  9.28341448E-02
2.46974407E-01  2.07500458E+00  9.29920450E-02
2.47364264E-01  2.16216278E+00  9.27645713E-02
2.47754121E-01  2.16528130E+00  9.25583467E-02
2.48143978E-01  2.12459755E+00  9.26678106E-02
2.48533835E-01  2.35220337E+00  9.24140289E-02
2.48923692E-01  2.15389824E+00  9.23687071E-02
2.49313549E-01  1.92468452E+00  9.20274854E-02
2.49703406E-01  2.07822609E+00  9.21365470E-02
2.50093263E-01  2.08036232E+00  9.20085460E-02
2.50483120E-01  1.93941689E+00  9.17640105E-02
2.50872977E-01  1.91337204E+00  9.18572843E-02
2.51262834E-01  2.19608688E+00  9.17608738E-02
2.51652691E-01  2.17170525E+00  9.18495357E-02
2.52042547E-01  1.96832657E+00  9.23780054E-02
2.52432404E-01  2.05717850E+00  9.24740061E-02
2.52822261E-01  2.06603050E+00  9.25793797E-02
2.53212118E-01  1.85163116E+00  9.30600613E-02
2.53601975E-01  1.85007477E+00  9.27605033E-02
2.53991832E-01  1.79868317E+00  9.29659903E-02
2.54381689E-01  1.93781471E+00  9.29731205E-02
2.54771546E-01  1.69073486E+00  9.30636749E-02
2.55161403E-01  1.83420181E+00  9.31403264E-02
2.55551260E-01  1.84646225E+00  9.29627344E-02
2.55941117E-01  1.79496193E+00  9.33927000E-02
2.56330974E-01  2.02168274E+00  9.33335423E-02
2.56720831E-01  1.88523483E+00  9.32734981E-02
2.57110688E-01  1.92119217E+00  9.29990858E-02
2.57500545E-01  2.00905800E+00  9.31432173E-02
2.57890402E-01  1.76287079E+00  9.30574983E-02
2.58280259E-01  1.71438980E+00  9.30109546E-02
2.58670116E-01  1.80983543E+00  9.32645127E-02
2.59059973E-01  1.79108047E+00  9.29916874E-02
2.59449830E-01  1.86282730E+00  9.31278467E-02
2.59839687E-01  1.71308327E+00  9.31263492E-02
2.60229544E-01  1.85457993E+00  9.31374654E-02
2.60619401E-01  1.82613182E+00  9.32013914E-02
2.61009258E-01  1.93133545E+00  9.30201486E-02
2.61399115E-01  1.89586067E+00  9.31644514E-02
2.61788972E-01  1.65976524E+00  9.31296721E-02
2.62178829E-01  1.74994850E+00  9.31995213E-02
2.62568686E-01  1.72402573E+00  9.30666551E-02
2.62958543E-01  1.86782074E+00  9.30849537E-02
2.63348400E-01  1.63880157E+00  9.31145996E-02
2.63738257E-01  1.89410973E+00  9.31149349E-02
2.64128114E-01  1.84290695E+00  9.32226554E-02
2.64517971E-01  1.82109070E+00  9.32957530E-02
2.64907828E-01  1.61590958E+00  9.31426659E-02
2.65297685E-01  1.66538239E+00  9.30611491E-02
2.65687542E-01  1.64799690E+00  9.30620804E-02
2.66077399E-01  1.62650108E+00  9.28372592E-02
2.66467256E-01  1.78760338E+00  9.29426923E-02
2.66857113E-01  1.66034698E+00  9.31620523E-02
2.67246970E-01  1.62554932E+00  9.30348858E-02
2.67636827E-01  1.69288445E+00  9.32620466E-02
2.68026684E-01  1.74331856E+00  9.28570107E-02
2.68416541E-01  1.55373955E+00  9.28029567E-02
2.68806398E-01  1.56141281E+00  9.29010287E-02
2.69196255E-01  1.51827812E+00  9.27201957E-02
2.69586112E-01  1.42329025E+00  9.26965103E-02
2.69975969E-01  1.67859459E+00  9.29666236E-02
2.70365826E-01  1.57665062E+00  9.27804857E-02
2.70755683E-01  1.63284492E+00  9.29052606E-02
2.71145540E-01  1.72948647E+00  9.27614495E-02
2.71535397E-01  1.65440750E+00  9.29510742E-02
2.71925254E-01  1.52427673E+00  9.29196030E-02
2.72315111E-01  1.53959084E+00  9.26495343E-02
2.72704968E-01  1.59068108E+00  9.26084220E-02
2.73094825E-01  1.62881088E+00  9.27240252E-02
2.73484682E-01  1.66656685E+00  9.24882814E-02
2.73874539E-01  1.45262337E+00  9.26878899E-02
2.74264396E-01  1.34576225E+00  9.24486145E-02
2.74654253E-01  1.45424080E+00  9.24984589E-02
2.75044110E-01  1.44478226E+00  9.24431607E-02
2.75433967E-01  1.53735161E+00  9.24455151E-02
2.75823824E-01  1.51330948E+00  9.25291479E-02
2.76213681E-01  1.39932060E+00  9.24215987E-02
2.76603538E-01  1.49374390E+00  9.24753398E-02
2.76993395E-01  1.53672791E+00  9.22471732E-02
2.77383252E-01  1.33235931E+00  9.23513174E-02
2.77773109E-01  1.40599251E+00  9.22529846E-02
2.78162966E-01  1.43119431E+00  9.22402591E-02
2.78552823E-01  1.55614471E+00  9.20556635E-02
2.78942680E-01  1.35659790E+00  9.27200690E-02
2.79332537E-01  1.38525581E+00  9.29669440E-02
2.79722394E-01  1.35552979E+00  9.33607668E-02
2.80112251E-01  1.49036407E+00  9.37422737E-02
2.80502108E-01  1.40020180E+00  9.39854309E-02
2.80891965E-01  1.40005302E+00  9.43562388E-02
2.81281822E-01  1.53368568E+00  9.43158194E-02
2.81671679E-01  1.29634857E+00  9.44878906E-02
2.82061536E-01  1.30916405E+00  9.46935862E-02
2.82451393E-01  1.38986015E+00  9.50904340E-02
2.82841250E-01  1.28118324E+00  9.51234847E-02
2.83231107E-01  1.39684296E+00  9.49734375E-02
2.83620964E-01  1.29006577E+00  9.50052068E-02
2.84010821E-01  1.22331238E+00  9.51819420E-02
2.84400678E-01  1.35989380E+00  9.54838619E-02
2.84790535E-01  1.17928505E+00  9.54703242E-02
2.85180392E-01  1.27509308E+00  9.52710360E-02
2.85570249E-01  1.21286774E+00  9.54574645E-02
2.85960106E-01  1.35956383E+00  9.50753018E-02
2.86349963E-01  1.32340240E+00  9.44308043E-02
2.86739820E-01  1.12681389E+00  9.39789787E-02
2.87129677E-01  1.15028763E+00  9.38402116E-02
2.87519534E-01  1.11136055E+00  9.35873315E-02
2.87909391E-01  1.22748375E+00  9.37143415E-02
2.88299248E-01  1.19639587E+00  9.35208350E-02
2.88689105E-01  1.33887100E+00  9.32048783E-02
2.89078962E-01  1.21098137E+00  9.28847566E-02
2.89468819E-01  1.06960678E+00  9.27434489E-02
2.89858676E-01  1.05650139E+00  9.28173140E-02
2.90248533E-01  1.15783691E+00  9.28172469E-02
2.90638390E-01  1.00466919E+00  9.27358866E-02
2.91028247E-01  1.10591125E+00  9.25576091E-02
2.91418104E-01  1.18617821E+00  9.24602076E-02
2.91807961E-01  1.24371529E+00  9.25004482E-02
2.92197818E-01  1.30015755E+00  9.25329402E-02
2.92587675E-01  1.24116135E+00  9.23422650E-02
2.92977532E-01  1.18769646E+00  9.22691226E-02
2.93367389E-01  1.14242363E+00  9.23967510E-02
2.93757246E-01  1.05208397E+00  9.25517976E-02
2.94147103E-01  1.08934784E+00  9.31574851E-02
2.94536960E-01  1.09873009E+00  9.34712738E-02
2.94926817E-01  1.12876701E+00  9.35289115E-02
2.95316674E-01  1.02345085E+00  9.39360783E-02
2.95706531E-01  1.06030464E+00  9.40762609E-02
2.96096388E-01  1.11872673E+00  9.43187326E-02
2.96486245E-01  1.21464920E+00  9.44405049E-02
2.96876102E-01  1.05627823E+00  9.46612507E-02
2.97265959E-01  1.00288200E+00  9.45677534E-02
2.97655816E-01  1.13213730E+00  9.49359015E-02
2.98045673E-01  1.10567093E+00  9.47249234E-02
2.98435530E-01  1.19640541E+00  9.49994326E-02
2.98825387E-01  1.10926437E+00  9.49858204E-02
2.99215244E-01  1.17533684E+00  9.50072855E-02
2.99605101E-01  1.15182877E+00  9.50381979E-02
2.99994958E-01  1.21141052E+00  9.51745585E-02
3.00384815E-01  1.16573906E+00  9.54599828E-02
3.00774672E-01  1.09981155E+00  9.54641327E-02
3.01164529E-01  1.11085129E+00  9.52629074E-02
3.01554386E-01  9.95862961E-01  9.56102759E-02
3.01944243E-01  1.01853561E+00  9.55079868E-02
3.02334100E-01  1.27340508E+00  9.59249586E-02
3.02723957E-01  1.16093445E+00  9.55911204E-02
3.03113814E-01  1.22969437E+00  9.56102982E-02
3.03503671E-01  1.23430061E+00  9.56858769E-02
3.03893528E-01  1.15851784E+00  9.58520547E-02
3.04283385E-01  1.18860817E+00  9.58399102E-02
3.04673242E-01  1.18759537E+00  9.59166884E-02
3.05063099E-01  1.10245132E+00  9.61042568E-02
3.05452956E-01  1.04917336E+00  9.61348936E-02
3.05842813E-01  1.00605392E+00  9.63480994E-02
3.06232670E-01  1.01165390E+00  9.63032767E-02
3.06622527E-01  1.15394211E+00  9.63332653E-02
3.07012384E-01  1.07231522E+00  9.63525400E-02
3.07402241E-01  9.27034378E-01  9.63191241E-02
3.07792098E-01  1.07039452E+00  9.64595228E-02
3.08181955E-01  1.12217903E+00  9.65288058E-02
3.08571812E-01  9.47246552E-01  9.67517048E-02
3.08961669E-01  1.00053596E+00  9.66045558E-02
3.09351526E-01  1.08215523E+00  9.64795947E-02
3.09741383E-01  9.07972336E-01  9.68301669E-02
3.10131240E-01  1.00674248E+00  9.68855917E-02
3.10521097E-01  1.03235817E+00  9.67552662E-02
3.10910954E-01  1.04379272E+00  9.64976624E-02
3.11300811E-01  1.04748917E+00  9.68204960E-02
3.11690668E-01  1.15189743E+00  9.70022604E-02
3.12080525E-01  1.10267258E+00  9.69933644E-02
3.12470382E-01  9.42106247E-01  9.66616794E-02
3.12860239E-01  9.25413132E-01  9.67969596E-02
3.13250096E-01  1.15536499E+00  9.72527117E-02
3.13639953E-01  1.24075127E+00  9.71383452E-02
3.14029810E-01  9.74399567E-01  9.71123055E-02
3.14419667E-01  9.81790543E-01  9.73398238E-02
3.14809524E-01  9.76642609E-01  9.71807614E-02
3.15199381E-01  9.88935471E-01  9.73321050E-02
3.15589238E-01  1.04816628E+00  9.72672626E-02
3.15979095E-01  1.06141663E+00  9.70404968E-02
3.16368952E-01  8.90686035E-01  9.74295214E-02
3.16758809E-01  9.27791595E-01  9.75705236E-02
3.17148666E-01  1.00706291E+00  9.73676816E-02
3.17538523E-01  9.84664917E-01  9.77706164E-02
3.17928380E-01  9.39065933E-01  9.76864994E-02
3.18318237E-01  9.87201691E-01  9.78288129E-02
3.18708094E-01  9.87655640E-01  9.75872651E-02
3.19097951E-01  9.52497482E-01  9.77583602E-02
3.19487808E-01  9.33403015E-01  9.76992622E-02
3.19877665E-01  8.57900620E-01  9.75585952E-02
3.20267522E-01  8.59628677E-01  9.73974988E-02
3.20657379E-01  8.36383820E-01  9.77021903E-02
3.21047236E-01  8.98603439E-01  9.77522880E-02
3.21437093E-01  1.00252914E+00  9.77209508E-02
3.21826950E-01  8.21979523E-01  9.75761637E-02
3.22216807E-01  1.04813004E+00  9.75601673E-02
3.22606664E-01  1.08232307E+00  9.75777283E-02
3.22996521E-01  8.51989746E-01  9.75911990E-02
3.23386378E-01  8.09797287E-01  9.78173465E-02
3.23776235E-01  7.75499344E-01  9.76442695E-02
3.24166092E-01  8.76525879E-01  9.76168439E-02
3.24555949E-01  8.89949799E-01  9.87551510E-02
3.24945806E-01  8.80292892E-01  9.92035270E-02
3.25335663E-01  7.71837234E-01  9.98727679E-02
3.25725520E-01  9.25580978E-01  1.00378685E-01
3.26115377E-01  9.06814575E-01  1.00453846E-01
3.26505234E-01  7.85318375E-01  1.00571126E-01
3.26895091E-01  9.08973694E-01  1.00944452E-01
3.27284948E-01  8.45428467E-01  1.01350665E-01
3.27674805E-01  7.87395477E-01  1.01426080E-01
3.28064662E-01  1.03448296E+00  1.01718761E-01
3.28454519E-01  9.55043793E-01  1.01829782E-01
3.28844376E-01  9.58827972E-01  1.01988249E-01
3.29234233E-01  7.11490631E-01  1.02119900E-01
3.29624090E-01  7.42576599E-01  1.02524884E-01
3.30013947E-01  8.00876617E-01  1.02589011E-01
3.30403804E-01  9.32561874E-01  1.02795944E-01
3.30793661E-01  7.99642563E-01  1.03330627E-01
3.31183518E-01  7.51386642E-01  1.03365436E-01
3.31573375E-01  6.70528412E-01  1.03564724E-01
3.31963232E-01  7.20121384E-01  1.03811234E-01
3.32353089E-01  8.26368332E-01  1.03902042E-01
3.32742946E-01  8.66180420E-01  1.04375236E-01
3.33132803E-01  8.48051071E-01  1.04302123E-01
3.33522660E-01  1.08370972E+00  1.04491241E-01
3.33912517E-01  9.48743820E-01  1.04993656E-01
3.34302374E-01  9.35951233E-01  1.05016969E-01
3.34692231E-01  7.53103256E-01  1.04969896E-01
3.35082088E-01  1.02402115E+00  1.05072528E-01
3.35471945E-01  8.71604919E-01  1.05580956E-01
3.35861802E-01  5.82572937E-01  1.05649307E-01
3.36251658E-01  6.80185318E-01  1.05799921E-01
3.36641515E-01  6.65496826E-01  1.05976820E-01
3.37031372E-01  7.07199097E-01  1.06086738E-01
3.37421229E-01  7.96838760E-01  1.06659129E-01
3.37811086E-01  7.76803970E-01  1.06763482E-01
3.38200943E-01  6.45566940E-01  1.06787272E-01
3.38590800E-01  6.05762482E-01  1.07178345E-01
3.38980657E-01  6.96870804E-01  1.07281178E-01
3.39370514E-01  7.70889282E-01  1.07243679E-01
3.39760371E-01  7.47512817E-01  1.07510805E-01
3.40150228E-01  6.42755508E-01  1.07763551E-01
3.40540085E-01  5.31669617E-01  1.07914828E-01
3.40929942E-01  6.48111343E-01  1.08033694E-01
3.41319799E-01  8.21121216E-01  1.08404830E-01
3.41709656E-01  6.94807053E-01  1.08249485E-01
3.42099513E-01  8.36738586E-01  1.08312793E-01
3.42489370E-01  6.78604126E-01  1.08678721E-01
3.42879227E-01  6.14896774E-01  1.08849674E-01
3.43269084E-01  6.92424774E-01  1.08997382E-01
3.43658941E-01  7.17847824E-01  1.09228484E-01
3.44048798E-01  7.23894119E-01  1.09306879E-01
3.44438655E-01  5.07875443E-01  1.09332323E-01
3.44828512E-01  6.74114227E-01  1.09493300E-01
3.45218369E-01  6.01663589E-01  1.09185733E-01
3.45608226E-01  6.94963455E-01  1.09940425E-01
3.45998083E-01  5.73570251E-01  1.09882176E-01
3.46387940E-01  7.19058990E-01  1.09707810E-01
3.46777797E-01  7.45380402E-01  1.09850429E-01
3.47167654E-01  5.56722641E-01  1.10239603E-01
3.47557511E-01  7.48365402E-01  1.10299163E-01
3.47947368E-01  9.21270370E-01  1.10824175E-01
3.48337225E-01  8.78456116E-01  1.10676147E-01
3.48727082E-01  7.91185379E-01  1.11185722E-01
3.49116939E-01  6.86939240E-01  1.11014351E-01
3.49506796E-01  5.46831131E-01  1.10991284E-01
3.49896653E-01  5.23790359E-01  1.11530110E-01
3.50286510E-01  4.98107910E-01  1.11125089E-01
3.50676367E-01  5.34761429E-01  1.11351602E-01
3.51066224E-01  5.59633255E-01  1.11515276E-01
3.51456081E-01  5.85868835E-01  1.11570135E-01
3.51845938E-01  6.32509232E-01  1.11839548E-01
3.52235795E-01  6.06521606E-01  1.11745842E-01
3.52625652E-01  6.29505157E-01  1.12013407E-01
3.53015509E-01  7.04233170E-01  1.12390392E-01
3.53405366E-01  6.57600403E-01  1.12459294E-01
3.53795223E-01  4.45896149E-01  1.12742662E-01
3.54185080E-01  5.94438553E-01  1.12841614E-01
3.54574937E-01  5.88001251E-01  1.13006510E-01
3.54964794E-01  5.82790375E-01  1.12886004E-01
3.55354651E-01  6.27576828E-01  1.13286309E-01
3.55744508E-01  4.22462463E-01  1.13638915E-01
3.56134365E-01  4.99668121E-01  1.13288663E-01
3.56524222E-01  3.85318756E-01  1.13851205E-01
3.56914079E-01  4.42811966E-01  1.13791712E-01
3.57303936E-01  5.83354950E-01  1.14256091E-01
3.57693793E-01  7.25057602E-01  1.14175007E-01
3.58083650E-01  6.80002213E-01  1.14067018E-01
3.58473507E-01  5.45509338E-01  1.14271827E-01
3.58863364E-01  5.43746948E-01  1.14735313E-01
3.59253221E-01  6.00843430E-01  1.14540063E-01
3.59643078E-01  5.82553864E-01  1.14952847E-01
3.60032935E-01  3.27325821E-01  1.15097888E-01
3.60422792E-01  5.65216064E-01  1.15295291E-01
3.60812649E-01  6.68037415E-01  1.15460366E-01
3.61202506E-01  7.37966537E-01  1.15315259E-01
3.61592363E-01  6.00412369E-01  1.15564756E-01
3.61982220E-01  5.30427933E-01  1.17070161E-01
3.62372077E-01  5.00974655E-01  1.18983164E-01
3.62761934E-01  4.60165024E-01  1.19819634E-01
3.63151791E-01  4.50157166E-01  1.20684236E-01
3.63541648E-01  4.98706818E-01  1.21421434E-01
3.63931505E-01  3.77532959E-01  1.22227699E-01
3.64321362E-01  3.64879608E-01  1.23077169E-01
3.64711219E-01  3.51495743E-01  1.24091916E-01
3.65101076E-01  5.62799454E-01  1.24708340E-01
3.65490933E-01  3.66855621E-01  1.25160366E-01
3.65880790E-01  1.52460098E-01  1.26207665E-01
3.66270647E-01  1.68775558E-01  1.26623496E-01
3.66660504E-01  1.96092606E-01  1.27006009E-01
3.67050361E-01  3.29526901E-01  1.27869353E-01
3.67440218E-01  6.11658096E-01  1.27677560E-01
3.67830075E-01  4.46104050E-01  1.28966823E-01
3.68219932E-01  4.66371536E-01  1.29790857E-01
3.68609789E-01  6.28250122E-01  1.30093217E-01
3.68999646E-01  2.88234711E-01  1.30921289E-01
3.69389503E-01  3.03768158E-01  1.31446227E-01
3.69779360E-01  4.86108780E-01  1.31791726E-01
3.70169217E-01  5.66204071E-01  1.32627413E-01
3.70559074E-01  4.22819138E-01  1.33029997E-01
3.70948931E-01  4.31419373E-01  1.33639172E-01
3.71338788E-01  5.64327240E-01  1.34530917E-01
3.71728645E-01  4.84449387E-01  1.35207102E-01
3.72118502E-01  9.88311768E-02  1.35224029E-01
3.72508359E-01  1.70484543E-01  1.36221781E-01
3.72898216E-01  4.38932419E-01  1.36672258E-01
3.73288073E-01  3.59537125E-01  1.37478277E-01
3.73677930E-01  5.10457993E-01  1.37615770E-01
3.74067787E-01  2.90252686E-01  1.38654560E-01
3.74457644E-01  2.11208344E-01  1.39342293E-01
3.74847501E-01  2.46204376E-01  1.39806002E-01
3.75237358E-01  6.36901855E-02  1.40617728E-01
3.75627215E-01  3.98468018E-01  1.41244501E-01
3.76017072E-01  5.78353882E-01  1.41690433E-01
3.76406929E-01  3.29950333E-01  1.42055258E-01
3.76796786E-01  4.21127319E-01  1.42686188E-01
3.77186643E-01  3.60097885E-01  1.43110827E-01
3.77576500E-01  2.89651871E-01  1.43928915E-01
3.77966357E-01  3.11443329E-01  1.44431055E-01
3.78356214E-01  4.19315338E-01  1.44888684E-01
3.78746071E-01  3.49042892E-01  1.45455211E-01
3.79135928E-01  3.05850983E-01  1.45799607E-01
3.79525785E-01  9.98458862E-02  1.46032959E-01
3.79915642E-01  1.62919998E-01  1.46457329E-01
3.80305499E-01  9.15260315E-02  1.47194281E-01
3.80695356E-01  1.27349854E-01  1.47662565E-01
3.81085213E-01  2.39517212E-01  1.47960573E-01
3.81475070E-01  3.75404358E-01  1.48578644E-01
3.81864927E-01  1.65849686E-01  1.49205789E-01
3.82254784E-01  2.48203278E-01  1.50028348E-01
3.82644641E-01  2.61487961E-01  1.49660200E-01
3.83034498E-01  1.07997894E-01  1.51432306E-01
3.83424355E-01  2.22051620E-01  1.51367292E-01
3.83814212E-01  -6.07662201E-02  1.52179971E-01
3.84204069E-01  1.35299683E-01  1.53114125E-01
3.84593926E-01  1.47983551E-01  1.53708041E-01
3.84983783E-01  -4.67491150E-03  1.54466838E-01
3.85373640E-01  -1.68457031E-01  1.55014157E-01
3.85763497E-01  1.67949677E-01  1.55444577E-01
3.86153354E-01  -3.88870239E-02  1.55833051E-01
3.86543211E-01  -1.06048584E-02  1.56661779E-01
3.86933068E-01  1.34563446E-02  1.56881735E-01
3.87322925E-01  1.78127289E-01  1.57292411E-01
3.87712782E-01  1.34950638E-01  1.58379167E-01
3.88102639E-01  1.48622513E-01  1.58288702E-01
3.88492496E-01  2.70175934E-01  1.59756795E-01
3.88882353E-01  8.79020691E-02  1.59412190E-01
3.89272210E-01  -1.32331848E-02  1.59768254E-01
3.89662067E-01  -1.47184372E-01  1.60452753E-01
3.90051924E-01  4.23889160E-02  1.60858721E-01
3.90441781E-01  -9.67025757E-03  1.61010265E-01
3.90831638E-01  -1.24359131E-01  1.62156224E-01
3.91221495E-01  1.62748337E-01  1.62702903E-01
3.91611352E-01  7.02686310E-02  1.62997320E-01
3.92001209E-01  1.77673340E-01  1.64142609E-01
3.92391066E-01  5.97019196E-02  1.64360866E-01
3.92780923E-01  3.45918655E-01  1.66352093E-01
3.93170780E-01  3.27865601E-01  1.66039735E-01
3.93560637E-01  4.34669495E-01  1.66462258E-01
3.93950494E-01  3.47656250E-01  1.67309567E-01
3.94340351E-01  -7.33776093E-02  1.67600960E-01
3.94730208E-01  9.77420807E-02  1.68591604E-01
3.95120065E-01  -7.89089203E-02  1.69073939E-01
3.95509922E-01  -1.22432709E-01  1.69391081E-01
3.95899779E-01  -3.51995468E-01  1.70251697E-01
3.96289636E-01  -2.33926773E-01  1.71974972E-01
3.96679493E-01  2.04639435E-01  1.71955004E-01
3.97069350E-01  -1.35543823E-01  1.73427626E-01
3.97459207E-01  -3.91960144E-02  1.73856229E-01
3.97849064E-01  7.71846771E-02  1.73579678E-01
3.98238921E-01  -6.51302338E-02  1.74753100E-01
3.98628778E-01  3.26444626E-01  1.75537705E-01
3.99018635E-01  3.98885727E-01  1.76023185E-01
3.99408492E-01  6.35547638E-02  1.77928343E-01
3.99798349E-01  5.67989349E-02  1.77940771E-01
4.00188206E-01  -5.04302979E-03  1.78346276E-01
4.00578063E-01  -5.33771515E-02  1.79737270E-01
4.00967920E-01  7.69729614E-02  1.81253299E-01
4.01357777E-01  2.17660904E-01  1.81294277E-01
4.01747634E-01  2.93540955E-03  1.81697056E-01
4.02137491E-01  2.23039627E-01  1.82727233E-01
4.02527348E-01  7.85636902E-03  1.82532534E-01
4.02917205E-01  -5.02605438E-02  1.83616206E-01
4.03307062E-01  -2.25488663E-01  1.84923023E-01
4.03696919E-01  -9.61151123E-02  1.85332879E-01
4.04086776E-01  -2.15871811E-01  1.87082022E-01
4.04476633E-01  7.16590881E-03  1.88445926E-01
4.04866490E-01  -2.46429443E-02  1.88301638E-01
4.05256347E-01  1.68451309E-01  1.89578280E-01
4.05646204E-01  6.37054443E-04  1.90685555E-01
4.06036061E-01  9.30347443E-02  1.90799594E-01
4.06425918E-01  3.36608887E-02  1.91805035E-01
4.06815775E-01  -2.07521439E-01  1.93433866E-01
4.07205632E-01  -5.03232956E-01  1.93514720E-01
4.07595489E-01  -2.93830872E-01  1.95448637E-01
4.07985346E-01  -2.95291901E-01  1.95745468E-01
4.08375203E-01  -3.86192322E-01  1.96807519E-01
4.08765060E-01  -4.89929199E-01  1.96840435E-01
4.09154917E-01  -1.67295456E-01  1.98175117E-01
4.09544774E-01  6.37035370E-02  1.99688822E-01
4.09934631E-01  -2.80296326E-01  1.99674547E-01
4.10324488E-01  -2.43089676E-01  2.03248635E-01
4.10714345E-01  -2.75516510E-02  2.03170627E-01
4.11104202E-01  -2.46963501E-01  2.04520583E-01
4.11494059E-01  1.71810150E-01  2.05460668E-01
4.11883916E-01  -4.82158661E-01  2.05663353E-01
4.12273773E-01  -1.61714554E-01  2.07576752E-01
4.12663630E-01  -2.28034973E-01  2.08598033E-01
4.13053487E-01  -1.54907227E-01  2.09544048E-01
4.13443344E-01  -1.15051270E-01  2.10873261E-01
4.13833201E-01  -7.41205215E-01  2.11424917E-01
4.14223058E-01  -3.53530884E-01  2.14011878E-01
4.14612915E-01  -5.34198761E-01  2.13711113E-01
4.15002772E-01  -6.89264297E-01  2.14784697E-01
4.15392629E-01  -8.01258087E-01  2.16510534E-01
4.15782486E-01  -3.35714340E-01  2.17481628E-01
4.16172343E-01  4.20055389E-02  2.19281077E-01
4.16562200E-01  2.93025970E-02  2.20150545E-01
4.16952057E-01  -8.12206268E-02  2.22272024E-01
4.17341914E-01  -3.71387482E-01  2.23132193E-01
4.17731771E-01  -4.18399811E-01  2.24548474E-01
4.18121628E-01  -3.10884476E-01  2.25159153E-01
4.18511485E-01  -3.18098068E-01  2.27289975E-01
4.18901342E-01  -6.09012604E-01  2.27655262E-01
4.19291199E-01  -4.97694016E-01  2.28671074E-01
4.19681056E-01  -5.35022736E-01  2.31544644E-01
4.20070912E-01  -4.22748566E-01  2.33427137E-01
4.20460769E-01  -6.00650787E-01  2.33945578E-01
4.20850626E-01  -3.11468124E-01  2.36064345E-01
4.21240483E-01  -4.65648651E-01  2.37676829E-01
4.21630340E-01  -1.03580475E+00  2.39349723E-01
4.22020197E-01  -7.11845398E-01  2.39862770E-01
4.22410054E-01  -4.99612808E-01  2.42259547E-01
4.22799911E-01  -4.48625565E-01  2.43749231E-01
4.23189768E-01  -3.15141678E-01  2.45873123E-01
4.23579625E-01  -4.52079773E-01  2.46593133E-01
4.23969482E-01  -3.19524765E-01  2.48975620E-01
4.24359339E-01  -3.24228287E-01  2.49607474E-01
4.24749196E-01  -5.16147614E-02  2.51891941E-01
4.25139053E-01  -6.80562973E-01  2.55140305E-01
4.25528910E-01  -4.02795792E-01  2.56497473E-01
4.25918767E-01  -2.39555359E-01  2.58503884E-01
4.26308624E-01  -5.63568115E-01  2.59654909E-01
4.26698481E-01  -3.39944839E-01  2.60629177E-01
4.27088338E-01  -3.75923157E-01  2.63518661E-01
4.27478195E-01  -8.32538605E-02  2.66054094E-01
4.27868052E-01  -2.15944290E-01  2.68391132E-01
4.28257909E-01  -4.44738388E-01  2.68578738E-01
4.28647766E-01  -5.16864777E-01  2.68712372E-01
4.29037623E-01  -2.72300720E-01  2.71246135E-01
4.29427480E-01  -3.43790054E-01  2.73450196E-01
4.29817337E-01  -9.26565170E-01  2.75059223E-01
4.30207194E-01  -7.96068192E-01  2.76380330E-01
4.30597051E-01  -4.00547028E-01  2.78872311E-01
4.30986908E-01  -7.68960953E-01  2.80106783E-01
4.31376765E-01  -4.46392059E-01  2.81875551E-01
4.31766622E-01  -4.74506378E-01  2.85428822E-01
4.32156479E-01  -7.13800430E-01  2.86485702E-01
4.32546336E-01  -1.03358841E+00  2.88600326E-01
4.32936193E-01  -9.16719437E-01  2.89547861E-01
4.33326050E-01  -2.69033432E-01  2.93702871E-01
4.33715907E-01  -4.72232819E-01  2.97227293E-01
4.34105764E-01  -1.08729362E+00  3.00353974E-01
4.34495621E-01  -6.60369873E-01  3.03787321E-01
4.34885478E-01  -7.72184372E-01  3.05564791E-01
4.35275335E-01  -3.11220169E-01  3.07977378E-01
4.35665192E-01  -7.26680756E-01  3.12021196E-01
4.36055049E-01  -1.74509048E-01  3.15583915E-01
4.36444906E-01  -2.91999817E-01  3.17219138E-01
4.36834763E-01  -4.23776627E-01  3.20420653E-01
4.37224620E-01  -1.05472946E+00  3.26494038E-01
4.37614477E-01  -1.31278992E-01  3.29749793E-01
4.38004334E-01  1.77997589E-01  3.29988956E-01
4.38394191E-01  -1.57745361E-01  3.36696327E-01
4.38784048E-01  -6.31740570E-01  3.36155742E-01
4.39173905E-01  -2.48056412E-01  3.38626951E-01
4.39563762E-01  -6.30252838E-01  3.39799017E-01
4.39953619E-01  -3.09789658E-01  3.42997581E-01
4.40343476E-01  2.05648422E-01  3.48640174E-01
4.40733333E-01  -5.57523727E-01  3.51194143E-01
4.41123190E-01  -4.36950684E-01  3.53685349E-01
4.41513047E-01  -1.00825691E+00  3.52634430E-01
4.41902904E-01  -3.45472336E-01  3.54723841E-01
4.42292761E-01  -4.50698853E-01  3.55993748E-01
4.42682618E-01  -1.16153717E+00  3.57578278E-01
4.43072475E-01  -9.98806000E-01  3.62260640E-01
4.43462332E-01  -1.22381592E+00  3.60310704E-01
4.43852189E-01  -9.31163788E-01  3.62919956E-01
4.44242046E-01  -5.75103760E-01  3.67869705E-01
4.44631903E-01  -4.22817230E-01  3.70165378E-01
4.45021760E-01  -6.43243790E-01  3.67544711E-01
4.45411617E-01  -1.64998627E+00  3.72201264E-01
4.45801474E-01  -2.00011253E+00  3.74979466E-01
4.46191331E-01  -1.49194527E+00  3.76358986E-01
4.46581188E-01  -1.15683174E+00  3.80453110E-01
4.46971045E-01  -1.95518494E-01  3.80028516E-01
4.47360902E-01  -1.44020271E+00  3.83252740E-01
4.47750759E-01  -1.05381966E+00  3.86079192E-01
4.48140616E-01  -7.31206894E-01  3.88141572E-01
4.48530473E-01  -9.86915588E-01  3.91431063E-01
4.48920330E-01  -6.59309387E-01  3.92293990E-01
4.49310187E-01  -8.97640228E-01  3.91406119E-01
4.49700044E-01  -9.75189209E-01  3.95903677E-01
4.50089901E-01  -1.46678543E+00  3.97989750E-01
4.50479758E-01  -1.79359436E+00  4.01600301E-01
4.50869615E-01  -1.49749756E+00  4.03326631E-01
4.51259472E-01  -3.94208908E-01  4.02686328E-01
4.51649329E-01  -7.86275864E-01  4.05109942E-01
4.52039186E-01  -9.87667084E-01  4.10501480E-01
4.52429043E-01  -1.31583977E+00  4.12552327E-01
4.52818900E-01  -9.13524628E-01  4.16716427E-01
4.53208757E-01  -7.39732742E-01  4.16391551E-01
4.53598614E-01  -2.99930573E-01  4.21996146E-01
4.53988471E-01  -5.52278519E-01  4.26763237E-01
4.54378328E-01  -9.80377197E-01  4.21924829E-01


### HEADER:
#
#{
#    "analysis": {},
#    "calibration_params": {
#        "Beam_Center_X": 644.3978066834728,
#        "Beam_Center_Y": 752.0474301231778,
#        "Detector Tilt": 0.08709704591626237,
#        "Detector Tilt Plane Rotation": 95.0001420643864,
#        "Detector_X_Pixel_Size": 172.0,
#        "Detector_Y_Pixel_Size": 172.0,
#        "Integration Method": "full_csr",
#        "Radial_Average_Method": "pyFAI",
#        "Sample-to-detector distance (mm)": 2676.5799098693146,
#        "Wavelength (A)": 1.0332016536100022
#    },
#    "config_file": "D:\\Desktop\\20241114.cfg",
#    "filename": "S_LK-3_00013.dat",
#    "history": {
#        "subtraction": {
#            "initial_file": [
#                "LK-3_00013.tif"
#            ],
#            "subtracted_file": [
#                "LK-0_00001.tif"
#            ]
#        }
#    },
#    "imageHeader": {
#        "Count_cutoff": "1409688 counts",
#        "Excluded_pixels": "badpix_mask.tif",
#        "Exposure_period": "1.0000000 s",
#        "Exposure_time": "1.0000000 s",
#        "Flat_field": "FF_p24-0163_E8048_T4024_vrf_m0p100.tif",
#        "Gain_setting": "autog (vrf = 1.000)",
#        "Image_path": "/public/Data/2024/202411/20241115/sunrui/",
#        "N_excluded_pixels": "61",
#        "Pixel_size": "172e-6 m x 172e-6 m",
#        "Ratecorr_lut_directory": "ContinuousStandard_v1.1",
#        "Retrigger_mode": "1",
#        "Silicon": "sensor, thickness 0.000450",
#        "Start_angle": "0.0000 deg.",
#        "Tau": "0 s",
#        "Threshold_setting": "4024 eV",
#        "Trim_file": "p24-0163_E8048_T4024.bin"
#    },
#    "normalizations": {
#        "Polarization": {
#            "Used": false
#        },
#        "Solid_Angle_Correction": "On"
#    },
#    "raw_version": "2.2.2",
#    "unit": ""
#}

