### DATA:
#
# 1150
#      Q             I(Q)           Error
6.43264042E-03  9.84925537E+01  3.95956230E+00
6.82249742E-03  8.35494690E+01  3.14264441E+00
7.21235441E-03  7.11620178E+01  2.62414694E+00
7.60221141E-03  6.35132446E+01  2.22942519E+00
7.99206840E-03  5.61747284E+01  1.98382378E+00
8.38192540E-03  4.68829498E+01  1.76953816E+00
8.77178240E-03  4.27607422E+01  1.59647644E+00
9.16163939E-03  3.94400330E+01  1.45741856E+00
9.55149639E-03  3.41149750E+01  1.32613444E+00
9.94135338E-03  3.04968338E+01  1.21366060E+00
1.03312104E-02  2.88625259E+01  1.12316203E+00
1.07210674E-02  2.81582642E+01  1.04117918E+00
1.11109244E-02  2.41991119E+01  9.69094098E-01
1.15007814E-02  2.27703094E+01  9.14063036E-01
1.18906384E-02  2.16926041E+01  8.52736413E-01
1.22804954E-02  2.21229782E+01  8.07605028E-01
1.26703523E-02  2.10064049E+01  7.60823011E-01
1.30602093E-02  1.90131950E+01  7.23843396E-01
1.34500663E-02  1.90350342E+01  6.92604542E-01
1.38399233E-02  1.80835953E+01  6.63422883E-01
1.42297803E-02  1.82415695E+01  6.34565651E-01
1.46196373E-02  1.66327820E+01  6.10305071E-01
1.50094943E-02  1.59185715E+01  5.83117723E-01
1.53993513E-02  1.55768089E+01  5.63443124E-01
1.57892083E-02  1.57360573E+01  5.45097172E-01
1.61790653E-02  1.60908737E+01  5.30725360E-01
1.65689223E-02  1.47128143E+01  5.10812700E-01
1.69587793E-02  1.43318176E+01  4.98010874E-01
1.73486363E-02  1.41478615E+01  4.87518579E-01
1.77384933E-02  1.36969147E+01  4.69520777E-01
1.81283503E-02  1.29013557E+01  4.60703462E-01
1.85182073E-02  1.25249596E+01  4.48278457E-01
1.89080643E-02  1.29867306E+01  4.40104038E-01
1.92979213E-02  1.26164150E+01  4.28337634E-01
1.96877783E-02  1.15198517E+01  4.19754088E-01
2.00776353E-02  1.11995468E+01  4.10258681E-01
2.04674923E-02  1.07087040E+01  4.02829796E-01
2.08573493E-02  9.75115013E+00  3.97148669E-01
2.12472062E-02  1.08495941E+01  3.88309509E-01
2.16370632E-02  1.07497158E+01  3.80459398E-01
2.20269202E-02  9.73178291E+00  3.72264892E-01
2.24167772E-02  9.96444130E+00  3.69055361E-01
2.28066342E-02  1.05857105E+01  3.62527907E-01
2.31964912E-02  9.71394920E+00  3.58118981E-01
2.35863482E-02  9.87004089E+00  3.55028570E-01
2.39762052E-02  8.69848824E+00  3.48164827E-01
2.43660622E-02  8.74781609E+00  3.42502236E-01
2.47559192E-02  8.71275520E+00  3.37811768E-01
2.51457762E-02  8.56659126E+00  3.34226400E-01
2.55356332E-02  8.41685104E+00  3.30983728E-01
2.59254902E-02  8.03290558E+00  3.25774997E-01
2.63153472E-02  8.53419495E+00  3.22693914E-01
2.67052042E-02  8.45216751E+00  3.19276392E-01
2.70950612E-02  8.54702377E+00  3.16576213E-01
2.74849182E-02  7.85662460E+00  3.12023520E-01
2.78747752E-02  7.40398788E+00  3.09473634E-01
2.82646322E-02  7.49371910E+00  3.05697232E-01
2.86544892E-02  7.46803474E+00  3.03596586E-01
2.90443462E-02  7.42861176E+00  3.00617456E-01
2.94342031E-02  7.44442177E+00  2.98588812E-01
2.98240601E-02  7.43366814E+00  2.93711931E-01
3.02139171E-02  7.85381889E+00  2.92158246E-01
3.06037741E-02  7.26968384E+00  2.93854296E-01
3.09936311E-02  7.41660881E+00  2.97772348E-01
3.13834881E-02  6.88460541E+00  2.99053580E-01
3.17733451E-02  6.83443451E+00  2.98111677E-01
3.21632021E-02  6.47895813E+00  2.97779411E-01
3.25530591E-02  6.70926857E+00  2.99524605E-01
3.29429161E-02  6.56337166E+00  2.99676985E-01
3.33327731E-02  6.99804306E+00  2.99335212E-01
3.37226301E-02  7.24914742E+00  2.96298683E-01
3.41124871E-02  6.66090584E+00  2.97021210E-01
3.45023441E-02  6.35790253E+00  2.95852870E-01
3.48922011E-02  6.74469566E+00  2.94668138E-01
3.52820581E-02  7.01713943E+00  2.93904185E-01
3.56719151E-02  6.52348518E+00  2.92875141E-01
3.60617721E-02  6.09227753E+00  2.91903883E-01
3.64516291E-02  6.02983475E+00  2.92643011E-01
3.68414861E-02  5.94376755E+00  2.92450398E-01
3.72313431E-02  6.26402283E+00  2.89948136E-01
3.76212001E-02  6.17884064E+00  2.83955246E-01
3.80110570E-02  6.04471779E+00  2.76858866E-01
3.84009140E-02  6.39924812E+00  2.71970212E-01
3.87907710E-02  6.26900673E+00  2.70967841E-01
3.91806280E-02  5.96840858E+00  2.67077178E-01
3.95704850E-02  5.89276505E+00  2.63275057E-01
3.99603420E-02  6.15106964E+00  2.63018668E-01
4.03501990E-02  6.23413658E+00  2.58779883E-01
4.07400560E-02  6.06380653E+00  2.57982790E-01
4.11299130E-02  6.03909874E+00  2.56295204E-01
4.15197700E-02  5.45501518E+00  2.53439695E-01
4.19096270E-02  5.96512222E+00  2.53038973E-01
4.22994840E-02  5.71303558E+00  2.50942647E-01
4.26893410E-02  5.79897499E+00  2.47313604E-01
4.30791980E-02  5.91525459E+00  2.43730158E-01
4.34690550E-02  6.10948181E+00  2.41015553E-01
4.38589120E-02  5.43469620E+00  2.40010381E-01
4.42487690E-02  5.38602448E+00  2.37552658E-01
4.46386260E-02  5.60820007E+00  2.36226261E-01
4.50284830E-02  5.84211540E+00  2.35156536E-01
4.54183400E-02  5.52037811E+00  2.35646307E-01
4.58081970E-02  5.74735451E+00  2.35815451E-01
4.61980539E-02  5.68553162E+00  2.35994577E-01
4.65879109E-02  5.80117607E+00  2.36785799E-01
4.69777679E-02  5.53791809E+00  2.36504674E-01
4.73676249E-02  5.31903839E+00  2.38019541E-01
4.77574819E-02  5.29271317E+00  2.38400027E-01
4.81473389E-02  5.65460014E+00  2.37668812E-01
4.85371959E-02  5.82255363E+00  2.38578930E-01
4.89270529E-02  5.38704872E+00  2.37002656E-01
4.93169099E-02  5.45627213E+00  2.37684831E-01
4.97067669E-02  5.47336769E+00  2.37585396E-01
5.00966239E-02  5.54590225E+00  2.36514464E-01
5.04864809E-02  5.39166069E+00  2.37291262E-01
5.08763379E-02  5.81586075E+00  2.36813709E-01
5.12661949E-02  5.62597275E+00  2.35329404E-01
5.16560519E-02  5.67006493E+00  2.36277774E-01
5.20459089E-02  5.44027710E+00  2.36442834E-01
5.24357659E-02  5.18716812E+00  2.33897835E-01
5.28256229E-02  5.13416481E+00  2.31196746E-01
5.32154799E-02  4.76255417E+00  2.27971688E-01
5.36053369E-02  5.13517189E+00  2.25432307E-01
5.39951939E-02  5.27564049E+00  2.23610893E-01
5.43850509E-02  5.38719177E+00  2.22743541E-01
5.47749078E-02  5.00415230E+00  2.21051902E-01
5.51647648E-02  4.90781975E+00  2.19099104E-01
5.55546218E-02  5.31125641E+00  2.18197107E-01
5.59444788E-02  5.23364449E+00  2.16991574E-01
5.63343358E-02  5.19445419E+00  2.15765789E-01
5.67241928E-02  5.14678001E+00  2.14030787E-01
5.71140498E-02  5.02988434E+00  2.12800115E-01
5.75039068E-02  4.99047279E+00  2.12088257E-01
5.78937638E-02  5.12182045E+00  2.11207479E-01
5.82836208E-02  4.55066872E+00  2.09981188E-01
5.86734778E-02  4.34085464E+00  2.12216169E-01
5.90633348E-02  4.74322319E+00  2.13671833E-01
5.94531918E-02  4.88906860E+00  2.14883849E-01
5.98430488E-02  4.73960686E+00  2.13561147E-01
6.02329058E-02  4.90843201E+00  2.14040294E-01
6.06227628E-02  4.94445038E+00  2.14684844E-01
6.10126198E-02  4.62112427E+00  2.15291932E-01
6.14024768E-02  4.90559769E+00  2.14173168E-01
6.17923338E-02  4.62893295E+00  2.09917635E-01
6.21821908E-02  4.77651405E+00  2.07939237E-01
6.25720478E-02  4.63683891E+00  2.07061350E-01
6.29619048E-02  4.44140053E+00  2.04805061E-01
6.33517617E-02  4.33118439E+00  2.04108700E-01
6.37416187E-02  4.33812332E+00  2.03566059E-01
6.41314757E-02  4.66101265E+00  2.01329663E-01
6.45213327E-02  4.61840630E+00  2.00916037E-01
6.49111897E-02  4.58544159E+00  2.00196907E-01
6.53010467E-02  4.58092880E+00  1.98351577E-01
6.56909037E-02  4.53834724E+00  1.98180586E-01
6.60807607E-02  4.80812263E+00  1.97272614E-01
6.64706177E-02  4.89086151E+00  1.96264476E-01
6.68604747E-02  4.85686493E+00  1.94703251E-01
6.72503317E-02  4.60757637E+00  1.93233237E-01
6.76401887E-02  4.61005211E+00  1.92927063E-01
6.80300457E-02  4.75874329E+00  1.92020625E-01
6.84199027E-02  4.86353683E+00  1.91201508E-01
6.88097597E-02  4.78743553E+00  1.90398991E-01
6.91996167E-02  4.44647217E+00  1.89301848E-01
6.95894737E-02  4.64095306E+00  1.89420596E-01
6.99793307E-02  4.69074059E+00  1.87911510E-01
7.03691877E-02  4.27103233E+00  1.87885746E-01
7.07590447E-02  4.53049850E+00  1.87605947E-01
7.11489017E-02  4.50035477E+00  1.86434373E-01
7.15387586E-02  4.61317825E+00  1.86473235E-01
7.19286156E-02  5.14780235E+00  1.85795903E-01
7.23184726E-02  4.89797592E+00  1.84757367E-01
7.27083296E-02  4.68106079E+00  1.85163647E-01
7.30981866E-02  4.70658875E+00  1.83627233E-01
7.34880436E-02  4.72263908E+00  1.83752939E-01
7.38779006E-02  4.68463135E+00  1.82749376E-01
7.42677576E-02  4.54669380E+00  1.82926178E-01
7.46576146E-02  4.27540970E+00  1.81071833E-01
7.50474716E-02  4.58756256E+00  1.80535629E-01
7.54373286E-02  4.86617851E+00  1.79334164E-01
7.58271856E-02  4.69865799E+00  1.78988010E-01
7.62170426E-02  4.73188591E+00  1.78505436E-01
7.66068996E-02  4.76694679E+00  1.77392289E-01
7.69967566E-02  4.75265312E+00  1.77527145E-01
7.73866136E-02  4.62120628E+00  1.76688448E-01
7.77764706E-02  4.51162720E+00  1.76114216E-01
7.81663276E-02  4.67197037E+00  1.75682560E-01
7.85561846E-02  4.86182785E+00  1.74714804E-01
7.89460416E-02  4.68261147E+00  1.74603537E-01
7.93358986E-02  4.72306252E+00  1.74949214E-01
7.97257556E-02  4.47785759E+00  1.74641833E-01
8.01156125E-02  4.68984222E+00  1.73595905E-01
8.05054695E-02  4.85722160E+00  1.73773393E-01
8.08953265E-02  4.91058731E+00  1.73170224E-01
8.12851835E-02  4.82266045E+00  1.72628075E-01
8.16750405E-02  4.68505669E+00  1.72241583E-01
8.20648975E-02  4.74989319E+00  1.71755970E-01
8.24547545E-02  4.93741608E+00  1.71083793E-01
8.28446115E-02  4.96915817E+00  1.71041146E-01
8.32344685E-02  5.08490372E+00  1.69964403E-01
8.36243255E-02  4.65787315E+00  1.70251444E-01
8.40141825E-02  4.66866302E+00  1.69124439E-01
8.44040395E-02  4.65935898E+00  1.68737471E-01
8.47938965E-02  4.49518013E+00  1.68208510E-01
8.51837535E-02  4.47983360E+00  1.67963505E-01
8.55736105E-02  4.66966248E+00  1.67323098E-01
8.59634675E-02  4.40988159E+00  1.66851044E-01
8.63533245E-02  4.19905472E+00  1.67143986E-01
8.67431815E-02  4.45614624E+00  1.66465104E-01
8.71330385E-02  4.61717796E+00  1.65898919E-01
8.75228955E-02  4.49985313E+00  1.65892765E-01
8.79127525E-02  4.55094528E+00  1.64543927E-01
8.83026094E-02  4.62724113E+00  1.64373696E-01
8.86924664E-02  4.78592682E+00  1.64566517E-01
8.90823234E-02  4.55543137E+00  1.63353622E-01
8.94721804E-02  4.47961617E+00  1.63337901E-01
8.98620374E-02  4.51119614E+00  1.62840858E-01
9.02518944E-02  4.43177223E+00  1.62303209E-01
9.06417514E-02  4.69303894E+00  1.62188768E-01
9.10316084E-02  4.63758850E+00  1.61825016E-01
9.14214654E-02  4.78476715E+00  1.61081612E-01
9.18113224E-02  4.77206612E+00  1.60721943E-01
9.22011794E-02  4.72377205E+00  1.60548925E-01
9.25910364E-02  4.72699928E+00  1.59967020E-01
9.29808934E-02  4.67682838E+00  1.59717008E-01
9.33707504E-02  4.44212151E+00  1.58971503E-01
9.37606074E-02  4.59379387E+00  1.58610940E-01
9.41504644E-02  4.41578102E+00  1.58836767E-01
9.45403214E-02  4.64605331E+00  1.57982782E-01
9.49301784E-02  4.56887245E+00  1.57720059E-01
9.53200354E-02  4.64380646E+00  1.56948090E-01
9.57098924E-02  4.61585617E+00  1.56738505E-01
9.60997494E-02  4.59391022E+00  1.56884789E-01
9.64896064E-02  4.64649773E+00  1.56719282E-01
9.68794633E-02  4.71382332E+00  1.56043485E-01
9.72693203E-02  4.59122467E+00  1.55772999E-01
9.76591773E-02  4.91134453E+00  1.55031845E-01
9.80490343E-02  4.54297638E+00  1.54748559E-01
9.84388913E-02  4.65619087E+00  1.54481113E-01
9.88287483E-02  4.48216248E+00  1.54453635E-01
9.92186053E-02  4.30631447E+00  1.53600395E-01
9.96084623E-02  4.46206665E+00  1.54004738E-01
9.99983193E-02  4.35532951E+00  1.53003216E-01
1.00388176E-01  4.82197380E+00  1.52720422E-01
1.00778033E-01  4.79507637E+00  1.52682334E-01
1.01167890E-01  4.63671494E+00  1.52547345E-01
1.01557747E-01  4.54306984E+00  1.51853651E-01
1.01947604E-01  4.56282043E+00  1.51707366E-01
1.02337461E-01  4.64929771E+00  1.51719853E-01
1.02727318E-01  4.52650261E+00  1.50853202E-01
1.03117175E-01  4.38025665E+00  1.50582284E-01
1.03507032E-01  4.49138069E+00  1.50300995E-01
1.03896889E-01  4.65192986E+00  1.50187537E-01
1.04286746E-01  4.69365120E+00  1.49784863E-01
1.04676603E-01  4.57507515E+00  1.49454772E-01
1.05066460E-01  4.84713745E+00  1.49440393E-01
1.05456317E-01  4.75155067E+00  1.48975700E-01
1.05846174E-01  4.69443321E+00  1.48663864E-01
1.06236031E-01  4.70359230E+00  1.47736445E-01
1.06625888E-01  4.71147346E+00  1.47483200E-01
1.07015745E-01  4.72491646E+00  1.47396863E-01
1.07405602E-01  4.71347427E+00  1.47053212E-01
1.07795459E-01  4.24052811E+00  1.46694899E-01
1.08185316E-01  4.65943146E+00  1.47002161E-01
1.08575173E-01  4.82474327E+00  1.46323696E-01
1.08965030E-01  4.72740555E+00  1.46295130E-01
1.09354887E-01  4.65296173E+00  1.46037951E-01
1.09744744E-01  4.29878998E+00  1.45180717E-01
1.10134601E-01  4.77147484E+00  1.44975856E-01
1.10524458E-01  4.60141754E+00  1.45091161E-01
1.10914315E-01  4.43077087E+00  1.44832268E-01
1.11304172E-01  4.73958588E+00  1.44433603E-01
1.11694029E-01  5.00485802E+00  1.44067585E-01
1.12083886E-01  4.68656158E+00  1.43490061E-01
1.12473743E-01  4.60750389E+00  1.43406481E-01
1.12863600E-01  4.64277840E+00  1.43017814E-01
1.13253457E-01  4.77087593E+00  1.43751025E-01
1.13643314E-01  4.58082008E+00  1.44888610E-01
1.14033171E-01  4.75260925E+00  1.45665556E-01
1.14423028E-01  4.94755745E+00  1.46177500E-01
1.14812885E-01  4.72776031E+00  1.45788655E-01
1.15202742E-01  4.73561096E+00  1.45957679E-01
1.15592599E-01  4.54257584E+00  1.46250710E-01
1.15982456E-01  4.49585533E+00  1.46702245E-01
1.16372313E-01  4.64307594E+00  1.46809280E-01
1.16762170E-01  4.36023521E+00  1.46890700E-01
1.17152027E-01  4.64348221E+00  1.47153869E-01
1.17541884E-01  4.61768532E+00  1.46979555E-01
1.17931741E-01  4.72641754E+00  1.47269860E-01
1.18321598E-01  4.92708969E+00  1.47036076E-01
1.18711455E-01  4.75308418E+00  1.47334605E-01
1.19101312E-01  4.79406548E+00  1.47338748E-01
1.19491169E-01  4.59548569E+00  1.47342965E-01
1.19881026E-01  4.92627144E+00  1.47021309E-01
1.20270883E-01  4.88402748E+00  1.46829560E-01
1.20660740E-01  4.55046463E+00  1.44834355E-01
1.21050597E-01  4.62747383E+00  1.44143194E-01
1.21440454E-01  4.41729736E+00  1.43506378E-01
1.21830311E-01  4.76052284E+00  1.42688245E-01
1.22220168E-01  4.64763260E+00  1.42029673E-01
1.22610025E-01  4.83823204E+00  1.41505972E-01
1.22999882E-01  4.64685822E+00  1.41324654E-01
1.23389739E-01  4.54982758E+00  1.40631139E-01
1.23779596E-01  4.52238083E+00  1.40282571E-01
1.24169453E-01  4.78170776E+00  1.40365303E-01
1.24559310E-01  4.90456009E+00  1.39529511E-01
1.24949167E-01  4.87944794E+00  1.39111146E-01
1.25339024E-01  4.93346596E+00  1.38853177E-01
1.25728881E-01  4.61280632E+00  1.38654232E-01
1.26118738E-01  4.46279335E+00  1.38115868E-01
1.26508595E-01  4.80776978E+00  1.37758628E-01
1.26898452E-01  4.75226593E+00  1.37597635E-01
1.27288309E-01  4.80660820E+00  1.37436435E-01
1.27678166E-01  4.77383614E+00  1.36909038E-01
1.28068023E-01  4.82426262E+00  1.36531189E-01
1.28457880E-01  4.53060341E+00  1.36914283E-01
1.28847737E-01  4.81610680E+00  1.37309492E-01
1.29237594E-01  4.81336021E+00  1.37914255E-01
1.29627451E-01  4.67449188E+00  1.37758881E-01
1.30017308E-01  4.85305977E+00  1.38384447E-01
1.30407165E-01  5.09969330E+00  1.38443694E-01
1.30797022E-01  4.91119576E+00  1.38652086E-01
1.31186879E-01  4.98293304E+00  1.38941437E-01
1.31576736E-01  4.75823784E+00  1.39117405E-01
1.31966593E-01  4.58145905E+00  1.41218647E-01
1.32356450E-01  4.78886986E+00  1.41988680E-01
1.32746307E-01  5.00039101E+00  1.43213883E-01
1.33136164E-01  5.29412651E+00  1.43311664E-01
1.33526021E-01  5.05677414E+00  1.43828154E-01
1.33915878E-01  4.59057999E+00  1.44290149E-01
1.34305735E-01  4.63499069E+00  1.44799009E-01
1.34695592E-01  4.76162910E+00  1.44804478E-01
1.35085449E-01  4.82216454E+00  1.43099084E-01
1.35475306E-01  4.95918083E+00  1.41489625E-01
1.35865163E-01  4.85591507E+00  1.40119672E-01
1.36255020E-01  4.94846916E+00  1.38972625E-01
1.36644877E-01  4.91346550E+00  1.38203636E-01
1.37034734E-01  4.84793663E+00  1.37366116E-01
1.37424591E-01  4.79598427E+00  1.36814967E-01
1.37814448E-01  4.87348747E+00  1.35927737E-01
1.38204305E-01  5.02482224E+00  1.36177808E-01
1.38594162E-01  4.86067772E+00  1.35651425E-01
1.38984019E-01  4.83753586E+00  1.34997964E-01
1.39373876E-01  4.74341774E+00  1.34936079E-01
1.39763733E-01  4.83065414E+00  1.34435728E-01
1.40153590E-01  4.79450798E+00  1.33895725E-01
1.40543447E-01  4.87464714E+00  1.33481279E-01
1.40933304E-01  4.67836571E+00  1.33077070E-01
1.41323161E-01  4.90196419E+00  1.32387757E-01
1.41713018E-01  4.83754730E+00  1.32084742E-01
1.42102875E-01  4.81509209E+00  1.31596923E-01
1.42492732E-01  4.46839523E+00  1.31412342E-01
1.42882589E-01  4.68718529E+00  1.30773515E-01
1.43272446E-01  4.77405167E+00  1.30847856E-01
1.43662303E-01  4.82473564E+00  1.30457804E-01
1.44052160E-01  4.62685966E+00  1.30527094E-01
1.44442017E-01  4.37153053E+00  1.30185723E-01
1.44831874E-01  4.57250214E+00  1.29632011E-01
1.45221731E-01  4.71478844E+00  1.29573107E-01
1.45611588E-01  4.30832291E+00  1.29342526E-01
1.46001445E-01  4.59733009E+00  1.28611296E-01
1.46391302E-01  4.63220596E+00  1.28798738E-01
1.46781159E-01  4.62128639E+00  1.28492042E-01
1.47171016E-01  4.75818825E+00  1.28561497E-01
1.47560873E-01  4.57423782E+00  1.28112346E-01
1.47950730E-01  4.48548508E+00  1.27709284E-01
1.48340587E-01  4.57994270E+00  1.27640128E-01
1.48730444E-01  4.45898819E+00  1.27379343E-01
1.49120301E-01  4.61479187E+00  1.27134889E-01
1.49510158E-01  4.76209641E+00  1.26781821E-01
1.49900015E-01  4.71411324E+00  1.27018109E-01
1.50289872E-01  4.64526176E+00  1.26394048E-01
1.50679729E-01  4.67220688E+00  1.26597092E-01
1.51069586E-01  4.60620308E+00  1.26204327E-01
1.51459443E-01  4.53482437E+00  1.25733793E-01
1.51849300E-01  4.54123116E+00  1.25854596E-01
1.52239157E-01  4.27838516E+00  1.25032380E-01
1.52629014E-01  4.62369919E+00  1.25098303E-01
1.53018871E-01  4.50810242E+00  1.25217900E-01
1.53408728E-01  4.59079552E+00  1.24938764E-01
1.53798585E-01  4.51426506E+00  1.24950096E-01
1.54188442E-01  4.52238846E+00  1.24319755E-01
1.54578299E-01  4.69000816E+00  1.24162793E-01
1.54968156E-01  4.51148224E+00  1.24156654E-01
1.55358013E-01  4.41949272E+00  1.23365805E-01
1.55747870E-01  4.46469879E+00  1.22827433E-01
1.56137727E-01  4.51768875E+00  1.23131521E-01
1.56527584E-01  4.49965096E+00  1.22765087E-01
1.56917441E-01  4.26825333E+00  1.22836143E-01
1.57307298E-01  4.34065437E+00  1.22219265E-01
1.57697155E-01  4.51538086E+00  1.22460224E-01
1.58087012E-01  4.42113304E+00  1.22250043E-01
1.58476869E-01  4.35492706E+00  1.22016586E-01
1.58866726E-01  4.49171448E+00  1.21906616E-01
1.59256583E-01  4.56996346E+00  1.21631138E-01
1.59646440E-01  4.31200218E+00  1.21281981E-01
1.60036297E-01  4.39892960E+00  1.20997556E-01
1.60426154E-01  4.38873291E+00  1.20904014E-01
1.60816011E-01  4.26989937E+00  1.20644458E-01
1.61205868E-01  4.18187904E+00  1.20508559E-01
1.61595725E-01  4.41534805E+00  1.20380372E-01
1.61985582E-01  4.35400772E+00  1.19925953E-01
1.62375439E-01  4.30758667E+00  1.19878054E-01
1.62765296E-01  4.16941261E+00  1.19751133E-01
1.63155153E-01  4.24553299E+00  1.19208738E-01
1.63545010E-01  4.16995811E+00  1.19547784E-01
1.63934867E-01  4.47063065E+00  1.19601011E-01
1.64324724E-01  4.28128433E+00  1.19053572E-01
1.64714581E-01  4.21294403E+00  1.18827410E-01
1.65104438E-01  4.13274765E+00  1.18519835E-01
1.65494295E-01  4.35420799E+00  1.18296787E-01
1.65884152E-01  4.31257248E+00  1.18150420E-01
1.66274009E-01  4.15348816E+00  1.17976435E-01
1.66663866E-01  4.18054962E+00  1.17641427E-01
1.67053723E-01  4.25633240E+00  1.17528446E-01
1.67443580E-01  4.31842804E+00  1.17417328E-01
1.67833437E-01  4.16842461E+00  1.17612451E-01
1.68223293E-01  4.01454926E+00  1.17094092E-01
1.68613150E-01  4.02828789E+00  1.17169112E-01
1.69003007E-01  4.12839508E+00  1.16754383E-01
1.69392864E-01  4.07142830E+00  1.16658553E-01
1.69782721E-01  4.12868881E+00  1.16688460E-01
1.70172578E-01  4.03153610E+00  1.16355963E-01
1.70562435E-01  4.10791969E+00  1.15613669E-01
1.70952292E-01  4.21510506E+00  1.15601666E-01
1.71342149E-01  3.99619865E+00  1.15611531E-01
1.71732006E-01  3.76128387E+00  1.15777589E-01
1.72121863E-01  3.96376038E+00  1.15257449E-01
1.72511720E-01  3.95718193E+00  1.15331009E-01
1.72901577E-01  4.10878944E+00  1.15093239E-01
1.73291434E-01  4.07734871E+00  1.14873655E-01
1.73681291E-01  3.94723701E+00  1.14523172E-01
1.74071148E-01  4.10206985E+00  1.14576638E-01
1.74461005E-01  4.11132240E+00  1.14004813E-01
1.74850862E-01  4.14468193E+00  1.14173822E-01
1.75240719E-01  3.99642181E+00  1.14008442E-01
1.75630576E-01  4.00346565E+00  1.13707453E-01
1.76020433E-01  3.73163986E+00  1.13166675E-01
1.76410290E-01  3.81739426E+00  1.13348529E-01
1.76800147E-01  3.96521950E+00  1.13338992E-01
1.77190004E-01  3.77428436E+00  1.13081716E-01
1.77579861E-01  3.70741081E+00  1.12983748E-01
1.77969718E-01  3.72419548E+00  1.12557784E-01
1.78359575E-01  3.79501534E+00  1.12464696E-01
1.78749432E-01  4.03898811E+00  1.12240098E-01
1.79139289E-01  3.81317902E+00  1.12283304E-01
1.79529146E-01  3.85931206E+00  1.12096295E-01
1.79919003E-01  3.78208351E+00  1.12084329E-01
1.80308860E-01  3.63100815E+00  1.11881904E-01
1.80698717E-01  3.68870354E+00  1.11430295E-01
1.81088574E-01  3.77421761E+00  1.11664414E-01
1.81478431E-01  3.89844131E+00  1.11315615E-01
1.81868288E-01  3.67292213E+00  1.11353979E-01
1.82258145E-01  3.64027786E+00  1.11127310E-01
1.82648002E-01  3.86762428E+00  1.10912964E-01
1.83037859E-01  3.66565323E+00  1.11008726E-01
1.83427716E-01  3.46437645E+00  1.10468432E-01
1.83817573E-01  3.48452377E+00  1.10312916E-01
1.84207430E-01  3.59214592E+00  1.10459276E-01
1.84597287E-01  3.59507561E+00  1.10455841E-01
1.84987144E-01  3.52371597E+00  1.09982170E-01
1.85377001E-01  3.58070183E+00  1.09722324E-01
1.85766858E-01  3.41139793E+00  1.09427154E-01
1.86156715E-01  3.52596664E+00  1.09496780E-01
1.86546572E-01  3.50729561E+00  1.09290518E-01
1.86936429E-01  3.43238831E+00  1.09079845E-01
1.87326286E-01  3.45011902E+00  1.09026551E-01
1.87716143E-01  3.45689392E+00  1.08657368E-01
1.88106000E-01  3.34556961E+00  1.08702645E-01
1.88495857E-01  3.33852196E+00  1.08563565E-01
1.88885714E-01  3.55641174E+00  1.08148947E-01
1.89275571E-01  3.65695000E+00  1.08139768E-01
1.89665428E-01  3.55114937E+00  1.08062819E-01
1.90055285E-01  3.47327042E+00  1.08195402E-01
1.90445142E-01  3.40254402E+00  1.07860483E-01
1.90834999E-01  3.38391113E+00  1.07867137E-01
1.91224856E-01  3.28556633E+00  1.07646130E-01
1.91614713E-01  3.38511467E+00  1.07586972E-01
1.92004570E-01  3.19773102E+00  1.07216045E-01
1.92394427E-01  3.10320282E+00  1.07095562E-01
1.92784284E-01  3.43989563E+00  1.06997184E-01
1.93174141E-01  3.42983818E+00  1.06995009E-01
1.93563998E-01  3.24736214E+00  1.06672645E-01
1.93953855E-01  3.26419067E+00  1.06205501E-01
1.94343712E-01  3.24488640E+00  1.06604464E-01
1.94733569E-01  3.25319290E+00  1.06355302E-01
1.95123426E-01  3.18061638E+00  1.05923399E-01
1.95513283E-01  3.30721092E+00  1.05941221E-01
1.95903140E-01  3.25658226E+00  1.05893761E-01
1.96292997E-01  3.21590805E+00  1.06329881E-01
1.96682854E-01  3.17076111E+00  1.06926858E-01
1.97072711E-01  3.11543083E+00  1.07585602E-01
1.97462568E-01  3.22311211E+00  1.07734285E-01
1.97852425E-01  3.28573608E+00  1.07702382E-01
1.98242282E-01  3.08212662E+00  1.07743770E-01
1.98632139E-01  2.90078545E+00  1.08119078E-01
1.99021996E-01  3.15318871E+00  1.07999258E-01
1.99411853E-01  3.20279121E+00  1.08153068E-01
1.99801710E-01  3.23031616E+00  1.08213469E-01
2.00191567E-01  3.14733696E+00  1.08208470E-01
2.00581424E-01  3.16932106E+00  1.08230263E-01
2.00971281E-01  3.06393242E+00  1.08266398E-01
2.01361138E-01  3.13612366E+00  1.08243063E-01
2.01750995E-01  3.03617477E+00  1.08471610E-01
2.02140852E-01  2.93302345E+00  1.08631611E-01
2.02530709E-01  2.62729645E+00  1.08406693E-01
2.02920566E-01  2.79475021E+00  1.08430758E-01
2.03310423E-01  2.93099785E+00  1.07728779E-01
2.03700280E-01  3.00529480E+00  1.07016541E-01
2.04090137E-01  3.16924667E+00  1.06660843E-01
2.04479994E-01  2.97807884E+00  1.06191643E-01
2.04869851E-01  3.01172066E+00  1.06016301E-01
2.05259708E-01  3.03399849E+00  1.05441980E-01
2.05649565E-01  3.06861115E+00  1.05295084E-01
2.06039422E-01  2.83455086E+00  1.05020739E-01
2.06429279E-01  2.90345573E+00  1.04557015E-01
2.06819136E-01  2.74240494E+00  1.04516245E-01
2.07208993E-01  2.91960335E+00  1.04478665E-01
2.07598850E-01  2.82989120E+00  1.04356803E-01
2.07988707E-01  2.74612808E+00  1.04151949E-01
2.08378564E-01  2.75459480E+00  1.03814363E-01
2.08768421E-01  2.86899567E+00  1.03536300E-01
2.09158278E-01  2.72751999E+00  1.03323720E-01
2.09548135E-01  2.89265633E+00  1.03358999E-01
2.09937992E-01  2.76201057E+00  1.02893621E-01
2.10327849E-01  2.81809616E+00  1.02912813E-01
2.10717706E-01  2.83397675E+00  1.02931619E-01
2.11107563E-01  2.91137505E+00  1.03087582E-01
2.11497420E-01  2.68196869E+00  1.03640407E-01
2.11887277E-01  3.15937614E+00  1.03834100E-01
2.12277134E-01  2.92326927E+00  1.03866242E-01
2.12666991E-01  2.91665459E+00  1.04126662E-01
2.13056848E-01  3.00373077E+00  1.04238905E-01
2.13446705E-01  2.85207748E+00  1.04454316E-01
2.13836562E-01  2.98613358E+00  1.04411483E-01
2.14226419E-01  3.10821342E+00  1.04544871E-01
2.14616276E-01  3.16510773E+00  1.04744971E-01
2.15006133E-01  3.11940765E+00  1.04808182E-01
2.15395990E-01  2.88117790E+00  1.04535460E-01
2.15785847E-01  2.80928230E+00  1.04787424E-01
2.16175704E-01  2.91093636E+00  1.04847714E-01
2.16565561E-01  2.99790001E+00  1.04404263E-01
2.16955418E-01  2.83833694E+00  1.04659177E-01
2.17345275E-01  2.74412727E+00  1.04701400E-01
2.17735132E-01  2.72016335E+00  1.04919374E-01
2.18124989E-01  2.79409599E+00  1.04362816E-01
2.18514846E-01  2.72080231E+00  1.03643380E-01
2.18904703E-01  2.67699814E+00  1.03004716E-01
2.19294560E-01  2.87085915E+00  1.02678619E-01
2.19684417E-01  2.69632149E+00  1.02469884E-01
2.20074274E-01  2.68951797E+00  1.02093644E-01
2.20464131E-01  2.65139389E+00  1.02174744E-01
2.20853988E-01  2.81527519E+00  1.01860955E-01
2.21243845E-01  2.81380653E+00  1.01597853E-01
2.21633702E-01  2.63549614E+00  1.01164006E-01
2.22023559E-01  2.75175858E+00  1.01063974E-01
2.22413416E-01  2.87994576E+00  1.00813337E-01
2.22803273E-01  2.76021004E+00  1.00471579E-01
2.23193130E-01  2.81039238E+00  1.00417539E-01
2.23582987E-01  2.59408569E+00  1.00065939E-01
2.23972844E-01  2.83684158E+00  1.00272059E-01
2.24362701E-01  2.80748749E+00  1.00031465E-01
2.24752558E-01  2.66447449E+00  9.98999327E-02
2.25142415E-01  2.53322983E+00  9.97583419E-02
2.25532272E-01  2.39896011E+00  9.94387716E-02
2.25922129E-01  2.73563957E+00  9.93191227E-02
2.26311986E-01  2.53177643E+00  9.90753844E-02
2.26701843E-01  2.45711136E+00  9.91247147E-02
2.27091700E-01  2.55448341E+00  9.92959067E-02
2.27481557E-01  2.62427330E+00  9.90369022E-02
2.27871414E-01  2.49064064E+00  9.86766070E-02
2.28261271E-01  2.51617813E+00  9.88512263E-02
2.28651128E-01  2.46158218E+00  9.84811112E-02
2.29040985E-01  2.53718567E+00  9.84027386E-02
2.29430842E-01  2.40421295E+00  9.80386958E-02
2.29820699E-01  2.49405289E+00  9.78178978E-02
2.30210556E-01  2.52350807E+00  9.78168100E-02
2.30600413E-01  2.58876610E+00  9.76811647E-02
2.30990270E-01  2.46313286E+00  9.75986719E-02
2.31380127E-01  2.54304123E+00  9.76385847E-02
2.31769984E-01  2.46849060E+00  9.75463763E-02
2.32159841E-01  2.58675385E+00  9.72601771E-02
2.32549698E-01  2.51626587E+00  9.71733481E-02
2.32939555E-01  2.38498306E+00  9.69028994E-02
2.33329412E-01  2.42831230E+00  9.66899619E-02
2.33719269E-01  2.33956528E+00  9.66427624E-02
2.34109126E-01  2.28568459E+00  9.68530551E-02
2.34498983E-01  2.27755737E+00  9.62344185E-02
2.34888840E-01  2.45382690E+00  9.63746756E-02
2.35278697E-01  2.47043419E+00  9.60914865E-02
2.35668554E-01  2.60275269E+00  9.60679576E-02
2.36058411E-01  2.42163849E+00  9.59945843E-02
2.36448268E-01  2.52634048E+00  9.58066136E-02
2.36838125E-01  2.29130554E+00  9.55754891E-02
2.37227982E-01  2.41835022E+00  9.54628661E-02
2.37617839E-01  2.35101128E+00  9.54160541E-02
2.38007696E-01  2.43956757E+00  9.52764973E-02
2.38397553E-01  2.50128174E+00  9.51264575E-02
2.38787410E-01  2.47704124E+00  9.49303433E-02
2.39177267E-01  2.33721733E+00  9.50287655E-02
2.39567124E-01  2.26308250E+00  9.46871787E-02
2.39956981E-01  2.34819984E+00  9.49213952E-02
2.40346838E-01  2.19052315E+00  9.45132151E-02
2.40736695E-01  2.16377258E+00  9.43275988E-02
2.41126552E-01  2.05154610E+00  9.43379179E-02
2.41516409E-01  2.30470085E+00  9.42534655E-02
2.41906266E-01  2.24871445E+00  9.39563513E-02
2.42296123E-01  2.17598152E+00  9.40550119E-02
2.42685980E-01  2.20034218E+00  9.39823836E-02
2.43075837E-01  2.27317429E+00  9.39609185E-02
2.43465694E-01  2.37630653E+00  9.37576741E-02
2.43855551E-01  2.24611473E+00  9.36858431E-02
2.44245408E-01  2.21968651E+00  9.37418640E-02
2.44635265E-01  2.11093140E+00  9.34405103E-02
2.45025122E-01  2.30540848E+00  9.33880731E-02
2.45414979E-01  2.42754936E+00  9.33804065E-02
2.45804836E-01  2.30415154E+00  9.31676403E-02
2.46194693E-01  2.10579872E+00  9.27694514E-02
2.46584550E-01  2.15388680E+00  9.29527059E-02
2.46974407E-01  2.06421280E+00  9.29824486E-02
2.47364264E-01  2.20528984E+00  9.27977264E-02
2.47754121E-01  2.24372864E+00  9.26081911E-02
2.48143978E-01  2.08096886E+00  9.26121250E-02
2.48533835E-01  2.37598419E+00  9.24404263E-02
2.48923692E-01  2.27150154E+00  9.24650356E-02
2.49313549E-01  2.31506348E+00  9.24797282E-02
2.49703406E-01  2.22565269E+00  9.22456682E-02
2.50093263E-01  2.25321579E+00  9.21985731E-02
2.50483120E-01  2.09980583E+00  9.19114426E-02
2.50872977E-01  2.10411263E+00  9.20683295E-02
2.51262834E-01  2.13665962E+00  9.16866288E-02
2.51652691E-01  2.10632896E+00  9.17958841E-02
2.52042547E-01  1.91111755E+00  9.22944769E-02
2.52432404E-01  2.09874344E+00  9.24806446E-02
2.52822261E-01  2.21884727E+00  9.27360281E-02
2.53212118E-01  1.96492577E+00  9.31094736E-02
2.53601975E-01  2.08484459E+00  9.29934457E-02
2.53991832E-01  1.83038902E+00  9.30386558E-02
2.54381689E-01  1.95992851E+00  9.29971188E-02
2.54771546E-01  1.79363441E+00  9.31221470E-02
2.55161403E-01  1.85943031E+00  9.31653008E-02
2.55551260E-01  2.09640884E+00  9.32989195E-02
2.55941117E-01  1.86600685E+00  9.34581757E-02
2.56330974E-01  1.95721054E+00  9.32484940E-02
2.56720831E-01  1.91915703E+00  9.33145806E-02
2.57110688E-01  1.94637680E+00  9.30047259E-02
2.57500545E-01  2.07103729E+00  9.31710377E-02
2.57890402E-01  2.02186584E+00  9.33276340E-02
2.58280259E-01  1.90493202E+00  9.32200402E-02
2.58670116E-01  1.75017929E+00  9.31871533E-02
2.59059973E-01  1.93512917E+00  9.31879953E-02
2.59449830E-01  1.95060539E+00  9.32024494E-02
2.59839687E-01  1.70329475E+00  9.31330621E-02
2.60229544E-01  1.85531044E+00  9.31366310E-02
2.60619401E-01  1.90033531E+00  9.32582840E-02
2.61009258E-01  1.96773720E+00  9.30408761E-02
2.61399115E-01  1.88707542E+00  9.31086838E-02
2.61788972E-01  1.77501106E+00  9.32357237E-02
2.62178829E-01  1.90577507E+00  9.33432579E-02
2.62568686E-01  1.86554527E+00  9.32212844E-02
2.62958543E-01  1.81855583E+00  9.29829404E-02
2.63348400E-01  1.81222153E+00  9.33286846E-02
2.63738257E-01  1.86908531E+00  9.30597335E-02
2.64128114E-01  1.78225136E+00  9.31891948E-02
2.64517971E-01  1.70877647E+00  9.31333899E-02
2.64907828E-01  1.79326248E+00  9.33528692E-02
2.65297685E-01  1.72818947E+00  9.31125283E-02
2.65687542E-01  1.77372360E+00  9.31902081E-02
2.66077399E-01  1.79064751E+00  9.30150226E-02
2.66467256E-01  1.82470512E+00  9.29735303E-02
2.66857113E-01  1.59254837E+00  9.30560306E-02
2.67246970E-01  1.63975334E+00  9.31052566E-02
2.67636827E-01  1.56411362E+00  9.31286663E-02
2.68026684E-01  1.89457130E+00  9.30285230E-02
2.68416541E-01  1.74012566E+00  9.30167735E-02
2.68806398E-01  1.72896576E+00  9.30738971E-02
2.69196255E-01  1.81523323E+00  9.30019990E-02
2.69586112E-01  1.63949585E+00  9.29241627E-02
2.69975969E-01  1.69298744E+00  9.29671302E-02
2.70365826E-01  1.62246132E+00  9.28544328E-02
2.70755683E-01  1.63379860E+00  9.28891897E-02
2.71145540E-01  1.62508202E+00  9.26075205E-02
2.71535397E-01  1.67177773E+00  9.29797068E-02
2.71925254E-01  1.50977325E+00  9.28786024E-02
2.72315111E-01  1.71431541E+00  9.28842500E-02
2.72704968E-01  1.67345047E+00  9.26450118E-02
2.73094825E-01  1.72938728E+00  9.28324759E-02
2.73484682E-01  1.83428955E+00  9.26936865E-02
2.73874539E-01  1.61193085E+00  9.28331017E-02
2.74264396E-01  1.56233025E+00  9.26802754E-02
2.74654253E-01  1.58195114E+00  9.26251411E-02
2.75044110E-01  1.61152077E+00  9.26471055E-02
2.75433967E-01  1.64028168E+00  9.25360098E-02
2.75823824E-01  1.60971642E+00  9.25906375E-02
2.76213681E-01  1.51317406E+00  9.25168172E-02
2.76603538E-01  1.58727455E+00  9.25725028E-02
2.76993395E-01  1.65245438E+00  9.23426896E-02
2.77383252E-01  1.55920792E+00  9.25838649E-02
2.77773109E-01  1.57906914E+00  9.24146771E-02
2.78162966E-01  1.46002007E+00  9.22457501E-02
2.78552823E-01  1.65562248E+00  9.21747908E-02
2.78942680E-01  1.41586494E+00  9.27271545E-02
2.79332537E-01  1.47758675E+00  9.30595770E-02
2.79722394E-01  1.51268196E+00  9.35468003E-02
2.80112251E-01  1.55326080E+00  9.37880501E-02
2.80502108E-01  1.46843338E+00  9.40829143E-02
2.80891965E-01  1.39982414E+00  9.43515301E-02
2.81281822E-01  1.61482811E+00  9.44043398E-02
2.81671679E-01  1.51052094E+00  9.46861133E-02
2.82061536E-01  1.52524567E+00  9.48927179E-02
2.82451393E-01  1.34268951E+00  9.50191841E-02
2.82841250E-01  1.31254959E+00  9.51827317E-02
2.83231107E-01  1.41279221E+00  9.49293002E-02
2.83620964E-01  1.45241356E+00  9.51781049E-02
2.84010821E-01  1.40573311E+00  9.54056829E-02
2.84400678E-01  1.34277916E+00  9.54716951E-02
2.84790535E-01  1.14906311E+00  9.54201594E-02
2.85180392E-01  1.51166534E+00  9.55229476E-02
2.85570249E-01  1.43117714E+00  9.57276672E-02
2.85960106E-01  1.27910805E+00  9.49578360E-02
2.86349963E-01  1.38250542E+00  9.44737345E-02
2.86739820E-01  1.17334557E+00  9.39811170E-02
2.87129677E-01  1.21321678E+00  9.38793272E-02
2.87519534E-01  1.38118744E+00  9.39163417E-02
2.87909391E-01  1.27608681E+00  9.37162861E-02
2.88299248E-01  1.20194817E+00  9.35002565E-02
2.88689105E-01  1.45762253E+00  9.33118761E-02
2.89078962E-01  1.41829491E+00  9.30827931E-02
2.89468819E-01  1.22727203E+00  9.28774849E-02
2.89858676E-01  1.34448433E+00  9.31653455E-02
2.90248533E-01  1.24743462E+00  9.29023772E-02
2.90638390E-01  1.14967918E+00  9.29280147E-02
2.91028247E-01  1.20614815E+00  9.26777571E-02
2.91418104E-01  1.18574142E+00  9.24456045E-02
2.91807961E-01  1.31178093E+00  9.25935507E-02
2.92197818E-01  1.38801384E+00  9.26084444E-02
2.92587675E-01  1.36989021E+00  9.24678966E-02
2.92977532E-01  1.24952126E+00  9.23416466E-02
2.93367389E-01  1.30824471E+00  9.25763771E-02
2.93757246E-01  1.28866386E+00  9.28493664E-02
2.94147103E-01  1.08893013E+00  9.31541845E-02
2.94536960E-01  1.14298058E+00  9.35136676E-02
2.94926817E-01  1.33931160E+00  9.37867314E-02
2.95316674E-01  1.27971458E+00  9.42292660E-02
2.95706531E-01  1.16799927E+00  9.41925496E-02
2.96096388E-01  1.26749802E+00  9.45241004E-02
2.96486245E-01  1.32095909E+00  9.45460498E-02
2.96876102E-01  1.22733879E+00  9.48278606E-02
2.97265959E-01  1.17744827E+00  9.47520807E-02
2.97655816E-01  1.18451881E+00  9.49633196E-02
2.98045673E-01  1.25033569E+00  9.48914438E-02
2.98435530E-01  1.34412193E+00  9.51696411E-02
2.98825387E-01  1.33530617E+00  9.52648446E-02
2.99215244E-01  1.38202667E+00  9.52410698E-02
2.99605101E-01  1.25775719E+00  9.51478258E-02
2.99994958E-01  1.35552406E+00  9.53372046E-02
3.00384815E-01  1.24656868E+00  9.55002755E-02
3.00774672E-01  1.18038940E+00  9.55203101E-02
3.01164529E-01  1.40560913E+00  9.56201404E-02
3.01554386E-01  1.17253685E+00  9.57827494E-02
3.01944243E-01  1.11989594E+00  9.56689939E-02
3.02334100E-01  1.15729332E+00  9.57551077E-02
3.02723957E-01  1.33147049E+00  9.58128124E-02
3.03113814E-01  1.26426125E+00  9.55974534E-02
3.03503671E-01  1.46485138E+00  9.59930867E-02
3.03893528E-01  1.31835938E+00  9.60392579E-02
3.04283385E-01  1.42059517E+00  9.60871205E-02
3.04673242E-01  1.34917641E+00  9.60935652E-02
3.05063099E-01  1.23644638E+00  9.62949768E-02
3.05452956E-01  1.20876884E+00  9.62866843E-02
3.05842813E-01  1.22577095E+00  9.65770409E-02
3.06232670E-01  1.23836899E+00  9.65262651E-02
3.06622527E-01  1.41289520E+00  9.66015682E-02
3.07012384E-01  1.18743515E+00  9.64450017E-02
3.07402241E-01  1.17923546E+00  9.66043770E-02
3.07792098E-01  1.23598289E+00  9.66179520E-02
3.08181955E-01  1.41511536E+00  9.68711972E-02
3.08571812E-01  1.21769142E+00  9.70318168E-02
3.08961669E-01  1.16089630E+00  9.67573747E-02
3.09351526E-01  1.27959061E+00  9.66965333E-02
3.09741383E-01  1.10062027E+00  9.70172212E-02
3.10131240E-01  1.25114441E+00  9.70989093E-02
3.10521097E-01  1.23086357E+00  9.69551876E-02
3.10910954E-01  1.27111435E+00  9.68253911E-02
3.11300811E-01  1.18735313E+00  9.70176607E-02
3.11690668E-01  1.19779778E+00  9.70618948E-02
3.12080525E-01  1.33116150E+00  9.72755477E-02
3.12470382E-01  1.26546860E+00  9.70106199E-02
3.12860239E-01  1.25834465E+00  9.71862674E-02
3.13250096E-01  1.27145958E+00  9.74118635E-02
3.13639953E-01  1.25418091E+00  9.71561000E-02
3.14029810E-01  1.01149940E+00  9.71170142E-02
3.14419667E-01  1.08485985E+00  9.74397436E-02
3.14809524E-01  1.17554474E+00  9.74113941E-02
3.15199381E-01  1.19856071E+00  9.75044146E-02
3.15589238E-01  1.28473282E+00  9.75009128E-02
3.15979095E-01  1.30161667E+00  9.73448679E-02
3.16368952E-01  1.12271881E+00  9.76782665E-02
3.16758809E-01  1.18957901E+00  9.78435278E-02
3.17148666E-01  1.28698349E+00  9.76713523E-02
3.17538523E-01  1.12536049E+00  9.78711322E-02
3.17928380E-01  1.18762779E+00  9.79400352E-02
3.18318237E-01  1.15159225E+00  9.80112180E-02
3.18708094E-01  1.03170204E+00  9.76304412E-02
3.19097951E-01  1.18227768E+00  9.80307236E-02
3.19487808E-01  1.18583298E+00  9.80079249E-02
3.19877665E-01  1.22348404E+00  9.79917869E-02
3.20267522E-01  1.32877922E+00  9.79513824E-02
3.20657379E-01  1.06915474E+00  9.79599729E-02
3.21047236E-01  1.03058815E+00  9.79194045E-02
3.21437093E-01  1.26990509E+00  9.80316699E-02
3.21826950E-01  1.18894386E+00  9.79997367E-02
3.22216807E-01  1.17395210E+00  9.76831764E-02
3.22606664E-01  1.11892509E+00  9.76606905E-02
3.22996521E-01  9.52613831E-01  9.77514833E-02
3.23386378E-01  9.76619720E-01  9.79855433E-02
3.23776235E-01  9.75793839E-01  9.78527218E-02
3.24166092E-01  1.16235733E+00  9.79401544E-02
3.24555949E-01  1.16510582E+00  9.90433320E-02
3.24945806E-01  1.15814972E+00  9.95081142E-02
3.25335663E-01  1.16822243E+00  1.00343198E-01
3.25725520E-01  1.14270020E+00  1.00615069E-01
3.26115377E-01  1.07606316E+00  1.00635171E-01
3.26505234E-01  1.19591713E+00  1.01077482E-01
3.26895091E-01  1.34259605E+00  1.01457082E-01
3.27284948E-01  1.15765572E+00  1.01676211E-01
3.27674805E-01  1.19795990E+00  1.01954997E-01
3.28064662E-01  1.32925034E+00  1.02055095E-01
3.28454519E-01  1.12311554E+00  1.02036797E-01
3.28844376E-01  1.11370277E+00  1.02119684E-01
3.29234233E-01  1.03135872E+00  1.02466345E-01
3.29624090E-01  1.02082825E+00  1.02867164E-01
3.30013947E-01  1.10543060E+00  1.02944463E-01
3.30403804E-01  1.19347572E+00  1.03128597E-01
3.30793661E-01  9.13280487E-01  1.03422165E-01
3.31183518E-01  1.05857086E+00  1.03740752E-01
3.31573375E-01  9.81164932E-01  1.03962049E-01
3.31963232E-01  9.75748062E-01  1.04037762E-01
3.32353089E-01  1.12752533E+00  1.04227878E-01
3.32742946E-01  9.86064911E-01  1.04536429E-01
3.33132803E-01  9.66482162E-01  1.04448535E-01
3.33522660E-01  1.20458412E+00  1.04668982E-01
3.33912517E-01  1.08414078E+00  1.05195567E-01
3.34302374E-01  1.09741974E+00  1.05197981E-01
3.34692231E-01  9.54101562E-01  1.05265625E-01
3.35082088E-01  1.14494705E+00  1.05173357E-01
3.35471945E-01  1.04590034E+00  1.05779648E-01
3.35861802E-01  9.03703690E-01  1.06105179E-01
3.36251658E-01  9.46538925E-01  1.06116749E-01
3.36641515E-01  9.61383820E-01  1.06356241E-01
3.37031372E-01  1.00472260E+00  1.06442578E-01
3.37421229E-01  1.00535393E+00  1.06845781E-01
3.37811086E-01  9.65185165E-01  1.06946118E-01
3.38200943E-01  8.87847900E-01  1.07117549E-01
3.38590800E-01  8.51606369E-01  1.07534394E-01
3.38980657E-01  9.77428436E-01  1.07620090E-01
3.39370514E-01  1.14548302E+00  1.07690476E-01
3.39760371E-01  8.95891190E-01  1.07668862E-01
3.40150228E-01  8.63756180E-01  1.08104162E-01
3.40540085E-01  7.03008652E-01  1.08178496E-01
3.40929942E-01  7.43932724E-01  1.08165979E-01
3.41319799E-01  1.09248543E+00  1.08664073E-01
3.41709656E-01  1.00610352E+00  1.08620457E-01
3.42099513E-01  9.86751556E-01  1.08537167E-01
3.42489370E-01  8.07682037E-01  1.08796857E-01
3.42879227E-01  8.73132706E-01  1.09172218E-01
3.43269084E-01  9.38364029E-01  1.09305389E-01
3.43658941E-01  8.70965958E-01  1.09441638E-01
3.44048798E-01  9.15653229E-01  1.09483004E-01
3.44438655E-01  9.51868057E-01  1.09900080E-01
3.44828512E-01  9.31234360E-01  1.09799966E-01
3.45218369E-01  1.00818825E+00  1.09783441E-01
3.45608226E-01  8.41270447E-01  1.10082068E-01
3.45998083E-01  8.53683472E-01  1.10205956E-01
3.46387940E-01  1.02371979E+00  1.10128433E-01
3.46777797E-01  9.88910675E-01  1.10176295E-01
3.47167654E-01  8.94937515E-01  1.10642150E-01
3.47557511E-01  1.07185936E+00  1.10723525E-01
3.47947368E-01  1.13743401E+00  1.11074604E-01
3.48337225E-01  1.10954857E+00  1.11011647E-01
3.48727082E-01  9.25899506E-01  1.11360185E-01
3.49116939E-01  9.33383942E-01  1.11255758E-01
3.49506796E-01  1.00367165E+00  1.11595787E-01
3.49896653E-01  9.08836365E-01  1.11996025E-01
3.50286510E-01  8.63605499E-01  1.11580543E-01
3.50676367E-01  8.56897354E-01  1.11788295E-01
3.51066224E-01  9.58034515E-01  1.12044021E-01
3.51456081E-01  1.03062630E+00  1.12166211E-01
3.51845938E-01  9.67134476E-01  1.12239726E-01
3.52235795E-01  9.79841232E-01  1.12229124E-01
3.52625652E-01  9.54429626E-01  1.12445965E-01
3.53015509E-01  9.87079620E-01  1.12728722E-01
3.53405366E-01  9.84481812E-01  1.12862311E-01
3.53795223E-01  8.18902969E-01  1.13270961E-01
3.54185080E-01  8.11971664E-01  1.13129675E-01
3.54574937E-01  8.47444534E-01  1.13349617E-01
3.54964794E-01  9.42377090E-01  1.13367155E-01
3.55354651E-01  7.82897949E-01  1.13421977E-01
3.55744508E-01  7.59609222E-01  1.14139937E-01
3.56134365E-01  8.16976547E-01  1.13698721E-01
3.56524222E-01  6.53646469E-01  1.14203900E-01
3.56914079E-01  6.78516388E-01  1.14141129E-01
3.57303936E-01  7.00519562E-01  1.14391096E-01
3.57693793E-01  9.51974869E-01  1.14447154E-01
3.58083650E-01  1.13737297E+00  1.14675894E-01
3.58473507E-01  9.14985657E-01  1.14758901E-01
3.58863364E-01  8.17483902E-01  1.15133107E-01
3.59253221E-01  8.78978729E-01  1.15014419E-01
3.59643078E-01  7.68436432E-01  1.15145221E-01
3.60032935E-01  7.95663834E-01  1.15698718E-01
3.60422792E-01  9.43298340E-01  1.15783401E-01
3.60812649E-01  9.24102783E-01  1.15782060E-01
3.61202506E-01  9.92124557E-01  1.15658984E-01
3.61592363E-01  8.29515457E-01  1.15826301E-01
3.61982220E-01  8.80884171E-01  1.17570668E-01
3.62372077E-01  7.73939133E-01  1.19344078E-01
3.62761934E-01  7.70811081E-01  1.20291278E-01
3.63151791E-01  7.84894943E-01  1.21234767E-01
3.63541648E-01  7.33236313E-01  1.21693641E-01
3.63931505E-01  7.15623856E-01  1.22780398E-01
3.64321362E-01  5.46649933E-01  1.23359516E-01
3.64711219E-01  6.49164200E-01  1.24505065E-01
3.65101076E-01  8.96394730E-01  1.25175670E-01
3.65490933E-01  7.74616241E-01  1.25808269E-01
3.65880790E-01  5.41996002E-01  1.26799658E-01
3.66270647E-01  5.21585464E-01  1.27078623E-01
3.66660504E-01  5.86517334E-01  1.27557322E-01
3.67050361E-01  6.25812531E-01  1.28233552E-01
3.67440218E-01  9.31571960E-01  1.28124192E-01
3.67830075E-01  6.99901581E-01  1.29379690E-01
3.68219932E-01  6.80240631E-01  1.30061314E-01
3.68609789E-01  8.50715637E-01  1.30305469E-01
3.68999646E-01  5.54603577E-01  1.31282553E-01
3.69389503E-01  6.10601425E-01  1.31918922E-01
3.69779360E-01  8.92507553E-01  1.32441998E-01
3.70169217E-01  7.81776428E-01  1.32896483E-01
3.70559074E-01  7.65985489E-01  1.33560151E-01
3.70948931E-01  7.21803665E-01  1.33985654E-01
3.71338788E-01  6.98165894E-01  1.34661645E-01
3.71728645E-01  5.75761795E-01  1.35279894E-01
3.72118502E-01  7.20575333E-01  1.36248380E-01
3.72508359E-01  6.62025452E-01  1.37005284E-01
3.72898216E-01  7.58737564E-01  1.37184888E-01
3.73288073E-01  7.99667358E-01  1.38049811E-01
3.73677930E-01  9.71282959E-01  1.38318121E-01
3.74067787E-01  5.41313171E-01  1.39042184E-01
3.74457644E-01  4.73245621E-01  1.39744282E-01
3.74847501E-01  5.97339630E-01  1.40405655E-01
3.75237358E-01  4.26599503E-01  1.41196936E-01
3.75627215E-01  6.24408722E-01  1.41546860E-01
3.76017072E-01  7.81150818E-01  1.42046615E-01
3.76406929E-01  5.23759842E-01  1.42355338E-01
3.76796786E-01  7.03300476E-01  1.43135667E-01
3.77186643E-01  8.30015182E-01  1.43926144E-01
3.77576500E-01  5.81998825E-01  1.44298106E-01
3.77966357E-01  5.45469284E-01  1.44885749E-01
3.78356214E-01  4.80636597E-01  1.44992352E-01
3.78746071E-01  4.16980743E-01  1.45535171E-01
3.79135928E-01  4.90953445E-01  1.46182165E-01
3.79525785E-01  3.57013702E-01  1.46482274E-01
3.79915642E-01  5.02737045E-01  1.47035390E-01
3.80305499E-01  5.70493698E-01  1.47941634E-01
3.80695356E-01  5.85170746E-01  1.48458973E-01
3.81085213E-01  5.65223694E-01  1.48548722E-01
3.81475070E-01  6.73322678E-01  1.49030596E-01
3.81864927E-01  3.57463837E-01  1.49532497E-01
3.82254784E-01  3.90712738E-01  1.50314987E-01
3.82644641E-01  5.30815125E-01  1.50216833E-01
3.83034498E-01  1.79248810E-01  1.51507005E-01
3.83424355E-01  4.12847519E-01  1.51745379E-01
3.83814212E-01  2.96318054E-01  1.52730227E-01
3.84204069E-01  5.63987732E-01  1.53774992E-01
3.84593926E-01  5.92906952E-01  1.54555723E-01
3.84983783E-01  2.01992035E-01  1.54815510E-01
3.85373640E-01  6.49433136E-02  1.55489087E-01
3.85763497E-01  6.12701416E-01  1.56213477E-01
3.86153354E-01  5.26762009E-01  1.56808928E-01
3.86543211E-01  5.03723145E-01  1.57536000E-01
3.86933068E-01  4.86980438E-01  1.57648802E-01
3.87322925E-01  4.59499359E-01  1.57871157E-01
3.87712782E-01  2.54816055E-01  1.58581614E-01
3.88102639E-01  4.52365875E-01  1.58913091E-01
3.88492496E-01  4.01870728E-01  1.59990326E-01
3.88882353E-01  3.83806229E-01  1.59998626E-01
3.89272210E-01  3.27484131E-01  1.60345674E-01
3.89662067E-01  3.31783295E-01  1.61408633E-01
3.90051924E-01  3.65217209E-01  1.61439180E-01
3.90441781E-01  2.45271683E-01  1.61473364E-01
3.90831638E-01  1.46457672E-01  1.62737921E-01
3.91221495E-01  4.21161652E-01  1.63185552E-01
3.91611352E-01  6.84154510E-01  1.64253429E-01
3.92001209E-01  5.53394318E-01  1.64709643E-01
3.92391066E-01  4.60290909E-01  1.65138185E-01
3.92780923E-01  3.94485474E-01  1.66281447E-01
3.93170780E-01  7.52700806E-01  1.66966408E-01
3.93560637E-01  9.11792755E-01  1.67340189E-01
3.93950494E-01  7.82005310E-01  1.68009743E-01
3.94340351E-01  5.48313141E-01  1.68848529E-01
3.94730208E-01  7.03977585E-01  1.69804394E-01
3.95120065E-01  4.54044342E-01  1.70000911E-01
3.95509922E-01  4.88668442E-01  1.70630306E-01
3.95899779E-01  2.01496124E-01  1.71542585E-01
3.96289636E-01  -2.31082916E-01  1.71889722E-01
3.96679493E-01  3.37974548E-01  1.72313526E-01
3.97069350E-01  -1.41700745E-01  1.73385814E-01
3.97459207E-01  1.20307922E-01  1.74237385E-01
3.97849064E-01  4.85376358E-01  1.74353346E-01
3.98238921E-01  3.95631790E-01  1.75673291E-01
3.98628778E-01  5.56238174E-01  1.76001132E-01
3.99018635E-01  3.67906570E-01  1.75866380E-01
3.99408492E-01  -6.25000000E-02  1.77628472E-01
3.99798349E-01  2.24174500E-01  1.78385332E-01
4.00188206E-01  4.10247803E-01  1.79316774E-01
4.00578063E-01  1.35181427E-01  1.80260554E-01
4.00967920E-01  7.26604462E-02  1.81159049E-01
4.01357777E-01  4.99170303E-01  1.81845203E-01
4.01747634E-01  2.78364182E-01  1.82238653E-01
4.02137491E-01  5.16323090E-01  1.83344975E-01
4.02527348E-01  4.15756226E-01  1.83604062E-01
4.02917205E-01  8.31451416E-02  1.83847249E-01
4.03307062E-01  2.68877029E-01  1.86073154E-01
4.03696919E-01  5.52967072E-01  1.86707288E-01
4.04086776E-01  2.18725204E-01  1.88079178E-01
4.04476633E-01  1.50388718E-01  1.88614234E-01
4.04866490E-01  2.45527267E-01  1.89073935E-01
4.05256347E-01  1.49288177E-02  1.89241841E-01
4.05646204E-01  2.46442795E-01  1.91303387E-01
4.06036061E-01  4.14030075E-01  1.91303641E-01
4.06425918E-01  5.55820465E-01  1.92884281E-01
4.06815775E-01  1.19249344E-01  1.94130138E-01
4.07205632E-01  -1.73145294E-01  1.94198683E-01
4.07595489E-01  7.83481598E-02  1.96357340E-01
4.07985346E-01  -1.69754028E-04  1.96460307E-01
4.08375203E-01  1.02933884E-01  1.97901070E-01
4.08765060E-01  1.52303696E-01  1.98378921E-01
4.09154917E-01  1.42988205E-01  1.98764190E-01
4.09544774E-01  2.74734497E-01  2.00044811E-01
4.09934631E-01  3.70645523E-01  2.01628923E-01
4.10324488E-01  -2.26457596E-01  2.03260615E-01
4.10714345E-01  1.01594925E-01  2.03459039E-01
4.11104202E-01  1.22915268E-01  2.05367252E-01
4.11494059E-01  3.92810822E-01  2.05793127E-01
4.11883916E-01  1.67394638E-01  2.07357198E-01
4.12273773E-01  3.73271942E-01  2.08710462E-01
4.12663630E-01  2.03992844E-01  2.09709972E-01
4.13053487E-01  1.16483688E-01  2.10228488E-01
4.13443344E-01  -2.78663635E-02  2.10841805E-01
4.13833201E-01  -5.05964279E-01  2.11927280E-01
4.14223058E-01  -2.96710968E-01  2.13932589E-01
4.14612915E-01  4.79736328E-02  2.15411469E-01
4.15002772E-01  2.03033447E-01  2.17108697E-01
4.15392629E-01  -2.87391663E-01  2.17568144E-01
4.15782486E-01  2.34226227E-01  2.19136164E-01
4.16172343E-01  3.44463348E-01  2.19824940E-01
4.16562200E-01  3.34537506E-01  2.20916435E-01
4.16952057E-01  2.89590836E-01  2.23225251E-01
4.17341914E-01  1.10437393E-01  2.24167302E-01
4.17731771E-01  -6.56642914E-02  2.25287572E-01
4.18121628E-01  5.38730621E-02  2.26095229E-01
4.18511485E-01  -5.48171997E-02  2.27743909E-01
4.18901342E-01  -1.68527603E-01  2.28489280E-01
4.19291199E-01  7.44056702E-03  2.29999289E-01
4.19681056E-01  3.53298187E-02  2.33160064E-01
4.20070912E-01  -2.01709747E-01  2.33715266E-01
4.20460769E-01  -1.55645370E-01  2.35071868E-01
4.20850626E-01  1.03778839E-01  2.36968741E-01
4.21240483E-01  -3.70292664E-02  2.39162073E-01
4.21630340E-01  -5.66707611E-01  2.40410984E-01
4.22020197E-01  -2.06718445E-01  2.41142869E-01
4.22410054E-01  -1.64278030E-01  2.43364319E-01
4.22799911E-01  -2.50415802E-02  2.44777888E-01
4.23189768E-01  -5.81645966E-02  2.46510074E-01
4.23579625E-01  -9.31777954E-02  2.47448683E-01
4.23969482E-01  4.45346832E-02  2.49756157E-01
4.24359339E-01  9.53407288E-02  2.51246631E-01
4.24749196E-01  -2.14750290E-01  2.51156121E-01
4.25139053E-01  -4.49586868E-01  2.55963266E-01
4.25528910E-01  -3.82238388E-01  2.56591558E-01
4.25918767E-01  -1.82334900E-01  2.58624345E-01
4.26308624E-01  -3.44276428E-03  2.61403352E-01
4.26698481E-01  1.78430557E-01  2.61995971E-01
4.27088338E-01  3.51009369E-02  2.64990985E-01
4.27478195E-01  -3.13726425E-01  2.65119791E-01
4.27868052E-01  -2.00391769E-01  2.68439800E-01
4.28257909E-01  1.88751221E-01  2.70591587E-01
4.28647766E-01  4.35649872E-01  2.71462142E-01
4.29037623E-01  3.37850571E-01  2.73391902E-01
4.29427480E-01  -2.51207352E-01  2.73547918E-01
4.29817337E-01  -6.60455704E-01  2.75636971E-01
4.30207194E-01  -5.21358490E-01  2.77242005E-01
4.30597051E-01  -2.40867615E-01  2.79217601E-01
4.30986908E-01  -6.47239685E-01  2.80491769E-01
4.31376765E-01  -2.25555420E-01  2.82713085E-01
4.31766622E-01  -2.00353622E-01  2.86268324E-01
4.32156479E-01  -3.58903885E-01  2.87807107E-01
4.32546336E-01  -9.56996918E-01  2.88453013E-01
4.32936193E-01  -2.70029068E-01  2.91868687E-01
4.33326050E-01  -1.09916687E-01  2.94187576E-01
4.33715907E-01  -4.01683807E-01  2.97490835E-01
4.34105764E-01  -2.89438248E-01  3.03720802E-01
4.34495621E-01  -4.04453278E-01  3.04559082E-01
4.34885478E-01  -1.25194550E-01  3.08085740E-01
4.35275335E-01  -8.22658539E-02  3.08172673E-01
4.35665192E-01  -2.33692169E-01  3.14233840E-01
4.36055049E-01  -3.41875076E-01  3.14701289E-01
4.36444906E-01  -1.16844177E-02  3.18878800E-01
4.36834763E-01  -3.55562210E-01  3.20559949E-01
4.37224620E-01  -1.02004814E+00  3.26385200E-01
4.37614477E-01  -3.48634720E-01  3.28737736E-01
4.38004334E-01  4.56489563E-01  3.31613809E-01
4.38394191E-01  -3.61288071E-01  3.35371882E-01
4.38784048E-01  1.31717682E-01  3.39283347E-01
4.39173905E-01  -6.36138916E-02  3.38677347E-01
4.39563762E-01  -1.31589890E-01  3.42038393E-01
4.39953619E-01  2.13476181E-01  3.44968945E-01
4.40343476E-01  8.41878891E-01  3.51445794E-01
4.40733333E-01  -4.98584747E-01  3.51350486E-01
4.41123190E-01  -8.41997147E-01  3.51593137E-01
4.41513047E-01  -6.32362366E-01  3.54508966E-01
4.41902904E-01  -2.15662003E-01  3.55003268E-01
4.42292761E-01  -2.28128433E-01  3.56879562E-01
4.42682618E-01  -5.50228119E-01  3.60122472E-01
4.43072475E-01  -3.94487381E-01  3.64383668E-01
4.43462332E-01  -4.68019485E-01  3.63507032E-01
4.43852189E-01  -1.83694839E-01  3.66729200E-01
4.44242046E-01  -1.00462151E+00  3.65806520E-01
4.44631903E-01  -4.68437195E-01  3.70458156E-01
4.45021760E-01  -1.37540817E-01  3.69699061E-01
4.45411617E-01  -8.05627823E-01  3.75731558E-01
4.45801474E-01  -7.82554626E-01  3.80179316E-01
4.46191331E-01  -4.25760269E-01  3.80667657E-01
4.46581188E-01  -8.09690475E-01  3.82013023E-01
4.46971045E-01  -3.65007401E-01  3.78264010E-01
4.47360902E-01  -8.34358215E-01  3.86050105E-01
4.47750759E-01  -7.31178284E-01  3.87992501E-01
4.48140616E-01  -9.22365189E-01  3.87433469E-01
4.48530473E-01  -9.82147217E-01  3.90997827E-01
4.48920330E-01  -2.34344482E-01  3.93504918E-01
4.49310187E-01  -3.38436127E-01  3.94518942E-01
4.49700044E-01  -4.66243744E-01  3.98903787E-01
4.50089901E-01  -8.40944290E-01  4.00717109E-01
4.50479758E-01  -1.03342819E+00  4.04986292E-01
4.50869615E-01  -1.11724472E+00  4.04674530E-01
4.51259472E-01  -1.58201218E-01  4.04066712E-01
4.51649329E-01  -7.34659195E-01  4.05146152E-01
4.52039186E-01  -3.58963013E-01  4.13819969E-01
4.52429043E-01  -7.53959656E-01  4.14809376E-01
4.52818900E-01  -3.16179276E-01  4.19236004E-01
4.53208757E-01  -1.59938812E-01  4.19620275E-01
4.53598614E-01  -7.92196274E-01  4.18603033E-01
4.53988471E-01  -6.59448624E-01  4.26656902E-01
4.54378328E-01  -3.51810455E-01  4.25546050E-01


### HEADER:
#
#{
#    "analysis": {},
#    "calibration_params": {
#        "Beam_Center_X": 644.3978066834728,
#        "Beam_Center_Y": 752.0474301231778,
#        "Detector Tilt": 0.08709704591626237,
#        "Detector Tilt Plane Rotation": 95.0001420643864,
#        "Detector_X_Pixel_Size": 172.0,
#        "Detector_Y_Pixel_Size": 172.0,
#        "Integration Method": "full_csr",
#        "Radial_Average_Method": "pyFAI",
#        "Sample-to-detector distance (mm)": 2676.5799098693146,
#        "Wavelength (A)": 1.0332016536100022
#    },
#    "config_file": "D:\\Desktop\\20241114.cfg",
#    "filename": "S_LK-1_00015.dat",
#    "history": {
#        "subtraction": {
#            "initial_file": [
#                "LK-1_00015.tif"
#            ],
#            "subtracted_file": [
#                "LK-0_00001.tif"
#            ]
#        }
#    },
#    "imageHeader": {
#        "Count_cutoff": "1409688 counts",
#        "Excluded_pixels": "badpix_mask.tif",
#        "Exposure_period": "1.0000000 s",
#        "Exposure_time": "1.0000000 s",
#        "Flat_field": "FF_p24-0163_E8048_T4024_vrf_m0p100.tif",
#        "Gain_setting": "autog (vrf = 1.000)",
#        "Image_path": "/public/Data/2024/202411/20241115/sunrui/",
#        "N_excluded_pixels": "61",
#        "Pixel_size": "172e-6 m x 172e-6 m",
#        "Ratecorr_lut_directory": "ContinuousStandard_v1.1",
#        "Retrigger_mode": "1",
#        "Silicon": "sensor, thickness 0.000450",
#        "Start_angle": "0.0000 deg.",
#        "Tau": "0 s",
#        "Threshold_setting": "4024 eV",
#        "Trim_file": "p24-0163_E8048_T4024.bin"
#    },
#    "normalizations": {
#        "Polarization": {
#            "Used": false
#        },
#        "Solid_Angle_Correction": "On"
#    },
#    "raw_version": "2.2.2",
#    "unit": ""
#}

