### DATA:
#
# 1150
#      Q             I(Q)           Error     
6.43264042E-03  1.54411926E+02  4.07501888E+00
6.82249742E-03  1.39084290E+02  3.25087070E+00
7.21235441E-03  1.26913452E+02  2.73103094E+00
7.60221141E-03  1.18844849E+02  2.33688784E+00
7.99206840E-03  1.06303604E+02  2.08076358E+00
8.38192540E-03  1.00472214E+02  1.87722063E+00
8.77178240E-03  1.00484482E+02  1.71865404E+00
9.16163939E-03  9.68043365E+01  1.58105481E+00
9.55149639E-03  9.05707855E+01  1.45110476E+00
9.94135338E-03  8.69743271E+01  1.34155190E+00
1.03312104E-02  8.49908524E+01  1.25236440E+00
1.07210674E-02  8.27771378E+01  1.16779768E+00
1.11109244E-02  8.00496445E+01  1.10122836E+00
1.15007814E-02  7.63166122E+01  1.04192543E+00
1.18906384E-02  7.73793182E+01  9.89842534E-01
1.22804954E-02  7.70922775E+01  9.42176998E-01
1.26703523E-02  7.75271301E+01  9.02016342E-01
1.30602093E-02  7.45187225E+01  8.62481177E-01
1.34500663E-02  7.31459579E+01  8.27692568E-01
1.38399233E-02  7.39522934E+01  8.03463578E-01
1.42297803E-02  7.38650360E+01  7.73876309E-01
1.46196373E-02  7.17883530E+01  7.48562813E-01
1.50094943E-02  7.35263062E+01  7.29853749E-01
1.53993513E-02  7.33809662E+01  7.09871173E-01
1.57892083E-02  7.31755371E+01  6.90566242E-01
1.61790653E-02  7.29929352E+01  6.73672915E-01
1.65689223E-02  7.34758606E+01  6.59001231E-01
1.69587793E-02  7.31287079E+01  6.45178616E-01
1.73486363E-02  7.27685394E+01  6.34157658E-01
1.77384933E-02  7.22456818E+01  6.16678417E-01
1.81283503E-02  7.16961212E+01  6.07401192E-01
1.85182073E-02  7.17461090E+01  5.95134914E-01
1.89080643E-02  7.26884842E+01  5.87452650E-01
1.92979213E-02  7.08486786E+01  5.72131574E-01
1.96877783E-02  7.00630493E+01  5.63580275E-01
2.00776353E-02  7.04047318E+01  5.54991305E-01
2.04674923E-02  7.06036301E+01  5.47948718E-01
2.08573493E-02  6.98476105E+01  5.41244686E-01
2.12472062E-02  7.03346710E+01  5.30527651E-01
2.16370632E-02  6.96914444E+01  5.21310627E-01
2.20269202E-02  6.93190079E+01  5.14575839E-01
2.24167772E-02  6.95403061E+01  5.09814322E-01
2.28066342E-02  6.86309204E+01  4.99226063E-01
2.31964912E-02  6.78199997E+01  4.94703889E-01
2.35863482E-02  6.70842667E+01  4.87909138E-01
2.39762052E-02  6.71622238E+01  4.83735293E-01
2.43660622E-02  6.72251740E+01  4.77178097E-01
2.47559192E-02  6.65686798E+01  4.70918179E-01
2.51457762E-02  6.66879349E+01  4.66905147E-01
2.55356332E-02  6.60288544E+01  4.61282283E-01
2.59254902E-02  6.51094971E+01  4.55370903E-01
2.63153472E-02  6.46391754E+01  4.48994428E-01
2.67052042E-02  6.45775146E+01  4.45119947E-01
2.70950612E-02  6.38657455E+01  4.39621359E-01
2.74849182E-02  6.23933830E+01  4.33145881E-01
2.78747752E-02  6.19676399E+01  4.30327326E-01
2.82646322E-02  6.14765244E+01  4.24595892E-01
2.86544892E-02  6.08571548E+01  4.20305133E-01
2.90443462E-02  6.04657555E+01  4.16400820E-01
2.94342031E-02  5.92303085E+01  4.10857856E-01
2.98240601E-02  5.87999191E+01  4.05456185E-01
3.02139171E-02  5.82214737E+01  4.00604844E-01
3.06037741E-02  5.74195786E+01  4.03221995E-01
3.09936311E-02  5.63195190E+01  4.05512214E-01
3.13834881E-02  5.60049210E+01  4.08728927E-01
3.17733451E-02  5.59105835E+01  4.08394098E-01
3.21632021E-02  5.42951355E+01  4.05664623E-01
3.25530591E-02  5.35058212E+01  4.04846877E-01
3.29429161E-02  5.36565399E+01  4.05797511E-01
3.33327731E-02  5.24497375E+01  4.01606679E-01
3.37226301E-02  5.30689163E+01  4.00355220E-01
3.41124871E-02  5.12354813E+01  3.97507489E-01
3.45023441E-02  5.05569115E+01  3.96164030E-01
3.48922011E-02  5.04086609E+01  3.93777758E-01
3.52820581E-02  4.97524452E+01  3.90890419E-01
3.56719151E-02  4.89923172E+01  3.89755934E-01
3.60617721E-02  4.77074242E+01  3.86645079E-01
3.64516291E-02  4.66740494E+01  3.85162383E-01
3.68414861E-02  4.59517059E+01  3.83252740E-01
3.72313431E-02  4.61929169E+01  3.81251365E-01
3.76212001E-02  4.45709076E+01  3.70342702E-01
3.80110570E-02  4.42436523E+01  3.61168295E-01
3.84009140E-02  4.41585693E+01  3.54367226E-01
3.87907710E-02  4.35762558E+01  3.50884229E-01
3.91806280E-02  4.34163284E+01  3.47299635E-01
3.95704850E-02  4.19572868E+01  3.40410322E-01
3.99603420E-02  4.10240555E+01  3.36775631E-01
4.03501990E-02  4.08638382E+01  3.31754982E-01
4.07400560E-02  4.05719528E+01  3.30202460E-01
4.11299130E-02  3.99473228E+01  3.26861650E-01
4.15197700E-02  3.92840271E+01  3.23706478E-01
4.19096270E-02  3.84913330E+01  3.19757223E-01
4.22994840E-02  3.79777756E+01  3.17116320E-01
4.26893410E-02  3.73789177E+01  3.11583579E-01
4.30791980E-02  3.68419685E+01  3.05924416E-01
4.34690550E-02  3.63206558E+01  3.01121593E-01
4.38589120E-02  3.56079140E+01  2.99838275E-01
4.42487690E-02  3.55334015E+01  2.97173917E-01
4.46386260E-02  3.47535591E+01  2.93507099E-01
4.50284830E-02  3.43044815E+01  2.90868968E-01
4.54183400E-02  3.35042801E+01  2.90312290E-01
4.58081970E-02  3.36375198E+01  2.90724635E-01
4.61980539E-02  3.32601929E+01  2.90742218E-01
4.65879109E-02  3.26114616E+01  2.90014476E-01
4.69777679E-02  3.24811249E+01  2.90191352E-01
4.73676249E-02  3.16027794E+01  2.90406883E-01
4.77574819E-02  3.09296646E+01  2.89559662E-01
4.81473389E-02  3.06385422E+01  2.87605643E-01
4.85371959E-02  3.01604271E+01  2.86954939E-01
4.89270529E-02  3.03023453E+01  2.87155718E-01
4.93169099E-02  2.93172550E+01  2.85291672E-01
4.97067669E-02  2.88969841E+01  2.84645706E-01
5.00966239E-02  2.82526722E+01  2.82067209E-01
5.04864809E-02  2.80943165E+01  2.83040315E-01
5.08763379E-02  2.77747612E+01  2.80853003E-01
5.12661949E-02  2.77232380E+01  2.79862851E-01
5.16560519E-02  2.69829693E+01  2.78756291E-01
5.20459089E-02  2.62016716E+01  2.78026909E-01
5.24357659E-02  2.58454227E+01  2.75434732E-01
5.28256229E-02  2.59329071E+01  2.72585809E-01
5.32154799E-02  2.52305813E+01  2.68219620E-01
5.36053369E-02  2.52218513E+01  2.64753640E-01
5.39951939E-02  2.50514812E+01  2.62150109E-01
5.43850509E-02  2.45941658E+01  2.59717345E-01
5.47749078E-02  2.38435154E+01  2.57080972E-01
5.51647648E-02  2.36728611E+01  2.55120665E-01
5.55546218E-02  2.33231277E+01  2.52417535E-01
5.59444788E-02  2.27525558E+01  2.50047863E-01
5.63343358E-02  2.27595959E+01  2.48781413E-01
5.67241928E-02  2.27245407E+01  2.47061729E-01
5.71140498E-02  2.22193012E+01  2.44978324E-01
5.75039068E-02  2.15871716E+01  2.42898166E-01
5.78937638E-02  2.16969948E+01  2.42131948E-01
5.82836208E-02  2.11236954E+01  2.40749657E-01
5.86734778E-02  2.07172680E+01  2.42854014E-01
5.90633348E-02  2.05542908E+01  2.43660688E-01
5.94531918E-02  2.02328892E+01  2.43766829E-01
5.98430488E-02  2.01401825E+01  2.42841259E-01
6.02329058E-02  1.99962044E+01  2.42946401E-01
6.06227628E-02  1.94811821E+01  2.42473930E-01
6.10126198E-02  1.90650673E+01  2.43168160E-01
6.14024768E-02  1.90218964E+01  2.41183236E-01
6.17923338E-02  1.89000893E+01  2.36900195E-01
6.21821908E-02  1.87197056E+01  2.33968019E-01
6.25720478E-02  1.83346691E+01  2.32453525E-01
6.29619048E-02  1.80079155E+01  2.29892895E-01
6.33517617E-02  1.77215633E+01  2.28605837E-01
6.37416187E-02  1.71820335E+01  2.26659343E-01
6.41314757E-02  1.73925743E+01  2.24550232E-01
6.45213327E-02  1.73962917E+01  2.24018678E-01
6.49111897E-02  1.70511436E+01  2.22410247E-01
6.53010467E-02  1.68434029E+01  2.20569700E-01
6.56909037E-02  1.62109337E+01  2.18886375E-01
6.60807607E-02  1.65395870E+01  2.18105391E-01
6.64706177E-02  1.60699501E+01  2.15895966E-01
6.68604747E-02  1.60422726E+01  2.14351743E-01
6.72503317E-02  1.62470150E+01  2.13694587E-01
6.76401887E-02  1.57800903E+01  2.12398946E-01
6.80300457E-02  1.52241993E+01  2.10175261E-01
6.84199027E-02  1.55030727E+01  2.09667191E-01
6.88097597E-02  1.51222076E+01  2.08124340E-01
6.91996167E-02  1.46119003E+01  2.06756964E-01
6.95894737E-02  1.47787189E+01  2.06634283E-01
6.99793307E-02  1.49603920E+01  2.05485106E-01
7.03691877E-02  1.41641407E+01  2.04672188E-01
7.07590447E-02  1.41238785E+01  2.03937963E-01
7.11489017E-02  1.42138577E+01  2.03219265E-01
7.15387586E-02  1.39758167E+01  2.02293783E-01
7.19286156E-02  1.45103550E+01  2.01676428E-01
7.23184726E-02  1.40767479E+01  2.00265348E-01
7.27083296E-02  1.35929337E+01  2.00083122E-01
7.30981866E-02  1.35733147E+01  1.98800087E-01
7.34880436E-02  1.32134609E+01  1.98037222E-01
7.38779006E-02  1.29616776E+01  1.96652129E-01
7.42677576E-02  1.25648823E+01  1.96242154E-01
7.46576146E-02  1.25156479E+01  1.94811046E-01
7.50474716E-02  1.26107235E+01  1.93753749E-01
7.54373286E-02  1.25541592E+01  1.92032650E-01
7.58271856E-02  1.24154701E+01  1.91784814E-01
7.62170426E-02  1.24513969E+01  1.91213295E-01
7.66068996E-02  1.23652039E+01  1.89912930E-01
7.69967566E-02  1.22316628E+01  1.89879522E-01
7.73866136E-02  1.19223366E+01  1.88513160E-01
7.77764706E-02  1.20181675E+01  1.88300014E-01
7.81663276E-02  1.19812622E+01  1.87486768E-01
7.85561846E-02  1.19526196E+01  1.86062008E-01
7.89460416E-02  1.19348373E+01  1.86309516E-01
7.93358986E-02  1.15791874E+01  1.85933694E-01
7.97257556E-02  1.10103130E+01  1.85203776E-01
8.01156125E-02  1.11706448E+01  1.84100956E-01
8.05054695E-02  1.12664642E+01  1.84057802E-01
8.08953265E-02  1.11718445E+01  1.83072269E-01
8.12851835E-02  1.09758492E+01  1.82418779E-01
8.16750405E-02  1.09137821E+01  1.82311088E-01
8.20648975E-02  1.07829037E+01  1.81310460E-01
8.24547545E-02  1.07621918E+01  1.80259407E-01
8.28446115E-02  1.05998096E+01  1.79723471E-01
8.32344685E-02  1.07414627E+01  1.78858489E-01
8.36243255E-02  1.01889706E+01  1.78925574E-01
8.40141825E-02  1.03816795E+01  1.78111404E-01
8.44040395E-02  1.01418438E+01  1.77317336E-01
8.47938965E-02  9.98795700E+00  1.76828608E-01
8.51837535E-02  1.00786533E+01  1.76801175E-01
8.55736105E-02  9.78136063E+00  1.75183192E-01
8.59634675E-02  9.86478233E+00  1.75403640E-01
8.63533245E-02  9.41634560E+00  1.75165892E-01
8.67431815E-02  9.55957031E+00  1.74415663E-01
8.71330385E-02  9.54599953E+00  1.73649028E-01
8.75228955E-02  9.29543114E+00  1.73271656E-01
8.79127525E-02  9.53978157E+00  1.72294989E-01
8.83026094E-02  9.39117813E+00  1.71753407E-01
8.86924664E-02  9.11268997E+00  1.71083435E-01
8.90823234E-02  9.19885254E+00  1.70446903E-01
8.94721804E-02  9.21833420E+00  1.70482397E-01
8.98620374E-02  9.05495453E+00  1.69766769E-01
9.02518944E-02  8.82460022E+00  1.68916672E-01
9.06417514E-02  9.09435654E+00  1.68869838E-01
9.10316084E-02  8.75358963E+00  1.68088943E-01
9.14214654E-02  8.97423744E+00  1.67507231E-01
9.18113224E-02  8.94043350E+00  1.67009607E-01
9.22011794E-02  8.96184731E+00  1.66931614E-01
9.25910364E-02  8.89007378E+00  1.66231975E-01
9.29808934E-02  8.68208694E+00  1.65660471E-01
9.33707504E-02  8.54570389E+00  1.65141478E-01
9.37606074E-02  8.63693237E+00  1.64707169E-01
9.41504644E-02  8.38799095E+00  1.64835572E-01
9.45403214E-02  8.26961899E+00  1.63346529E-01
9.49301784E-02  8.28514099E+00  1.63281873E-01
9.53200354E-02  8.47236252E+00  1.62688702E-01
9.57098924E-02  8.27645493E+00  1.62170082E-01
9.60997494E-02  8.01916695E+00  1.62032828E-01
9.64896064E-02  7.79059982E+00  1.61396876E-01
9.68794633E-02  8.07428551E+00  1.60970733E-01
9.72693203E-02  7.95697594E+00  1.60631701E-01
9.76591773E-02  8.11333275E+00  1.59635231E-01
9.80490343E-02  7.87752342E+00  1.59609094E-01
9.84388913E-02  8.02924919E+00  1.59430787E-01
9.88287483E-02  7.58390236E+00  1.58849329E-01
9.92186053E-02  7.59061432E+00  1.58454478E-01
9.96084623E-02  7.39474106E+00  1.58214793E-01
9.99983193E-02  7.32148170E+00  1.57388836E-01
1.00388176E-01  7.56157875E+00  1.56657279E-01
1.00778033E-01  7.27381706E+00  1.56260446E-01
1.01167890E-01  7.22921944E+00  1.56315103E-01
1.01557747E-01  7.33873558E+00  1.55907944E-01
1.01947604E-01  7.34989166E+00  1.55734077E-01
1.02337461E-01  7.11394501E+00  1.55067757E-01
1.02727318E-01  7.38592911E+00  1.54993579E-01
1.03117175E-01  6.93184280E+00  1.54190361E-01
1.03507032E-01  7.00090027E+00  1.54059157E-01
1.03896889E-01  7.03187561E+00  1.53670326E-01
1.04286746E-01  7.22766876E+00  1.53419286E-01
1.04676603E-01  7.10832024E+00  1.53008968E-01
1.05066460E-01  6.86618423E+00  1.52200490E-01
1.05456317E-01  6.98986435E+00  1.52221322E-01
1.05846174E-01  6.99756241E+00  1.51856139E-01
1.06236031E-01  6.96559334E+00  1.50935531E-01
1.06625888E-01  6.83585167E+00  1.50464997E-01
1.07015745E-01  6.98699379E+00  1.50626957E-01
1.07405602E-01  6.92468071E+00  1.50064722E-01
1.07795459E-01  6.65222359E+00  1.50074378E-01
1.08185316E-01  6.80370903E+00  1.49902716E-01
1.08575173E-01  6.77716446E+00  1.49014503E-01
1.08965030E-01  6.50391579E+00  1.48781180E-01
1.09354887E-01  6.65854263E+00  1.48792833E-01
1.09744744E-01  6.59586716E+00  1.48371249E-01
1.10134601E-01  6.94050598E+00  1.48007944E-01
1.10524458E-01  6.67173576E+00  1.47938997E-01
1.10914315E-01  6.55019188E+00  1.47823602E-01
1.11304172E-01  6.48473549E+00  1.46816462E-01
1.11694029E-01  6.62043953E+00  1.46264121E-01
1.12083886E-01  6.53160095E+00  1.45997748E-01
1.12473743E-01  6.51668167E+00  1.45926699E-01
1.12863600E-01  6.32241821E+00  1.45314023E-01
1.13253457E-01  6.17781258E+00  1.45648852E-01
1.13643314E-01  6.18032074E+00  1.47137508E-01
1.14033171E-01  6.23538208E+00  1.47719860E-01
1.14423028E-01  6.37797737E+00  1.48172572E-01
1.14812885E-01  6.33863640E+00  1.48006827E-01
1.15202742E-01  6.39027023E+00  1.48135245E-01
1.15592599E-01  6.39455605E+00  1.48889199E-01
1.15982456E-01  6.25967026E+00  1.49268478E-01
1.16372313E-01  5.65994072E+00  1.48104131E-01
1.16762170E-01  5.59066772E+00  1.48720443E-01
1.17152027E-01  5.97048759E+00  1.49038285E-01
1.17541884E-01  5.90883064E+00  1.48749933E-01
1.17931741E-01  5.98758316E+00  1.48974329E-01
1.18321598E-01  6.19209290E+00  1.48865640E-01
1.18711455E-01  6.03130722E+00  1.49235457E-01
1.19101312E-01  5.90419006E+00  1.48838550E-01
1.19491169E-01  5.72980881E+00  1.48942456E-01
1.19881026E-01  5.96803284E+00  1.48506314E-01
1.20270883E-01  5.84427071E+00  1.48149848E-01
1.20660740E-01  5.87736511E+00  1.46790832E-01
1.21050597E-01  5.77783966E+00  1.45679772E-01
1.21440454E-01  5.69074821E+00  1.45276621E-01
1.21830311E-01  6.06979942E+00  1.44408733E-01
1.22220168E-01  5.91201591E+00  1.43742532E-01
1.22610025E-01  5.79328537E+00  1.42663166E-01
1.22999882E-01  5.85342789E+00  1.43003762E-01
1.23389739E-01  5.49828911E+00  1.41899511E-01
1.23779596E-01  5.33339882E+00  1.41345814E-01
1.24169453E-01  5.49188614E+00  1.41277581E-01
1.24559310E-01  5.61947250E+00  1.40433326E-01
1.24949167E-01  5.55279541E+00  1.39995083E-01
1.25339024E-01  5.56302452E+00  1.39685154E-01
1.25728881E-01  5.48423576E+00  1.39852449E-01
1.26118738E-01  5.30540657E+00  1.39213532E-01
1.26508595E-01  5.57037354E+00  1.38706684E-01
1.26898452E-01  5.57205772E+00  1.38727456E-01
1.27288309E-01  5.37112045E+00  1.38230518E-01
1.27678166E-01  5.43638229E+00  1.37863502E-01
1.28068023E-01  5.71737671E+00  1.37655511E-01
1.28457880E-01  5.43261719E+00  1.38040274E-01
1.28847737E-01  5.57296371E+00  1.38333425E-01
1.29237594E-01  5.50518417E+00  1.38730928E-01
1.29627451E-01  5.54084206E+00  1.38927490E-01
1.30017308E-01  5.38735771E+00  1.39106110E-01
1.30407165E-01  5.37299347E+00  1.38737470E-01
1.30797022E-01  5.32166100E+00  1.39240369E-01
1.31186879E-01  5.29399490E+00  1.39329076E-01
1.31576736E-01  5.46568298E+00  1.40144870E-01
1.31966593E-01  5.32829666E+00  1.42269656E-01
1.32356450E-01  5.27803612E+00  1.42625779E-01
1.32746307E-01  5.28777504E+00  1.43525630E-01
1.33136164E-01  5.55834961E+00  1.43728599E-01
1.33526021E-01  5.51450729E+00  1.44516602E-01
1.33915878E-01  5.09779549E+00  1.44929767E-01
1.34305735E-01  5.08872795E+00  1.45442992E-01
1.34695592E-01  4.98494148E+00  1.45051658E-01
1.35085449E-01  5.25450134E+00  1.43750519E-01
1.35475306E-01  5.33251762E+00  1.42036900E-01
1.35865163E-01  5.07589722E+00  1.40339106E-01
1.36255020E-01  5.19474030E+00  1.39234945E-01
1.36644877E-01  5.10233498E+00  1.38429046E-01
1.37034734E-01  5.08963776E+00  1.37587890E-01
1.37424591E-01  5.11920738E+00  1.37147889E-01
1.37814448E-01  5.05120850E+00  1.36165783E-01
1.38204305E-01  4.95899200E+00  1.36143222E-01
1.38594162E-01  4.95549774E+00  1.35865197E-01
1.38984019E-01  4.90694809E+00  1.35075897E-01
1.39373876E-01  4.73266602E+00  1.34906322E-01
1.39763733E-01  4.99830818E+00  1.34618983E-01
1.40153590E-01  4.96232224E+00  1.34108886E-01
1.40543447E-01  4.92504692E+00  1.33556291E-01
1.40933304E-01  4.95357704E+00  1.33469120E-01
1.41323161E-01  5.05536461E+00  1.32558778E-01
1.41713018E-01  4.91248322E+00  1.32148340E-01
1.42102875E-01  4.92916489E+00  1.31691352E-01
1.42492732E-01  4.81571007E+00  1.31871045E-01
1.42882589E-01  4.89174271E+00  1.31019652E-01
1.43272446E-01  5.00403595E+00  1.31151810E-01
1.43662303E-01  5.10094070E+00  1.30806878E-01
1.44052160E-01  4.92790985E+00  1.30960330E-01
1.44442017E-01  4.53441620E+00  1.30371556E-01
1.44831874E-01  4.78059769E+00  1.29898235E-01
1.45221731E-01  4.81968880E+00  1.29639477E-01
1.45611588E-01  4.51807022E+00  1.29605591E-01
1.46001445E-01  4.84610939E+00  1.28989711E-01
1.46391302E-01  4.50216293E+00  1.28545836E-01
1.46781159E-01  4.71587563E+00  1.28604695E-01
1.47171016E-01  4.63743019E+00  1.28327027E-01
1.47560873E-01  4.48722458E+00  1.27969533E-01
1.47950730E-01  4.66958618E+00  1.27979919E-01
1.48340587E-01  4.63942909E+00  1.27723545E-01
1.48730444E-01  4.56386757E+00  1.27585173E-01
1.49120301E-01  4.55431557E+00  1.27056539E-01
1.49510158E-01  4.72011566E+00  1.26754567E-01
1.49900015E-01  4.68978882E+00  1.26974553E-01
1.50289872E-01  4.79643059E+00  1.26635492E-01
1.50679729E-01  4.60598755E+00  1.26435265E-01
1.51069586E-01  4.43250656E+00  1.25895128E-01
1.51459443E-01  4.57849884E+00  1.25787362E-01
1.51849300E-01  4.65709305E+00  1.25928074E-01
1.52239157E-01  4.60107994E+00  1.25540376E-01
1.52629014E-01  4.39593315E+00  1.24693662E-01
1.53018871E-01  4.33383751E+00  1.24974802E-01
1.53408728E-01  4.27851677E+00  1.24550566E-01
1.53798585E-01  4.15477562E+00  1.24569185E-01
1.54188442E-01  4.32117271E+00  1.24178074E-01
1.54578299E-01  4.45062828E+00  1.23906650E-01
1.54968156E-01  4.34506416E+00  1.23955041E-01
1.55358013E-01  4.47824287E+00  1.23397179E-01
1.55747870E-01  4.61652946E+00  1.23062000E-01
1.56137727E-01  4.39385986E+00  1.22931637E-01
1.56527584E-01  4.39060020E+00  1.22611485E-01
1.56917441E-01  4.07539368E+00  1.22589543E-01
1.57307298E-01  4.30165482E+00  1.22245654E-01
1.57697155E-01  4.28175354E+00  1.22165717E-01
1.58087012E-01  4.23607826E+00  1.22023948E-01
1.58476869E-01  4.26478386E+00  1.21944934E-01
1.58866726E-01  4.26434517E+00  1.21626228E-01
1.59256583E-01  4.31976128E+00  1.21253774E-01
1.59646440E-01  4.33441162E+00  1.21343136E-01
1.60036297E-01  4.28388977E+00  1.20888941E-01
1.60426154E-01  4.25352287E+00  1.20806031E-01
1.60816011E-01  4.01175308E+00  1.20331220E-01
1.61205868E-01  4.02546883E+00  1.20336555E-01
1.61595725E-01  4.14366913E+00  1.20001182E-01
1.61985582E-01  4.18916321E+00  1.19821414E-01
1.62375439E-01  4.08532715E+00  1.19645543E-01
1.62765296E-01  3.99468422E+00  1.19570270E-01
1.63155153E-01  4.15345955E+00  1.19169772E-01
1.63545010E-01  4.01193047E+00  1.19418971E-01
1.63934867E-01  3.99863052E+00  1.18988350E-01
1.64324724E-01  3.89052391E+00  1.18619531E-01
1.64714581E-01  3.97504807E+00  1.18555956E-01
1.65104438E-01  4.03661156E+00  1.18446693E-01
1.65494295E-01  3.99286079E+00  1.17863566E-01
1.65884152E-01  4.01997566E+00  1.17819019E-01
1.66274009E-01  4.15494347E+00  1.18053824E-01
1.66663866E-01  4.07846260E+00  1.17474653E-01
1.67053723E-01  4.03872871E+00  1.17331542E-01
1.67443580E-01  3.96648788E+00  1.17037900E-01
1.67833437E-01  3.86168861E+00  1.17185950E-01
1.68223293E-01  3.98386955E+00  1.17142819E-01
1.68613150E-01  3.82169151E+00  1.16892844E-01
1.69003007E-01  3.90164185E+00  1.16484240E-01
1.69392864E-01  3.85115814E+00  1.16326980E-01
1.69782721E-01  3.83523941E+00  1.16283722E-01
1.70172578E-01  3.79208183E+00  1.16154946E-01
1.70562435E-01  4.02283669E+00  1.15541674E-01
1.70952292E-01  4.06045151E+00  1.15370251E-01
1.71342149E-01  3.95087051E+00  1.15616485E-01
1.71732006E-01  3.50653839E+00  1.15459196E-01
1.72121863E-01  3.73811150E+00  1.15030624E-01
1.72511720E-01  3.61406326E+00  1.14900082E-01
1.72901577E-01  3.79124641E+00  1.14738397E-01
1.73291434E-01  4.03229141E+00  1.14908338E-01
1.73681291E-01  3.83662987E+00  1.14432342E-01
1.74071148E-01  3.71751022E+00  1.14111178E-01
1.74461005E-01  4.02827644E+00  1.13994569E-01
1.74850862E-01  3.79751015E+00  1.13737352E-01
1.75240719E-01  3.70045471E+00  1.13676392E-01
1.75630576E-01  3.75642967E+00  1.13423944E-01
1.76020433E-01  3.69124031E+00  1.13170832E-01
1.76410290E-01  3.67857742E+00  1.13159038E-01
1.76800147E-01  3.57242775E+00  1.12801775E-01
1.77190004E-01  3.62399292E+00  1.12911254E-01
1.77579861E-01  3.45990753E+00  1.12644039E-01
1.77969718E-01  3.51344490E+00  1.12266883E-01
1.78359575E-01  3.68422699E+00  1.12359248E-01
1.78749432E-01  3.74940300E+00  1.11929074E-01
1.79139289E-01  3.55685043E+00  1.11939691E-01
1.79529146E-01  3.61534500E+00  1.11797288E-01
1.79919003E-01  3.53465462E+00  1.11801468E-01
1.80308860E-01  3.51143074E+00  1.11729197E-01
1.80698717E-01  3.74103737E+00  1.11553490E-01
1.81088574E-01  3.46221161E+00  1.11266069E-01
1.81478431E-01  3.48290062E+00  1.10809624E-01
1.81868288E-01  3.55774689E+00  1.11293659E-01
1.82258145E-01  3.41182518E+00  1.10861398E-01
1.82648002E-01  3.61029625E+00  1.10614121E-01
1.83037859E-01  3.44940948E+00  1.10788621E-01
1.83427716E-01  3.44651413E+00  1.10478677E-01
1.83817573E-01  3.42520142E+00  1.10224701E-01
1.84207430E-01  3.28571892E+00  1.10051729E-01
1.84597287E-01  3.18284988E+00  1.09974086E-01
1.84987144E-01  3.23282051E+00  1.09671853E-01
1.85377001E-01  3.35358429E+00  1.09430060E-01
1.85766858E-01  3.24766350E+00  1.09225340E-01
1.86156715E-01  3.35671997E+00  1.09283112E-01
1.86546572E-01  3.32450676E+00  1.09110206E-01
1.86936429E-01  3.33750153E+00  1.09024391E-01
1.87326286E-01  3.09896851E+00  1.08609237E-01
1.87716143E-01  3.30363274E+00  1.08488292E-01
1.88106000E-01  3.19111061E+00  1.08504973E-01
1.88495857E-01  2.99321747E+00  1.08134814E-01
1.88885714E-01  3.36438751E+00  1.07952237E-01
1.89275571E-01  3.27561760E+00  1.07670955E-01
1.89665428E-01  3.36303139E+00  1.07849188E-01
1.90055285E-01  3.26971054E+00  1.07953057E-01
1.90445142E-01  3.16449547E+00  1.07578680E-01
1.90834999E-01  3.17596054E+00  1.07617930E-01
1.91224856E-01  3.13914108E+00  1.07486069E-01
1.91614713E-01  3.17356873E+00  1.07326493E-01
1.92004570E-01  3.25617027E+00  1.07282497E-01
1.92394427E-01  3.21894264E+00  1.07211269E-01
1.92784284E-01  3.30804443E+00  1.06843717E-01
1.93174141E-01  3.11872292E+00  1.06661789E-01
1.93563998E-01  3.09388733E+00  1.06495753E-01
1.93953855E-01  3.32596207E+00  1.06265590E-01
1.94343712E-01  2.98940468E+00  1.06307268E-01
1.94733569E-01  3.09645462E+00  1.06216334E-01
1.95123426E-01  3.25820923E+00  1.06014691E-01
1.95513283E-01  3.30105972E+00  1.05956599E-01
1.95903140E-01  3.06602097E+00  1.05669446E-01
1.96292997E-01  3.08950806E+00  1.06174715E-01
1.96682854E-01  3.06229973E+00  1.06799513E-01
1.97072711E-01  2.97900963E+00  1.07461020E-01
1.97462568E-01  2.96198273E+00  1.07446432E-01
1.97852425E-01  3.11952972E+00  1.07535899E-01
1.98242282E-01  2.96816444E+00  1.07618980E-01
1.98632139E-01  2.88782310E+00  1.08096391E-01
1.99021996E-01  3.11993599E+00  1.08002059E-01
1.99411853E-01  2.99123573E+00  1.07949674E-01
1.99801710E-01  2.95890045E+00  1.07862383E-01
2.00191567E-01  3.10021782E+00  1.08169958E-01
2.00581424E-01  3.08906555E+00  1.08147070E-01
2.00971281E-01  2.91154289E+00  1.08115315E-01
2.01361138E-01  3.01190567E+00  1.08120613E-01
2.01750995E-01  2.85913658E+00  1.08206332E-01
2.02140852E-01  2.94027138E+00  1.08623005E-01
2.02530709E-01  2.84342766E+00  1.08673602E-01
2.02920566E-01  2.87884331E+00  1.08487487E-01
2.03310423E-01  2.90790367E+00  1.07690677E-01
2.03700280E-01  2.86371040E+00  1.06814586E-01
2.04090137E-01  3.01793480E+00  1.06475309E-01
2.04479994E-01  2.91642570E+00  1.06124036E-01
2.04869851E-01  2.92979622E+00  1.05911061E-01
2.05259708E-01  2.85596466E+00  1.05236046E-01
2.05649565E-01  2.82514954E+00  1.05068952E-01
2.06039422E-01  2.59272575E+00  1.04773648E-01
2.06429279E-01  2.80658531E+00  1.04416519E-01
2.06819136E-01  2.76752663E+00  1.04589164E-01
2.07208993E-01  2.71938896E+00  1.04278326E-01
2.07598850E-01  2.57375336E+00  1.04062147E-01
2.07988707E-01  2.53476906E+00  1.03876404E-01
2.08378564E-01  2.72862625E+00  1.03819981E-01
2.08768421E-01  2.75593567E+00  1.03395656E-01
2.09158278E-01  2.68166733E+00  1.03334270E-01
2.09548135E-01  2.68789864E+00  1.03136770E-01
2.09937992E-01  2.63688660E+00  1.02757536E-01
2.10327849E-01  2.67756653E+00  1.02762625E-01
2.10717706E-01  2.59245110E+00  1.02641203E-01
2.11107563E-01  2.61975098E+00  1.02710053E-01
2.11497420E-01  2.42936897E+00  1.03374057E-01
2.11887277E-01  2.63910103E+00  1.03200503E-01
2.12277134E-01  2.68678856E+00  1.03633292E-01
2.12666991E-01  2.63648987E+00  1.03760689E-01
2.13056848E-01  2.69859695E+00  1.03888296E-01
2.13446705E-01  2.48555565E+00  1.04041867E-01
2.13836562E-01  2.57877350E+00  1.03982665E-01
2.14226419E-01  2.65125847E+00  1.04065113E-01
2.14616276E-01  2.55330086E+00  1.04161978E-01
2.15006133E-01  2.50385666E+00  1.04154862E-01
2.15395990E-01  2.67683983E+00  1.04370616E-01
2.15785847E-01  2.52817726E+00  1.04480565E-01
2.16175704E-01  2.68817902E+00  1.04613103E-01
2.16565561E-01  2.68379402E+00  1.04042485E-01
2.16955418E-01  2.68090820E+00  1.04520902E-01
2.17345275E-01  2.49304008E+00  1.04393259E-01
2.17735132E-01  2.50315666E+00  1.04710117E-01
2.18124989E-01  2.52488708E+00  1.04044102E-01
2.18514846E-01  2.50708771E+00  1.03390463E-01
2.18904703E-01  2.49277687E+00  1.02850467E-01
2.19294560E-01  2.67291260E+00  1.02445409E-01
2.19684417E-01  2.54115868E+00  1.02328360E-01
2.20074274E-01  2.38867760E+00  1.01818219E-01
2.20464131E-01  2.40037727E+00  1.01911470E-01
2.20853988E-01  2.42058372E+00  1.01417162E-01
2.21243845E-01  2.45042038E+00  1.01245277E-01
2.21633702E-01  2.38509369E+00  1.00947879E-01
2.22023559E-01  2.51090050E+00  1.00803576E-01
2.22413416E-01  2.74177551E+00  1.00692250E-01
2.22803273E-01  2.51293755E+00  1.00216068E-01
2.23193130E-01  2.56155586E+00  1.00140892E-01
2.23582987E-01  2.46017456E+00  9.99889821E-02
2.23972844E-01  2.41442299E+00  9.97656807E-02
2.24362701E-01  2.45919991E+00  9.96404663E-02
2.24752558E-01  2.42277718E+00  9.96571705E-02
2.25142415E-01  2.34100533E+00  9.95330587E-02
2.25532272E-01  2.25611115E+00  9.93166119E-02
2.25922129E-01  2.40725708E+00  9.90086645E-02
2.26311986E-01  2.44601631E+00  9.90608037E-02
2.26701843E-01  2.18811798E+00  9.88316312E-02
2.27091700E-01  2.05845833E+00  9.87970978E-02
2.27481557E-01  2.28997612E+00  9.87283885E-02
2.27871414E-01  2.25942802E+00  9.84520614E-02
2.28261271E-01  2.23892975E+00  9.85416174E-02
2.28651128E-01  2.21452904E+00  9.82162282E-02
2.29040985E-01  2.36628532E+00  9.82474536E-02
2.29430842E-01  2.32572174E+00  9.79925171E-02
2.29820699E-01  2.34322929E+00  9.76897404E-02
2.30210556E-01  2.26889038E+00  9.75445807E-02
2.30600413E-01  2.39075470E+00  9.75174308E-02
2.30990270E-01  2.09252930E+00  9.72221568E-02
2.31380127E-01  2.06574821E+00  9.70812142E-02
2.31769984E-01  2.16167450E+00  9.72293690E-02
2.32159841E-01  2.22396469E+00  9.68796238E-02
2.32549698E-01  2.19517899E+00  9.68506932E-02
2.32939555E-01  2.18131256E+00  9.67299044E-02
2.33329412E-01  2.23107910E+00  9.64695290E-02
2.33719269E-01  2.13047981E+00  9.64085311E-02
2.34109126E-01  2.13463211E+00  9.66859609E-02
2.34498983E-01  2.28631210E+00  9.62700471E-02
2.34888840E-01  2.20522881E+00  9.61012915E-02
2.35278697E-01  2.21727371E+00  9.58255678E-02
2.35668554E-01  2.31449127E+00  9.57426578E-02
2.36058411E-01  2.03911972E+00  9.55840200E-02
2.36448268E-01  2.30456543E+00  9.55730304E-02
2.36838125E-01  2.31033897E+00  9.56052616E-02
2.37227982E-01  2.21026802E+00  9.52276736E-02
2.37617839E-01  2.08756828E+00  9.51694846E-02
2.38007696E-01  2.14173508E+00  9.49781239E-02
2.38397553E-01  2.18247032E+00  9.48127508E-02
2.38787410E-01  2.31971741E+00  9.48121920E-02
2.39177267E-01  2.14147377E+00  9.48174894E-02
2.39567124E-01  2.03917122E+00  9.44454223E-02
2.39956981E-01  2.01386070E+00  9.45438892E-02
2.40346838E-01  2.05496025E+00  9.44125056E-02
2.40736695E-01  2.10975266E+00  9.42610577E-02
2.41126552E-01  1.94790077E+00  9.42160860E-02
2.41516409E-01  2.04380417E+00  9.39480290E-02
2.41906266E-01  2.11601257E+00  9.38146710E-02
2.42296123E-01  2.08871841E+00  9.39643010E-02
2.42685980E-01  2.06531334E+00  9.38376933E-02
2.43075837E-01  1.92793083E+00  9.35714841E-02
2.43465694E-01  2.14809799E+00  9.35098678E-02
2.43855551E-01  2.07484818E+00  9.35195908E-02
2.44245408E-01  1.96991158E+00  9.34909657E-02
2.44635265E-01  1.98578072E+00  9.33856815E-02
2.45025122E-01  1.99481010E+00  9.31286663E-02
2.45414979E-01  2.07500648E+00  9.30204391E-02
2.45804836E-01  2.12099075E+00  9.29612070E-02
2.46194693E-01  2.09883308E+00  9.28252712E-02
2.46584550E-01  1.90687180E+00  9.27170366E-02
2.46974407E-01  1.94220352E+00  9.28723440E-02
2.47364264E-01  1.95780182E+00  9.25249681E-02
2.47754121E-01  1.96518517E+00  9.23333243E-02
2.48143978E-01  1.91697693E+00  9.24532488E-02
2.48533835E-01  2.08310318E+00  9.21505615E-02
2.48923692E-01  1.95067596E+00  9.21493471E-02
2.49313549E-01  1.98587036E+00  9.21356753E-02
2.49703406E-01  1.94288826E+00  9.19695273E-02
2.50093263E-01  1.92474937E+00  9.18465406E-02
2.50483120E-01  1.81564140E+00  9.16822031E-02
2.50872977E-01  1.78840828E+00  9.17562619E-02
2.51262834E-01  1.90155983E+00  9.14656296E-02
2.51652691E-01  1.81125069E+00  9.14490148E-02
2.52042547E-01  1.81169319E+00  9.22485888E-02
2.52432404E-01  1.79727745E+00  9.22088996E-02
2.52822261E-01  1.88777542E+00  9.23972800E-02
2.53212118E-01  1.67022705E+00  9.28641632E-02
2.53601975E-01  1.72385216E+00  9.26254690E-02
2.53991832E-01  1.73514175E+00  9.29428935E-02
2.54381689E-01  1.75980759E+00  9.27458182E-02
2.54771546E-01  1.70206070E+00  9.30638388E-02
2.55161403E-01  1.71480560E+00  9.30202603E-02
2.55551260E-01  1.75173569E+00  9.28875357E-02
2.55941117E-01  1.68538475E+00  9.32673737E-02
2.56330974E-01  1.79716110E+00  9.30477753E-02
2.56720831E-01  1.70439529E+00  9.30410251E-02
2.57110688E-01  1.81296539E+00  9.28860530E-02
2.57500545E-01  1.75638771E+00  9.28372219E-02
2.57890402E-01  1.70192909E+00  9.30089578E-02
2.58280259E-01  1.69411659E+00  9.30057094E-02
2.58670116E-01  1.66925812E+00  9.31199491E-02
2.59059973E-01  1.68321419E+00  9.29111168E-02
2.59449830E-01  1.71822739E+00  9.29482803E-02
2.59839687E-01  1.64084244E+00  9.30565000E-02
2.60229544E-01  1.63648033E+00  9.29077268E-02
2.60619401E-01  1.68246460E+00  9.30849984E-02
2.61009258E-01  1.77171516E+00  9.28698555E-02
2.61399115E-01  1.66205978E+00  9.29101929E-02
2.61788972E-01  1.48690224E+00  9.29453149E-02
2.62178829E-01  1.65598106E+00  9.31242779E-02
2.62568686E-01  1.58720589E+00  9.29418057E-02
2.62958543E-01  1.69317818E+00  9.28762257E-02
2.63348400E-01  1.67008400E+00  9.31880847E-02
2.63738257E-01  1.75697136E+00  9.29503813E-02
2.64128114E-01  1.68128586E+00  9.30809528E-02
2.64517971E-01  1.64535141E+00  9.30910483E-02
2.64907828E-01  1.54372406E+00  9.30418521E-02
2.65297685E-01  1.60489655E+00  9.30084437E-02
2.65687542E-01  1.56992912E+00  9.29696038E-02
2.66077399E-01  1.60792542E+00  9.28410515E-02
2.66467256E-01  1.62257385E+00  9.27790776E-02
2.66857113E-01  1.40726280E+00  9.28885788E-02
2.67246970E-01  1.43542671E+00  9.28305984E-02
2.67636827E-01  1.38985443E+00  9.29192156E-02
2.68026684E-01  1.59869957E+00  9.27043855E-02
2.68416541E-01  1.52090454E+00  9.27842408E-02
2.68806398E-01  1.51354218E+00  9.28462669E-02
2.69196255E-01  1.51558876E+00  9.26497653E-02
2.69586112E-01  1.60080719E+00  9.29372758E-02
2.69975969E-01  1.56913948E+00  9.28098485E-02
2.70365826E-01  1.51256943E+00  9.27387998E-02
2.70755683E-01  1.33042908E+00  9.25489739E-02
2.71145540E-01  1.46532822E+00  9.24927667E-02
2.71535397E-01  1.43680954E+00  9.27579477E-02
2.71925254E-01  1.38558006E+00  9.27737802E-02
2.72315111E-01  1.43721962E+00  9.25724134E-02
2.72704968E-01  1.44588089E+00  9.24871117E-02
2.73094825E-01  1.40215492E+00  9.24730301E-02
2.73484682E-01  1.65834236E+00  9.25565064E-02
2.73874539E-01  1.34674263E+00  9.25293490E-02
2.74264396E-01  1.35007858E+00  9.24568027E-02
2.74654253E-01  1.37963104E+00  9.24291313E-02
2.75044110E-01  1.43242073E+00  9.24538746E-02
2.75433967E-01  1.51746941E+00  9.24578160E-02
2.75823824E-01  1.38361359E+00  9.23750624E-02
2.76213681E-01  1.31181335E+00  9.23149437E-02
2.76603538E-01  1.38156700E+00  9.23370048E-02
2.76993395E-01  1.53409004E+00  9.22483429E-02
2.77383252E-01  1.34731483E+00  9.23746079E-02
2.77773109E-01  1.32989311E+00  9.21437293E-02
2.78162966E-01  1.36871719E+00  9.21880007E-02
2.78552823E-01  1.41126633E+00  9.18702185E-02
2.78942680E-01  1.38035393E+00  9.27275494E-02
2.79332537E-01  1.43016624E+00  9.30040926E-02
2.79722394E-01  1.41689491E+00  9.34462771E-02
2.80112251E-01  1.36680794E+00  9.35867503E-02
2.80502108E-01  1.42978477E+00  9.41068903E-02
2.80891965E-01  1.16685486E+00  9.40915123E-02
2.81281822E-01  1.32177925E+00  9.40799788E-02
2.81671679E-01  1.24847412E+00  9.43891406E-02
2.82061536E-01  1.25668144E+00  9.46288556E-02
2.82451393E-01  1.19477463E+00  9.49047729E-02
2.82841250E-01  1.26237106E+00  9.51110348E-02
2.83231107E-01  1.26034546E+00  9.47858840E-02
2.83620964E-01  1.20730782E+00  9.49157551E-02
2.84010821E-01  1.29416466E+00  9.52776670E-02
2.84400678E-01  1.29691315E+00  9.53885019E-02
2.84790535E-01  1.27459335E+00  9.56063941E-02
2.85180392E-01  1.31973648E+00  9.52723175E-02
2.85570249E-01  1.21177292E+00  9.54788104E-02
2.85960106E-01  1.01460838E+00  9.46836546E-02
2.86349963E-01  1.17330551E+00  9.42749009E-02
2.86739820E-01  1.10563469E+00  9.39702764E-02
2.87129677E-01  1.03319359E+00  9.36478153E-02
2.87519534E-01  1.16531563E+00  9.36672091E-02
2.87909391E-01  1.16583824E+00  9.36276913E-02
2.88299248E-01  1.17718506E+00  9.34814066E-02
2.88689105E-01  1.25628853E+00  9.30938125E-02
2.89078962E-01  1.26277161E+00  9.29162651E-02
2.89468819E-01  1.12172508E+00  9.27796736E-02
2.89858676E-01  1.09783554E+00  9.29034352E-02
2.90248533E-01  1.12452126E+00  9.27997008E-02
2.90638390E-01  1.04980469E+00  9.27686989E-02
2.91028247E-01  1.30059052E+00  9.27697346E-02
2.91418104E-01  1.28120804E+00  9.25965905E-02
2.91807961E-01  1.20494652E+00  9.24514532E-02
2.92197818E-01  1.20026779E+00  9.23702493E-02
2.92587675E-01  1.20306206E+00  9.23081860E-02
2.92977532E-01  1.06651688E+00  9.21558291E-02
2.93367389E-01  1.05180740E+00  9.23083872E-02
2.93757246E-01  1.01807022E+00  9.25030559E-02
2.94147103E-01  9.98277664E-01  9.30421278E-02
2.94536960E-01  1.08111000E+00  9.34444740E-02
2.94926817E-01  1.20214844E+00  9.36400369E-02
2.95316674E-01  9.79442596E-01  9.38765556E-02
2.95706531E-01  9.45751190E-01  9.39672440E-02
2.96096388E-01  8.67023468E-01  9.40760076E-02
2.96486245E-01  1.01369095E+00  9.42407846E-02
2.96876102E-01  9.80113983E-01  9.45524722E-02
2.97265959E-01  1.11923409E+00  9.47244465E-02
2.97655816E-01  1.01292038E+00  9.47649851E-02
2.98045673E-01  1.23786163E+00  9.49031040E-02
2.98435530E-01  1.15544891E+00  9.49360058E-02
2.98825387E-01  1.07581139E+00  9.49938074E-02
2.99215244E-01  1.23393822E+00  9.51474160E-02
2.99605101E-01  1.12857437E+00  9.50307474E-02
2.99994958E-01  1.16687584E+00  9.51020196E-02
3.00384815E-01  1.15285110E+00  9.54234824E-02
3.00774672E-01  9.94806290E-01  9.53649953E-02
3.01164529E-01  1.02943230E+00  9.52167735E-02
3.01554386E-01  9.17293549E-01  9.55184922E-02
3.01944243E-01  9.46840286E-01  9.55063105E-02
3.02334100E-01  9.85893250E-01  9.55566987E-02
3.02723957E-01  1.15598488E+00  9.55766216E-02
3.03113814E-01  1.15389061E+00  9.55200568E-02
3.03503671E-01  1.07763100E+00  9.55241472E-02
3.03893528E-01  9.65112686E-01  9.56262425E-02
3.04283385E-01  1.13298035E+00  9.57985893E-02
3.04673242E-01  1.12180901E+00  9.58406851E-02
3.05063099E-01  1.06385040E+00  9.60555822E-02
3.05452956E-01  1.05494881E+00  9.61192548E-02
3.05842813E-01  9.50744629E-01  9.62841660E-02
3.06232670E-01  9.04375076E-01  9.61499661E-02
3.06622527E-01  1.05017281E+00  9.61812958E-02
3.07012384E-01  1.00525665E+00  9.62825641E-02
3.07402241E-01  9.30847168E-01  9.63284448E-02
3.07792098E-01  9.74203110E-01  9.63699520E-02
3.08181955E-01  9.15380478E-01  9.62967202E-02
3.08571812E-01  8.11458588E-01  9.65947732E-02
3.08961669E-01  9.20106888E-01  9.65062529E-02
3.09351526E-01  9.89873886E-01  9.63614285E-02
3.09741383E-01  7.79031754E-01  9.66833755E-02
3.10131240E-01  8.24768066E-01  9.66558978E-02
3.10521097E-01  8.78101349E-01  9.65929478E-02
3.10910954E-01  9.75648880E-01  9.64754298E-02
3.11300811E-01  9.00419235E-01  9.66642722E-02
3.11690668E-01  8.26080322E-01  9.66355577E-02
3.12080525E-01  8.46590042E-01  9.66969207E-02
3.12470382E-01  9.49659348E-01  9.66937244E-02
3.12860239E-01  9.63079453E-01  9.68419239E-02
3.13250096E-01  8.76197815E-01  9.69254971E-02
3.13639953E-01  9.46950912E-01  9.68270078E-02
3.14029810E-01  9.43481445E-01  9.70871896E-02
3.14419667E-01  8.98897171E-01  9.72056463E-02
3.14809524E-01  1.00047112E+00  9.72040296E-02
3.15199381E-01  8.66018295E-01  9.71604437E-02
3.15589238E-01  9.07196045E-01  9.70980823E-02
3.15979095E-01  1.00774574E+00  9.69877839E-02
3.16368952E-01  7.99879074E-01  9.72777531E-02
3.16758809E-01  9.35243607E-01  9.75748897E-02
3.17148666E-01  1.01117325E+00  9.74178687E-02
3.17538523E-01  7.17563629E-01  9.74274427E-02
3.17928380E-01  6.48025513E-01  9.73457322E-02
3.18318237E-01  6.55679703E-01  9.74455252E-02
3.18708094E-01  9.45045471E-01  9.75764617E-02
3.19097951E-01  9.90016937E-01  9.78109911E-02
3.19487808E-01  9.04903412E-01  9.77403745E-02
3.19877665E-01  7.33779907E-01  9.74690244E-02
3.20267522E-01  7.82587051E-01  9.73103344E-02
3.20657379E-01  7.42393494E-01  9.75656733E-02
3.21047236E-01  8.39044571E-01  9.77127776E-02
3.21437093E-01  8.67979050E-01  9.75387245E-02
3.21826950E-01  7.96367645E-01  9.75628570E-02
3.22216807E-01  9.10593033E-01  9.74202454E-02
3.22606664E-01  9.33650970E-01  9.74738672E-02
3.22996521E-01  7.37825394E-01  9.75029916E-02
3.23386378E-01  7.48765945E-01  9.76943821E-02
3.23776235E-01  8.58324051E-01  9.77355763E-02
3.24166092E-01  9.11184311E-01  9.76601541E-02
3.24555949E-01  8.46338272E-01  9.87353474E-02
3.24945806E-01  8.44154358E-01  9.91485566E-02
3.25335663E-01  8.72106552E-01  9.99879688E-02
3.25725520E-01  8.56307983E-01  1.00282133E-01
3.26115377E-01  8.00441742E-01  1.00341320E-01
3.26505234E-01  6.74144745E-01  1.00454941E-01
3.26895091E-01  7.81204224E-01  1.00757904E-01
3.27284948E-01  7.89089203E-01  1.01277292E-01
3.27674805E-01  7.31386185E-01  1.01421155E-01
3.28064662E-01  8.62953186E-01  1.01512335E-01
3.28454519E-01  8.41850281E-01  1.01654567E-01
3.28844376E-01  8.99305344E-01  1.01899363E-01
3.29234233E-01  7.87725449E-01  1.02228269E-01
3.29624090E-01  6.73627853E-01  1.02452502E-01
3.30013947E-01  8.20655823E-01  1.02643676E-01
3.30403804E-01  8.51343155E-01  1.02663055E-01
3.30793661E-01  7.15711594E-01  1.03301324E-01
3.31183518E-01  7.66714096E-01  1.03441134E-01
3.31573375E-01  6.53278351E-01  1.03550263E-01
3.31963232E-01  5.51168442E-01  1.03568852E-01
3.32353089E-01  5.62953949E-01  1.03531927E-01
3.32742946E-01  6.37096405E-01  1.04076944E-01
3.33132803E-01  7.19587326E-01  1.04156129E-01
3.33522660E-01  8.50099564E-01  1.04228519E-01
3.33912517E-01  6.42492294E-01  1.04637623E-01
3.34302374E-01  7.20483780E-01  1.04764789E-01
3.34692231E-01  6.74196243E-01  1.04930699E-01
3.35082088E-01  8.28214645E-01  1.04801580E-01
3.35471945E-01  7.23041534E-01  1.05386563E-01
3.35861802E-01  5.93513489E-01  1.05718285E-01
3.36251658E-01  6.53772354E-01  1.05762988E-01
3.36641515E-01  6.07242584E-01  1.05898611E-01
3.37031372E-01  5.35524368E-01  1.05926201E-01
3.37421229E-01  4.83987808E-01  1.06225573E-01
3.37811086E-01  5.88466644E-01  1.06478207E-01
3.38200943E-01  5.79524994E-01  1.06753998E-01
3.38590800E-01  4.06240463E-01  1.06960475E-01
3.38980657E-01  6.62065506E-01  1.07284769E-01
3.39370514E-01  7.90279388E-01  1.07231908E-01
3.39760371E-01  6.14046097E-01  1.07291155E-01
3.40150228E-01  6.05218887E-01  1.07770555E-01
3.40540085E-01  3.31317902E-01  1.07682794E-01
3.40929942E-01  5.38894653E-01  1.07992209E-01
3.41319799E-01  4.47832108E-01  1.07864536E-01
3.41709656E-01  5.31400681E-01  1.08106501E-01
3.42099513E-01  7.11942673E-01  1.08204797E-01
3.42489370E-01  6.03679657E-01  1.08569689E-01
3.42879227E-01  5.75267792E-01  1.08770840E-01
3.43269084E-01  7.31765747E-01  1.09048419E-01
3.43658941E-01  5.15848160E-01  1.08935587E-01
3.44048798E-01  5.23881912E-01  1.09079577E-01
3.44438655E-01  3.66386414E-01  1.09146968E-01
3.44828512E-01  5.25293350E-01  1.09335996E-01
3.45218369E-01  6.20681763E-01  1.09331600E-01
3.45608226E-01  5.15893936E-01  1.09665759E-01
3.45998083E-01  4.88122940E-01  1.09771006E-01
3.46387940E-01  5.87448120E-01  1.09548680E-01
3.46777797E-01  7.11540222E-01  1.09823443E-01
3.47167654E-01  4.92301941E-01  1.10119909E-01
3.47557511E-01  5.57970047E-01  1.10053055E-01
3.47947368E-01  6.33897781E-01  1.10376142E-01
3.48337225E-01  7.33388901E-01  1.10529564E-01
3.48727082E-01  4.50433731E-01  1.10739402E-01
3.49116939E-01  4.29719925E-01  1.10624969E-01
3.49506796E-01  4.83390808E-01  1.10950023E-01
3.49896653E-01  3.12019348E-01  1.11245342E-01
3.50286510E-01  3.75127792E-01  1.10979676E-01
3.50676367E-01  3.85742188E-01  1.11145332E-01
3.51066224E-01  3.33774567E-01  1.11188360E-01
3.51456081E-01  4.60319519E-01  1.11395195E-01
3.51845938E-01  4.68660355E-01  1.11608379E-01
3.52235795E-01  5.45705795E-01  1.11688137E-01
3.52625652E-01  6.28608704E-01  1.12027898E-01
3.53015509E-01  4.86007690E-01  1.12092420E-01
3.53405366E-01  4.00938034E-01  1.12132147E-01
3.53795223E-01  2.43316650E-01  1.12467840E-01
3.54185080E-01  4.69654083E-01  1.12738997E-01
3.54574937E-01  2.27096558E-01  1.12511173E-01
3.54964794E-01  3.81200790E-01  1.12663209E-01
3.55354651E-01  3.77138138E-01  1.12967640E-01
3.55744508E-01  2.38161087E-01  1.13417409E-01
3.56134365E-01  5.12838364E-01  1.13346137E-01
3.56524222E-01  2.78539658E-01  1.13668263E-01
3.56914079E-01  4.30814743E-01  1.13793589E-01
3.57303936E-01  4.74498749E-01  1.14136770E-01
3.57693793E-01  4.96784210E-01  1.13868877E-01
3.58083650E-01  4.86085892E-01  1.13774352E-01
3.58473507E-01  3.44106674E-01  1.14009231E-01
3.58863364E-01  2.88820267E-01  1.14458181E-01
3.59253221E-01  3.29345703E-01  1.14222385E-01
3.59643078E-01  5.03391266E-01  1.14877462E-01
3.60032935E-01  2.46715546E-01  1.14980258E-01
3.60422792E-01  3.57751846E-01  1.14982866E-01
3.60812649E-01  4.28237915E-01  1.15137264E-01
3.61202506E-01  4.83030319E-01  1.14998616E-01
3.61592363E-01  3.59611511E-01  1.15209535E-01
3.61982220E-01  2.87269592E-01  1.16705380E-01
3.62372077E-01  2.66025543E-01  1.18647672E-01
3.62761934E-01  3.46597672E-01  1.19643442E-01
3.63151791E-01  4.64817047E-01  1.20719425E-01
3.63541648E-01  3.51011276E-01  1.21170349E-01
3.63931505E-01  2.77896881E-01  1.22141428E-01
3.64321362E-01  2.64207840E-01  1.22949719E-01
3.64711219E-01  2.45206833E-01  1.23965807E-01
3.65101076E-01  2.91206360E-01  1.24291480E-01
3.65490933E-01  4.19769287E-02  1.24676451E-01
3.65880790E-01  -1.04217529E-02  1.26000553E-01
3.66270647E-01  2.24456787E-01  1.26666978E-01
3.66660504E-01  2.37493515E-01  1.27015591E-01
3.67050361E-01  2.63950348E-01  1.27796873E-01
3.67440218E-01  6.03239059E-01  1.27742097E-01
3.67830075E-01  2.36085892E-01  1.28706947E-01
3.68219932E-01  8.07323456E-02  1.29214704E-01
3.68609789E-01  4.23152924E-01  1.29738182E-01
3.68999646E-01  2.08898544E-01  1.30831048E-01
3.69389503E-01  9.86938477E-02  1.31128535E-01
3.69779360E-01  2.21273422E-01  1.31379411E-01
3.70169217E-01  2.92724609E-01  1.32181346E-01
3.70559074E-01  3.89291763E-01  1.33024395E-01
3.70948931E-01  2.86340714E-01  1.33429036E-01
3.71338788E-01  2.56164551E-01  1.34038329E-01
3.71728645E-01  1.32049561E-01  1.34516925E-01
3.72118502E-01  1.80381775E-01  1.35439366E-01
3.72508359E-01  9.34638977E-02  1.36209384E-01
3.72898216E-01  7.13405609E-02  1.36019632E-01
3.73288073E-01  2.17571259E-01  1.37216523E-01
3.73677930E-01  5.20616531E-01  1.37630865E-01
3.74067787E-01  9.32826996E-02  1.38253927E-01
3.74457644E-01  9.40990448E-02  1.39145985E-01
3.74847501E-01  3.01429749E-01  1.39855772E-01
3.75237358E-01  2.29890823E-01  1.40947029E-01
3.75627215E-01  8.42285156E-02  1.40665501E-01
3.76017072E-01  1.47624969E-01  1.40880108E-01
3.76406929E-01  5.85746765E-02  1.41580850E-01
3.76796786E-01  6.58149719E-02  1.42108679E-01
3.77186643E-01  1.34254456E-01  1.42820001E-01
3.77576500E-01  -2.66189575E-02  1.43284723E-01
3.77966357E-01  2.73761749E-01  1.44410744E-01
3.78356214E-01  1.23167038E-01  1.44388005E-01
3.78746071E-01  2.30079651E-01  1.45421997E-01
3.79135928E-01  2.43396759E-02  1.45229563E-01
3.79525785E-01  1.95117950E-01  1.46286204E-01
3.79915642E-01  2.16098785E-01  1.46507755E-01
3.80305499E-01  1.72000885E-01  1.47265211E-01
3.80695356E-01  1.77350998E-01  1.47830918E-01
3.81085213E-01  6.83212280E-03  1.47609472E-01
3.81475070E-01  1.61567688E-01  1.48177803E-01
3.81864927E-01  -7.78961182E-03  1.48884445E-01
3.82254784E-01  2.66521454E-01  1.50046825E-01
3.82644641E-01  4.13227081E-01  1.50000244E-01
3.83034498E-01  -4.04815674E-02  1.51183471E-01
3.83424355E-01  -7.52811432E-02  1.50742933E-01
3.83814212E-01  1.12545013E-01  1.52572230E-01
3.84204069E-01  1.93946838E-01  1.53072491E-01
3.84593926E-01  1.44790649E-01  1.53712183E-01
3.84983783E-01  -4.10499573E-02  1.54477179E-01
3.85373640E-01  -1.43911362E-01  1.55041590E-01
3.85763497E-01  1.27599716E-01  1.55260742E-01
3.86153354E-01  1.45269394E-01  1.56232759E-01
3.86543211E-01  3.33385468E-02  1.56684875E-01
3.86933068E-01  1.35755539E-01  1.57210216E-01
3.87322925E-01  7.90233612E-02  1.57190248E-01
3.87712782E-01  -2.18339920E-01  1.57727733E-01
3.88102639E-01  -1.62982941E-01  1.57831281E-01
3.88492496E-01  -2.01730728E-01  1.58849597E-01
3.88882353E-01  -8.13674927E-03  1.59231827E-01
3.89272210E-01  2.58468628E-01  1.60281390E-01
3.89662067E-01  -2.63996124E-02  1.60598457E-01
3.90051924E-01  1.16710663E-01  1.61030099E-01
3.90441781E-01  2.13312149E-01  1.61579952E-01
3.90831638E-01  -1.44460678E-01  1.62150562E-01
3.91221495E-01  -5.39131165E-02  1.62351474E-01
3.91611352E-01  -5.68847656E-02  1.62834048E-01
3.92001209E-01  -6.34040833E-02  1.63468614E-01
3.92391066E-01  1.79239273E-01  1.64750636E-01
3.92780923E-01  -1.89355850E-01  1.65157720E-01
3.93170780E-01  -7.12718964E-02  1.65306911E-01
3.93560637E-01  2.35837936E-01  1.66106194E-01
3.93950494E-01  2.63080597E-01  1.67153716E-01
3.94340351E-01  1.18827820E-02  1.67890191E-01
3.94730208E-01  1.25858307E-01  1.68666780E-01
3.95120065E-01  -1.37100220E-02  1.69106394E-01
3.95509922E-01  7.39784241E-02  1.69796720E-01
3.95899779E-01  -1.14574432E-01  1.70854777E-01
3.96289636E-01  -4.17047501E-01  1.71523198E-01
3.96679493E-01  5.68637848E-02  1.71845332E-01
3.97069350E-01  -3.83991241E-01  1.72886297E-01
3.97459207E-01  -1.52448654E-01  1.73622131E-01
3.97849064E-01  4.53414917E-02  1.73478305E-01
3.98238921E-01  1.09720230E-01  1.75256044E-01
3.98628778E-01  1.90916061E-01  1.75319299E-01
3.99018635E-01  1.09785080E-01  1.75466478E-01
3.99408492E-01  -3.21628571E-01  1.77133501E-01
3.99798349E-01  -8.90712738E-02  1.77586138E-01
4.00188206E-01  1.55344009E-01  1.78861231E-01
4.00578063E-01  -4.11951065E-01  1.78910092E-01
4.00967920E-01  -1.41799927E-01  1.80833906E-01
4.01357777E-01  1.82687759E-01  1.81257695E-01
4.01747634E-01  1.83258057E-02  1.81773901E-01
4.02137491E-01  -1.67516708E-01  1.81722045E-01
4.02527348E-01  -1.55935287E-01  1.82312772E-01
4.02917205E-01  -1.17874146E-01  1.83635876E-01
4.03307062E-01  -5.03965378E-01  1.84336782E-01
4.03696919E-01  -2.69573212E-01  1.85020730E-01
4.04086776E-01  -3.92065048E-01  1.86869949E-01
4.04476633E-01  -3.62937927E-01  1.87417001E-01
4.04866490E-01  2.38267899E-01  1.88990548E-01
4.05256347E-01  -1.69654846E-01  1.88743889E-01
4.05646204E-01  -1.30392075E-01  1.90464109E-01
4.06036061E-01  1.76307678E-01  1.90963000E-01
4.06425918E-01  -1.42921448E-01  1.91405416E-01
4.06815775E-01  -4.67817307E-01  1.92897037E-01
4.07205632E-01  -4.14012909E-01  1.93758175E-01
4.07595489E-01  -4.61812973E-01  1.94824710E-01
4.07985346E-01  -3.83052826E-01  1.95523545E-01
4.08375203E-01  -3.60433578E-01  1.96764037E-01
4.08765060E-01  -3.55581284E-01  1.97077751E-01
4.09154917E-01  -4.32151794E-01  1.97440729E-01
4.09544774E-01  -2.60967255E-01  1.98888034E-01
4.09934631E-01  -3.55869293E-01  1.99714571E-01
4.10324488E-01  -6.91888809E-01  2.02183783E-01
4.10714345E-01  -3.80821228E-01  2.02285841E-01
4.11104202E-01  -2.36520767E-01  2.04604983E-01
4.11494059E-01  -7.29732513E-02  2.04628438E-01
4.11883916E-01  -3.45300674E-01  2.05965906E-01
4.12273773E-01  -4.69951630E-02  2.07895041E-01
4.12663630E-01  -3.38558197E-01  2.08506331E-01
4.13053487E-01  -3.34796906E-01  2.09274068E-01
4.13443344E-01  -5.57237625E-01  2.09451020E-01
4.13833201E-01  -3.53288651E-01  2.12530345E-01
4.14223058E-01  -4.25302505E-01  2.13390216E-01
4.14612915E-01  -2.85305023E-01  2.14368284E-01
4.15002772E-01  -4.32750702E-01  2.15529531E-01
4.15392629E-01  -7.95433044E-01  2.16401309E-01
4.15782486E-01  -4.26654816E-01  2.17282489E-01
4.16172343E-01  -2.02350616E-01  2.18525097E-01
4.16562200E-01  -1.15770340E-01  2.19803303E-01
4.16952057E-01  -2.04477310E-01  2.21923903E-01
4.17341914E-01  -4.25567627E-01  2.22822249E-01
4.17731771E-01  -4.04088974E-01  2.24583000E-01
4.18121628E-01  -2.49542236E-01  2.25464061E-01
4.18511485E-01  -2.92875290E-01  2.27252200E-01
4.18901342E-01  -3.36334229E-01  2.28288367E-01
4.19291199E-01  -8.95118713E-02  2.29799315E-01
4.19681056E-01  -4.55282211E-01  2.31743932E-01
4.20070912E-01  -6.55241013E-01  2.32867450E-01
4.20460769E-01  -6.41328812E-01  2.33927086E-01
4.20850626E-01  -5.73364258E-01  2.35175580E-01
4.21240483E-01  -5.70816040E-01  2.37523586E-01
4.21630340E-01  -8.76760483E-01  2.39654168E-01
4.22020197E-01  -5.66175461E-01  2.40190938E-01
4.22410054E-01  -6.10754013E-01  2.41925791E-01
4.22799911E-01  -2.96115875E-01  2.44293615E-01
4.23189768E-01  -6.40825272E-01  2.44744495E-01
4.23579625E-01  -2.92764664E-01  2.47305021E-01
4.23969482E-01  -6.03380203E-01  2.47755438E-01
4.24359339E-01  -1.83031082E-01  2.50414878E-01
4.24749196E-01  -3.99213791E-01  2.50830770E-01
4.25139053E-01  -6.81385040E-01  2.55350232E-01
4.25528910E-01  -4.29512024E-01  2.56439209E-01
4.25918767E-01  -3.49531174E-01  2.58137196E-01
4.26308624E-01  -3.09406281E-01  2.60575533E-01
4.26698481E-01  -2.15719223E-01  2.61028618E-01
4.27088338E-01  -2.92789459E-01  2.64065653E-01
4.27478195E-01  -4.64075089E-01  2.64833182E-01
4.27868052E-01  -5.55027008E-01  2.67309397E-01
4.28257909E-01  -4.37664032E-01  2.68635511E-01
4.28647766E-01  -2.98521042E-01  2.69193858E-01
4.29037623E-01  -8.54320526E-02  2.72055358E-01
4.29427480E-01  -4.16646957E-01  2.73230553E-01
4.29817337E-01  -7.93701172E-01  2.75240213E-01
4.30207194E-01  -7.23056793E-01  2.76861161E-01
4.30597051E-01  -7.69424438E-01  2.77427286E-01
4.30986908E-01  -4.20473099E-01  2.81505615E-01
4.31376765E-01  -6.24505997E-01  2.81282246E-01
4.31766622E-01  -9.69177246E-01  2.83858895E-01
4.32156479E-01  -1.04617500E+00  2.85593957E-01
4.32546336E-01  -8.50954056E-01  2.89294124E-01
4.32936193E-01  -6.01484299E-01  2.90751189E-01
4.33326050E-01  -4.25632477E-01  2.93118566E-01
4.33715907E-01  -3.86388779E-01  2.97360659E-01
4.34105764E-01  -8.67233276E-01  3.01129043E-01
4.34495621E-01  -4.18144226E-01  3.05030197E-01
4.34885478E-01  -4.15533066E-01  3.06878000E-01
4.35275335E-01  -5.30332565E-01  3.06581348E-01
4.35665192E-01  -1.13940811E+00  3.10414761E-01
4.36055049E-01  -6.09601974E-01  3.13882530E-01
4.36444906E-01  -1.34029388E-01  3.17966253E-01
4.36834763E-01  -2.28950500E-01  3.20972651E-01
4.37224620E-01  -8.49794388E-01  3.27249736E-01
4.37614477E-01  -7.23365784E-01  3.27337682E-01
4.38004334E-01  -3.69060516E-01  3.28206748E-01
4.38394191E-01  -4.81336594E-01  3.35300297E-01
4.38784048E-01  -3.57320786E-01  3.37579101E-01
4.39173905E-01  -2.26671219E-01  3.38406831E-01
4.39563762E-01  -1.18206024E-01  3.42338532E-01
4.39953619E-01  -7.32021332E-02  3.44180286E-01
4.40343476E-01  -4.81508255E-01  3.44993621E-01
4.40733333E-01  -5.57714462E-01  3.50838453E-01
4.41123190E-01  8.50391388E-02  3.55715901E-01
4.41513047E-01  -7.46082306E-01  3.53693962E-01
4.41902904E-01  -2.49055862E-01  3.55044842E-01
4.42292761E-01  2.04277039E-02  3.57928067E-01
4.42682618E-01  -2.37560272E-01  3.61918062E-01
4.43072475E-01  -1.00850105E+00  3.61684442E-01
4.43462332E-01  -6.65187836E-01  3.62937152E-01
4.43852189E-01  -6.08629227E-01  3.64344895E-01
4.44242046E-01  -1.04056168E+00  3.65797997E-01
4.44631903E-01  -8.75888824E-01  3.68222326E-01
4.45021760E-01  -1.53678894E-01  3.69957954E-01
4.45411617E-01  -1.04361343E+00  3.75133127E-01
4.45801474E-01  -1.30996132E+00  3.78309429E-01
4.46191331E-01  -7.85335541E-01  3.79081607E-01
4.46581188E-01  -5.78895569E-01  3.83119583E-01
4.46971045E-01  -3.94134521E-02  3.80432546E-01
4.47360902E-01  -1.71122932E+00  3.81860137E-01
4.47750759E-01  -1.17896652E+00  3.86063039E-01
4.48140616E-01  -1.56772423E+00  3.84177238E-01
4.48530473E-01  -9.66037750E-01  3.91862243E-01
4.48920330E-01  -5.33296585E-01  3.91366333E-01
4.49310187E-01  -4.06551361E-01  3.93970937E-01
4.49700044E-01  -8.83911133E-01  3.97188127E-01
4.50089901E-01  -9.55303192E-01  4.00205255E-01
4.50479758E-01  -6.68153763E-01  4.06652838E-01
4.50869615E-01  -1.44191170E+00  4.03270990E-01
4.51259472E-01  -1.06983185E-01  4.04469967E-01
4.51649329E-01  -8.49132538E-02  4.09036189E-01
4.52039186E-01  -1.15679169E+00  4.09731865E-01
4.52429043E-01  -1.51294708E+00  4.12060261E-01
4.52818900E-01  -1.00669289E+00  4.16206062E-01
4.53208757E-01  -4.88746643E-01  4.18060869E-01
4.53598614E-01  -7.30072021E-01  4.19530541E-01
4.53988471E-01  -5.79656601E-01  4.27054971E-01
4.54378328E-01  -7.37449646E-01  4.23077524E-01


### HEADER:
#
#{
#    "analysis": {},
#    "calibration_params": {
#        "Beam_Center_X": 644.3978066834728,
#        "Beam_Center_Y": 752.0474301231778,
#        "Detector Tilt": 0.08709704591626237,
#        "Detector Tilt Plane Rotation": 95.0001420643864,
#        "Detector_X_Pixel_Size": 172.0,
#        "Detector_Y_Pixel_Size": 172.0,
#        "Integration Method": "full_csr",
#        "Radial_Average_Method": "pyFAI",
#        "Sample-to-detector distance (mm)": 2676.5799098693146,
#        "Wavelength (A)": 1.0332016536100022
#    },
#    "config_file": "D:\\Desktop\\20241114.cfg",
#    "filename": "S_LK-6_00007.dat",
#    "history": {
#        "subtraction": {
#            "initial_file": [
#                "LK-6_00007.tif"
#            ],
#            "subtracted_file": [
#                "LK-0_00001.tif"
#            ]
#        }
#    },
#    "imageHeader": {
#        "Count_cutoff": "1409688 counts",
#        "Excluded_pixels": "badpix_mask.tif",
#        "Exposure_period": "1.0000000 s",
#        "Exposure_time": "1.0000000 s",
#        "Flat_field": "FF_p24-0163_E8048_T4024_vrf_m0p100.tif",
#        "Gain_setting": "autog (vrf = 1.000)",
#        "Image_path": "/public/Data/2024/202411/20241115/sunrui/",
#        "N_excluded_pixels": "61",
#        "Pixel_size": "172e-6 m x 172e-6 m",
#        "Ratecorr_lut_directory": "ContinuousStandard_v1.1",
#        "Retrigger_mode": "1",
#        "Silicon": "sensor, thickness 0.000450",
#        "Start_angle": "0.0000 deg.",
#        "Tau": "0 s",
#        "Threshold_setting": "4024 eV",
#        "Trim_file": "p24-0163_E8048_T4024.bin"
#    },
#    "normalizations": {
#        "Polarization": {
#            "Used": false
#        },
#        "Solid_Angle_Correction": "On"
#    },
#    "raw_version": "2.2.2",
#    "unit": ""
#}

