### DATA:
#
# 1150
#      Q             I(Q)           Error     
6.43264042E-03  6.90031311E+02  5.03274775E+00
6.82249742E-03  6.16990601E+02  4.04470682E+00
7.21235441E-03  5.62538513E+02  3.44591236E+00
7.60221141E-03  5.17066956E+02  2.98385668E+00
7.99206840E-03  4.66403931E+02  2.67519903E+00
8.38192540E-03  4.29621582E+02  2.44066954E+00
8.77178240E-03  3.95834351E+02  2.23488355E+00
9.16163939E-03  3.64966370E+02  2.05933595E+00
9.55149639E-03  3.39355255E+02  1.90751064E+00
9.94135338E-03  3.17995087E+02  1.77020144E+00
1.03312104E-02  2.97224701E+02  1.65021908E+00
1.07210674E-02  2.80006073E+02  1.54430592E+00
1.11109244E-02  2.61394867E+02  1.45043719E+00
1.15007814E-02  2.43784851E+02  1.36685824E+00
1.18906384E-02  2.31194641E+02  1.29071724E+00
1.22804954E-02  2.17157990E+02  1.21984887E+00
1.26703523E-02  2.05359756E+02  1.15697706E+00
1.30602093E-02  1.93183273E+02  1.10151088E+00
1.34500663E-02  1.83738205E+02  1.05298102E+00
1.38399233E-02  1.73933609E+02  1.00646091E+00
1.42297803E-02  1.67473114E+02  9.65940654E-01
1.46196373E-02  1.60141357E+02  9.30287719E-01
1.50094943E-02  1.51834717E+02  8.90520275E-01
1.53993513E-02  1.44709320E+02  8.57363880E-01
1.57892083E-02  1.38863556E+02  8.25945258E-01
1.61790653E-02  1.32376038E+02  7.96372235E-01
1.65689223E-02  1.26296112E+02  7.67753303E-01
1.69587793E-02  1.21067505E+02  7.44935513E-01
1.73486363E-02  1.15229126E+02  7.21339643E-01
1.77384933E-02  1.11866714E+02  6.99041188E-01
1.81283503E-02  1.05938103E+02  6.77204013E-01
1.85182073E-02  1.02167877E+02  6.58126533E-01
1.89080643E-02  9.78143463E+01  6.38361752E-01
1.92979213E-02  9.44999084E+01  6.21340096E-01
1.96877783E-02  9.02257538E+01  6.05295420E-01
2.00776353E-02  8.68899689E+01  5.88787973E-01
2.04674923E-02  8.45360794E+01  5.76601744E-01
2.08573493E-02  8.05832901E+01  5.63120902E-01
2.12472062E-02  7.76320190E+01  5.45574963E-01
2.16370632E-02  7.43384018E+01  5.30973673E-01
2.20269202E-02  7.08863678E+01  5.17462552E-01
2.24167772E-02  6.90715714E+01  5.08713186E-01
2.28066342E-02  6.73629074E+01  4.97432828E-01
2.31964912E-02  6.33036652E+01  4.85235512E-01
2.35863482E-02  6.12803497E+01  4.75749940E-01
2.39762052E-02  5.95680466E+01  4.68412101E-01
2.43660622E-02  5.78367004E+01  4.58624870E-01
2.47559192E-02  5.51270523E+01  4.47754771E-01
2.51457762E-02  5.33318710E+01  4.40281004E-01
2.55356332E-02  5.15280342E+01  4.32085603E-01
2.59254902E-02  5.06245995E+01  4.26479340E-01
2.63153472E-02  4.80492210E+01  4.15373057E-01
2.67052042E-02  4.64455414E+01  4.08688754E-01
2.70950612E-02  4.49996872E+01  4.01851475E-01
2.74849182E-02  4.32684669E+01  3.95600557E-01
2.78747752E-02  4.11692467E+01  3.88430923E-01
2.82646322E-02  3.99568787E+01  3.81246150E-01
2.86544892E-02  3.90862808E+01  3.77488673E-01
2.90443462E-02  3.76709938E+01  3.71087939E-01
2.94342031E-02  3.63160858E+01  3.64979655E-01
2.98240601E-02  3.52626266E+01  3.58491629E-01
3.02139171E-02  3.43023605E+01  3.53466272E-01
3.06037741E-02  3.32131042E+01  3.54693025E-01
3.09936311E-02  3.20645523E+01  3.56201828E-01
3.13834881E-02  3.04774570E+01  3.55814695E-01
3.17733451E-02  2.97891903E+01  3.53697449E-01
3.21632021E-02  2.87144585E+01  3.51969421E-01
3.25530591E-02  2.83673363E+01  3.52969587E-01
3.29429161E-02  2.68581982E+01  3.49140704E-01
3.33327731E-02  2.64334049E+01  3.46986920E-01
3.37226301E-02  2.56443119E+01  3.41596603E-01
3.41124871E-02  2.45417023E+01  3.40902030E-01
3.45023441E-02  2.40913658E+01  3.39504212E-01
3.48922011E-02  2.35271549E+01  3.36341798E-01
3.52820581E-02  2.30453720E+01  3.33821565E-01
3.56719151E-02  2.21812611E+01  3.31677854E-01
3.60617721E-02  2.08031158E+01  3.28516930E-01
3.64516291E-02  1.98255157E+01  3.26824665E-01
3.68414861E-02  1.93077602E+01  3.25591981E-01
3.72313431E-02  1.92961578E+01  3.22542548E-01
3.76212001E-02  1.89272175E+01  3.15620840E-01
3.80110570E-02  1.82477894E+01  3.06334615E-01
3.84009140E-02  1.78928013E+01  2.99454689E-01
3.87907710E-02  1.68133869E+01  2.95656830E-01
3.91806280E-02  1.64298897E+01  2.91508257E-01
3.95704850E-02  1.65224113E+01  2.88287967E-01
3.99603420E-02  1.61138439E+01  2.86063910E-01
4.03501990E-02  1.60191994E+01  2.81384021E-01
4.07400560E-02  1.53314590E+01  2.79335320E-01
4.11299130E-02  1.42000694E+01  2.74795920E-01
4.15197700E-02  1.40414333E+01  2.73153245E-01
4.19096270E-02  1.38928280E+01  2.70877153E-01
4.22994840E-02  1.34027386E+01  2.68274426E-01
4.26893410E-02  1.31332664E+01  2.63609946E-01
4.30791980E-02  1.27492256E+01  2.58654505E-01
4.34690550E-02  1.27107754E+01  2.55328864E-01
4.38589120E-02  1.19233513E+01  2.54191369E-01
4.42487690E-02  1.21167469E+01  2.52262622E-01
4.46386260E-02  1.16209145E+01  2.48874411E-01
4.50284830E-02  1.13687763E+01  2.47036368E-01
4.54183400E-02  1.02753201E+01  2.45721906E-01
4.58081970E-02  1.06076679E+01  2.46310890E-01
4.61980539E-02  1.06763401E+01  2.46999711E-01
4.65879109E-02  1.03039970E+01  2.46511772E-01
4.69777679E-02  1.05099697E+01  2.47450769E-01
4.73676249E-02  1.00068665E+01  2.48260289E-01
4.77574819E-02  9.12244797E+00  2.46652365E-01
4.81473389E-02  9.29807281E+00  2.45734587E-01
4.85371959E-02  9.44400787E+00  2.46351719E-01
4.89270529E-02  9.41916275E+00  2.45944068E-01
4.93169099E-02  9.03957176E+00  2.45319739E-01
4.97067669E-02  8.79603577E+00  2.44786397E-01
5.00966239E-02  8.60058403E+00  2.43032262E-01
5.04864809E-02  8.31197548E+00  2.43596897E-01
5.08763379E-02  8.30183792E+00  2.42166609E-01
5.12661949E-02  8.36321831E+00  2.41374835E-01
5.16560519E-02  8.05320168E+00  2.41215974E-01
5.20459089E-02  7.31931877E+00  2.40488246E-01
5.24357659E-02  6.95518112E+00  2.37650335E-01
5.28256229E-02  7.35365486E+00  2.35855341E-01
5.32154799E-02  7.12926292E+00  2.33204052E-01
5.36053369E-02  7.29825401E+00  2.30168387E-01
5.39951939E-02  6.99337959E+00  2.27323025E-01
5.43850509E-02  6.65736008E+00  2.25143045E-01
5.47749078E-02  6.77700806E+00  2.24718913E-01
5.51647648E-02  6.39190292E+00  2.22183943E-01
5.55546218E-02  6.55704308E+00  2.20822945E-01
5.59444788E-02  6.44660187E+00  2.19563693E-01
5.63343358E-02  6.18533134E+00  2.17629448E-01
5.67241928E-02  6.19951630E+00  2.16099203E-01
5.71140498E-02  6.05768394E+00  2.14887530E-01
5.75039068E-02  6.02019882E+00  2.14275420E-01
5.78937638E-02  6.07682419E+00  2.13152573E-01
5.82836208E-02  5.57973480E+00  2.12043807E-01
5.86734778E-02  5.36382866E+00  2.14393944E-01
5.90633348E-02  5.35855103E+00  2.14980245E-01
5.94531918E-02  5.19272232E+00  2.15362042E-01
5.98430488E-02  5.68225670E+00  2.15690568E-01
6.02329058E-02  5.45007896E+00  2.15141326E-01
6.06227628E-02  4.96249771E+00  2.14515224E-01
6.10126198E-02  4.89724731E+00  2.15856180E-01
6.14024768E-02  5.05667305E+00  2.14224473E-01
6.17923338E-02  5.36818886E+00  2.11534590E-01
6.21821908E-02  5.29894447E+00  2.08967522E-01
6.25720478E-02  4.74776649E+00  2.07187936E-01
6.29619048E-02  4.81622124E+00  2.05642283E-01
6.33517617E-02  4.76836967E+00  2.05001980E-01
6.37416187E-02  4.34141731E+00  2.03571066E-01
6.41314757E-02  4.68751907E+00  2.01521531E-01
6.45213327E-02  4.85912323E+00  2.01522201E-01
6.49111897E-02  4.35493088E+00  1.99523240E-01
6.53010467E-02  4.65736198E+00  1.98703229E-01
6.56909037E-02  4.36705589E+00  1.97884485E-01
6.60807607E-02  4.50019073E+00  1.96586967E-01
6.64706177E-02  4.50301933E+00  1.95482567E-01
6.68604747E-02  4.57975769E+00  1.94297925E-01
6.72503317E-02  4.50043106E+00  1.93180218E-01
6.76401887E-02  4.09775734E+00  1.91924542E-01
6.80300457E-02  3.99188042E+00  1.90560341E-01
6.84199027E-02  4.49386215E+00  1.90455690E-01
6.88097597E-02  4.43212700E+00  1.89549387E-01
6.91996167E-02  4.19028664E+00  1.88953623E-01
6.95894737E-02  4.08315086E+00  1.88150033E-01
6.99793307E-02  4.54014778E+00  1.87645093E-01
7.03691877E-02  3.99645615E+00  1.87393352E-01
7.07590447E-02  3.91075516E+00  1.86493739E-01
7.11489017E-02  4.34398651E+00  1.86380222E-01
7.15387586E-02  4.49311447E+00  1.86235920E-01
7.19286156E-02  4.58376122E+00  1.84712797E-01
7.23184726E-02  4.39964676E+00  1.83975786E-01
7.27083296E-02  3.73463058E+00  1.83231056E-01
7.30981866E-02  4.18417931E+00  1.82912558E-01
7.34880436E-02  3.97242165E+00  1.82432294E-01
7.38779006E-02  4.16207695E+00  1.82040796E-01
7.42677576E-02  3.94982910E+00  1.81817412E-01
7.46576146E-02  4.11764526E+00  1.80846542E-01
7.50474716E-02  4.30523491E+00  1.80097029E-01
7.54373286E-02  4.47297668E+00  1.78726882E-01
7.58271856E-02  3.95182991E+00  1.77588433E-01
7.62170426E-02  3.98703003E+00  1.77200690E-01
7.66068996E-02  4.18975639E+00  1.76561922E-01
7.69967566E-02  3.88774490E+00  1.76062182E-01
7.73866136E-02  4.11078072E+00  1.75914675E-01
7.77764706E-02  4.00854111E+00  1.75291091E-01
7.81663276E-02  4.18449020E+00  1.74847901E-01
7.85561846E-02  4.60590363E+00  1.74295366E-01
7.89460416E-02  4.17837906E+00  1.73715129E-01
7.93358986E-02  3.68949509E+00  1.73066556E-01
7.97257556E-02  3.48828506E+00  1.73059195E-01
8.01156125E-02  3.88282585E+00  1.72354430E-01
8.05054695E-02  3.97193909E+00  1.72397971E-01
8.08953265E-02  3.83371544E+00  1.71278656E-01
8.12851835E-02  3.95551872E+00  1.71083063E-01
8.16750405E-02  4.08894539E+00  1.71343938E-01
8.20648975E-02  3.82408524E+00  1.70226589E-01
8.24547545E-02  3.90824127E+00  1.69389978E-01
8.28446115E-02  4.14024925E+00  1.69540212E-01
8.32344685E-02  4.25229836E+00  1.68658152E-01
8.36243255E-02  3.61309052E+00  1.68574944E-01
8.40141825E-02  3.90485191E+00  1.67861626E-01
8.44040395E-02  4.26202965E+00  1.68173835E-01
8.47938965E-02  3.96152115E+00  1.67334706E-01
8.51837535E-02  3.77028084E+00  1.66902855E-01
8.55736105E-02  4.02309036E+00  1.66274667E-01
8.59634675E-02  3.87765884E+00  1.65963247E-01
8.63533245E-02  3.43094826E+00  1.65904924E-01
8.67431815E-02  3.61204910E+00  1.65085524E-01
8.71330385E-02  3.69732475E+00  1.64385736E-01
8.75228955E-02  3.84233856E+00  1.65029302E-01
8.79127525E-02  3.94071007E+00  1.63577542E-01
8.83026094E-02  3.87800407E+00  1.63102090E-01
8.86924664E-02  3.69445229E+00  1.62703902E-01
8.90823234E-02  3.68216515E+00  1.61965579E-01
8.94721804E-02  3.91240692E+00  1.62465796E-01
8.98620374E-02  3.88387680E+00  1.61838189E-01
9.02518944E-02  3.86972237E+00  1.61496103E-01
9.06417514E-02  3.78653717E+00  1.60735965E-01
9.10316084E-02  3.89359665E+00  1.60786361E-01
9.14214654E-02  4.06429100E+00  1.59949929E-01
9.18113224E-02  4.03566742E+00  1.59580037E-01
9.22011794E-02  3.87652016E+00  1.59210905E-01
9.25910364E-02  4.11785126E+00  1.59115508E-01
9.29808934E-02  3.99192047E+00  1.58577666E-01
9.33707504E-02  3.94434738E+00  1.58365712E-01
9.37606074E-02  3.90870094E+00  1.57694712E-01
9.41504644E-02  3.59185791E+00  1.57610819E-01
9.45403214E-02  3.90553856E+00  1.56868786E-01
9.49301784E-02  3.87705421E+00  1.56655222E-01
9.53200354E-02  3.98923302E+00  1.55968845E-01
9.57098924E-02  4.11218071E+00  1.56065047E-01
9.60997494E-02  3.88495445E+00  1.55794665E-01
9.64896064E-02  3.89615440E+00  1.55574098E-01
9.68794633E-02  3.87170029E+00  1.54690608E-01
9.72693203E-02  3.83204269E+00  1.54662699E-01
9.76591773E-02  4.06480598E+00  1.53626040E-01
9.80490343E-02  3.94746017E+00  1.53907999E-01
9.84388913E-02  3.95016479E+00  1.53415427E-01
9.88287483E-02  3.85152817E+00  1.53461456E-01
9.92186053E-02  3.77244186E+00  1.52818814E-01
9.96084623E-02  3.61225700E+00  1.52645797E-01
9.99983193E-02  3.97718620E+00  1.52612731E-01
1.00388176E-01  4.26525307E+00  1.51865050E-01
1.00778033E-01  3.94412422E+00  1.51465043E-01
1.01167890E-01  3.73752022E+00  1.51215449E-01
1.01557747E-01  3.88806534E+00  1.50941059E-01
1.01947604E-01  3.94454765E+00  1.50864497E-01
1.02337461E-01  3.78586197E+00  1.50424525E-01
1.02727318E-01  3.81720352E+00  1.49827480E-01
1.03117175E-01  3.85769272E+00  1.49855062E-01
1.03507032E-01  3.93760681E+00  1.49592772E-01
1.03896889E-01  3.94115829E+00  1.49268329E-01
1.04286746E-01  3.67151260E+00  1.48312628E-01
1.04676603E-01  3.71400261E+00  1.48180827E-01
1.05066460E-01  3.85037231E+00  1.47939682E-01
1.05456317E-01  3.97734833E+00  1.47990435E-01
1.05846174E-01  4.06453896E+00  1.47792488E-01
1.06236031E-01  3.98316574E+00  1.46666959E-01
1.06625888E-01  4.12859154E+00  1.46638945E-01
1.07015745E-01  4.31044960E+00  1.46877021E-01
1.07405602E-01  4.13997459E+00  1.46157533E-01
1.07795459E-01  3.87170029E+00  1.46184742E-01
1.08185316E-01  3.84285355E+00  1.45732671E-01
1.08575173E-01  4.10239410E+00  1.45342052E-01
1.08965030E-01  4.06047249E+00  1.45447090E-01
1.09354887E-01  3.84883308E+00  1.44762948E-01
1.09744744E-01  4.06917953E+00  1.44872040E-01
1.10134601E-01  4.27510071E+00  1.44236878E-01
1.10524458E-01  3.76937866E+00  1.43882215E-01
1.10914315E-01  3.81401253E+00  1.44033238E-01
1.11304172E-01  4.02677536E+00  1.43430024E-01
1.11694029E-01  4.12233353E+00  1.42785460E-01
1.12083886E-01  3.91629219E+00  1.42466098E-01
1.12473743E-01  3.97257996E+00  1.42498016E-01
1.12863600E-01  4.23296165E+00  1.42547756E-01
1.13253457E-01  3.88857079E+00  1.42438367E-01
1.13643314E-01  3.92410278E+00  1.44022241E-01
1.14033171E-01  3.93062782E+00  1.44534737E-01
1.14423028E-01  4.02092743E+00  1.44844428E-01
1.14812885E-01  4.15375137E+00  1.44958079E-01
1.15202742E-01  4.32311630E+00  1.45366132E-01
1.15592599E-01  4.02493095E+00  1.45571336E-01
1.15982456E-01  3.85735512E+00  1.45812362E-01
1.16372313E-01  4.08964348E+00  1.45979062E-01
1.16762170E-01  4.09441566E+00  1.46619037E-01
1.17152027E-01  4.10734558E+00  1.46337971E-01
1.17541884E-01  4.06621742E+00  1.46173075E-01
1.17931741E-01  4.05726242E+00  1.46326497E-01
1.18321598E-01  4.35344696E+00  1.46263465E-01
1.18711455E-01  4.16698265E+00  1.46498725E-01
1.19101312E-01  4.12019348E+00  1.46332204E-01
1.19491169E-01  4.09402847E+00  1.46681905E-01
1.19881026E-01  4.28125954E+00  1.46151841E-01
1.20270883E-01  4.10752678E+00  1.45675451E-01
1.20660740E-01  4.22334671E+00  1.44509599E-01
1.21050597E-01  4.08303261E+00  1.43294007E-01
1.21440454E-01  4.11364937E+00  1.43124610E-01
1.21830311E-01  4.17583847E+00  1.41745612E-01
1.22220168E-01  4.10120392E+00  1.41273946E-01
1.22610025E-01  4.20655251E+00  1.40627801E-01
1.22999882E-01  3.91996956E+00  1.40311435E-01
1.23389739E-01  4.06386185E+00  1.40016615E-01
1.23779596E-01  4.04233360E+00  1.39620751E-01
1.24169453E-01  4.13155174E+00  1.39497921E-01
1.24559310E-01  4.27407265E+00  1.38564438E-01
1.24949167E-01  4.40075111E+00  1.38472006E-01
1.25339024E-01  4.36296463E+00  1.38108999E-01
1.25728881E-01  4.18640327E+00  1.38082892E-01
1.26118738E-01  4.05049133E+00  1.37558803E-01
1.26508595E-01  4.36281586E+00  1.37108296E-01
1.26898452E-01  4.22658348E+00  1.36888474E-01
1.27288309E-01  4.12256050E+00  1.36566177E-01
1.27678166E-01  4.30552864E+00  1.36365518E-01
1.28068023E-01  4.48171043E+00  1.36032298E-01
1.28457880E-01  4.22423553E+00  1.36463791E-01
1.28847737E-01  4.45783806E+00  1.36861965E-01
1.29237594E-01  4.33154488E+00  1.37255937E-01
1.29627451E-01  4.20527267E+00  1.37115240E-01
1.30017308E-01  4.46360207E+00  1.37892574E-01
1.30407165E-01  4.50398254E+00  1.37605354E-01
1.30797022E-01  4.28265953E+00  1.37815520E-01
1.31186879E-01  4.30502892E+00  1.37974530E-01
1.31576736E-01  4.34312630E+00  1.38573259E-01
1.31966593E-01  4.24191475E+00  1.40816703E-01
1.32356450E-01  4.22928810E+00  1.41193658E-01
1.32746307E-01  4.23295784E+00  1.42073870E-01
1.33136164E-01  4.51427841E+00  1.42238736E-01
1.33526021E-01  4.55247879E+00  1.43201590E-01
1.33915878E-01  4.27409935E+00  1.43816382E-01
1.34305735E-01  4.29264259E+00  1.44185483E-01
1.34695592E-01  4.31590462E+00  1.44154623E-01
1.35085449E-01  4.42025566E+00  1.42623752E-01
1.35475306E-01  4.64502144E+00  1.41101122E-01
1.35865163E-01  4.42021751E+00  1.39485970E-01
1.36255020E-01  4.35491371E+00  1.38135687E-01
1.36644877E-01  4.32168198E+00  1.37372240E-01
1.37034734E-01  4.42108917E+00  1.36728600E-01
1.37424591E-01  4.33195496E+00  1.36139289E-01
1.37814448E-01  4.36896133E+00  1.35304123E-01
1.38204305E-01  4.18559265E+00  1.35034636E-01
1.38594162E-01  4.07592010E+00  1.34634271E-01
1.38984019E-01  4.33117676E+00  1.34412557E-01
1.39373876E-01  4.08259773E+00  1.34042248E-01
1.39763733E-01  4.14573669E+00  1.33479610E-01
1.40153590E-01  4.15182495E+00  1.33036911E-01
1.40543447E-01  4.25444031E+00  1.32693544E-01
1.40933304E-01  4.14469910E+00  1.32431373E-01
1.41323161E-01  4.36678314E+00  1.31675050E-01
1.41713018E-01  4.39640999E+00  1.31462291E-01
1.42102875E-01  4.26407051E+00  1.30850598E-01
1.42492732E-01  4.05230522E+00  1.30856499E-01
1.42882589E-01  4.38780403E+00  1.30426049E-01
1.43272446E-01  4.39445877E+00  1.30339488E-01
1.43662303E-01  4.56035042E+00  1.30123466E-01
1.44052160E-01  3.98198700E+00  1.29643857E-01
1.44442017E-01  4.00778961E+00  1.29765123E-01
1.44831874E-01  4.28432274E+00  1.29227877E-01
1.45221731E-01  4.45566940E+00  1.29216522E-01
1.45611588E-01  4.19040489E+00  1.29208758E-01
1.46001445E-01  4.43721581E+00  1.28436968E-01
1.46391302E-01  4.19648170E+00  1.28167853E-01
1.46781159E-01  4.19920731E+00  1.27886072E-01
1.47171016E-01  4.36213303E+00  1.28013372E-01
1.47560873E-01  4.20891571E+00  1.27636179E-01
1.47950730E-01  4.14549255E+00  1.27332494E-01
1.48340587E-01  4.06450272E+00  1.26961187E-01
1.48730444E-01  4.08593178E+00  1.26937598E-01
1.49120301E-01  4.26988029E+00  1.26803845E-01
1.49510158E-01  4.12017632E+00  1.25990972E-01
1.49900015E-01  4.11319542E+00  1.26260906E-01
1.50289872E-01  4.28948784E+00  1.26001954E-01
1.50679729E-01  4.14554214E+00  1.25857353E-01
1.51069586E-01  4.23069191E+00  1.25775263E-01
1.51459443E-01  4.14643097E+00  1.25323027E-01
1.51849300E-01  4.01487732E+00  1.25119343E-01
1.52239157E-01  3.99462509E+00  1.24770179E-01
1.52629014E-01  4.11269379E+00  1.24425769E-01
1.53018871E-01  4.05044556E+00  1.24665916E-01
1.53408728E-01  3.90561104E+00  1.24046758E-01
1.53798585E-01  3.94361305E+00  1.24280035E-01
1.54188442E-01  3.99230957E+00  1.23710714E-01
1.54578299E-01  4.09918594E+00  1.23456448E-01
1.54968156E-01  3.93751526E+00  1.23412132E-01
1.55358013E-01  4.21242714E+00  1.23087227E-01
1.55747870E-01  4.36591721E+00  1.22764647E-01
1.56137727E-01  4.15419960E+00  1.22677997E-01
1.56527584E-01  4.15314293E+00  1.22344017E-01
1.56917441E-01  3.86845779E+00  1.22289918E-01
1.57307298E-01  4.09802246E+00  1.21927015E-01
1.57697155E-01  4.13904572E+00  1.22006238E-01
1.58087012E-01  3.89340973E+00  1.21599428E-01
1.58476869E-01  3.85710716E+00  1.21402629E-01
1.58866726E-01  3.95340729E+00  1.21255673E-01
1.59256583E-01  3.87294197E+00  1.20718390E-01
1.59646440E-01  3.97264862E+00  1.20911554E-01
1.60036297E-01  4.00177574E+00  1.20524645E-01
1.60426154E-01  3.77067757E+00  1.20148338E-01
1.60816011E-01  3.83390808E+00  1.20122761E-01
1.61205868E-01  3.93367958E+00  1.20196819E-01
1.61595725E-01  4.01993561E+00  1.19884811E-01
1.61985582E-01  3.99732018E+00  1.19544409E-01
1.62375439E-01  3.93551445E+00  1.19494975E-01
1.62765296E-01  3.75215721E+00  1.19267866E-01
1.63155153E-01  4.09147072E+00  1.19123600E-01
1.63545010E-01  3.79076767E+00  1.19104251E-01
1.63934867E-01  3.90200424E+00  1.18847162E-01
1.64324724E-01  3.92556572E+00  1.18670613E-01
1.64714581E-01  3.94462204E+00  1.18536495E-01
1.65104438E-01  3.90427208E+00  1.18252933E-01
1.65494295E-01  3.98441124E+00  1.17874518E-01
1.65884152E-01  3.87542152E+00  1.17674962E-01
1.66274009E-01  3.66172028E+00  1.17370896E-01
1.66663866E-01  3.85493088E+00  1.17276914E-01
1.67053723E-01  3.85898781E+00  1.17096663E-01
1.67443580E-01  3.75850105E+00  1.16775170E-01
1.67833437E-01  3.51976013E+00  1.16804868E-01
1.68223293E-01  3.53714180E+00  1.16552159E-01
1.68613150E-01  3.50583267E+00  1.16533704E-01
1.69003007E-01  3.63601494E+00  1.16166949E-01
1.69392864E-01  3.65280151E+00  1.16142735E-01
1.69782721E-01  3.73299980E+00  1.16230503E-01
1.70172578E-01  3.64277840E+00  1.15959980E-01
1.70562435E-01  3.71634483E+00  1.15153663E-01
1.70952292E-01  3.79092979E+00  1.15085915E-01
1.71342149E-01  3.61688423E+00  1.15221180E-01
1.71732006E-01  3.31960869E+00  1.15284361E-01
1.72121863E-01  3.54108047E+00  1.14784405E-01
1.72511720E-01  3.56116676E+00  1.14882551E-01
1.72901577E-01  3.52159691E+00  1.14430815E-01
1.73291434E-01  3.62206078E+00  1.14388384E-01
1.73681291E-01  3.66564369E+00  1.14254460E-01
1.74071148E-01  3.50551987E+00  1.13883510E-01
1.74461005E-01  3.60649872E+00  1.13460228E-01
1.74850862E-01  3.49442482E+00  1.13352820E-01
1.75240719E-01  3.60948944E+00  1.13590799E-01
1.75630576E-01  3.45627785E+00  1.12999983E-01
1.76020433E-01  3.61652946E+00  1.13143690E-01
1.76410290E-01  3.54520798E+00  1.13000326E-01
1.76800147E-01  3.51999855E+00  1.12778328E-01
1.77190004E-01  3.28050423E+00  1.12482406E-01
1.77579861E-01  3.27743340E+00  1.12483807E-01
1.77969718E-01  3.26226997E+00  1.11967355E-01
1.78359575E-01  3.35595894E+00  1.11985065E-01
1.78749432E-01  3.47782135E+00  1.11632451E-01
1.79139289E-01  3.43584633E+00  1.11885339E-01
1.79529146E-01  3.44217682E+00  1.11652426E-01
1.79919003E-01  3.37174416E+00  1.11627400E-01
1.80308860E-01  3.27467346E+00  1.11465238E-01
1.80698717E-01  3.29476547E+00  1.11031890E-01
1.81088574E-01  3.14206696E+00  1.10899217E-01
1.81478431E-01  3.37571526E+00  1.10757083E-01
1.81868288E-01  3.04699707E+00  1.10635735E-01
1.82258145E-01  3.20581818E+00  1.10652685E-01
1.82648002E-01  3.37640953E+00  1.10355243E-01
1.83037859E-01  3.24048233E+00  1.10574715E-01
1.83427716E-01  3.23158073E+00  1.10233091E-01
1.83817573E-01  3.24121094E+00  1.10057481E-01
1.84207430E-01  3.19440842E+00  1.10000022E-01
1.84597287E-01  3.05513191E+00  1.09855108E-01
1.84987144E-01  2.97425461E+00  1.09365366E-01
1.85377001E-01  3.05833244E+00  1.09112434E-01
1.85766858E-01  2.94022751E+00  1.08962536E-01
1.86156715E-01  3.10956573E+00  1.09038189E-01
1.86546572E-01  3.15269661E+00  1.08852819E-01
1.86936429E-01  3.08747673E+00  1.08735755E-01
1.87326286E-01  3.06300735E+00  1.08625457E-01
1.87716143E-01  3.10900307E+00  1.08258218E-01
1.88106000E-01  2.95911217E+00  1.08235382E-01
1.88495857E-01  2.88428879E+00  1.08075865E-01
1.88885714E-01  3.02799225E+00  1.07557282E-01
1.89275571E-01  3.13872337E+00  1.07562080E-01
1.89665428E-01  3.10393143E+00  1.07532889E-01
1.90055285E-01  3.11571312E+00  1.07766673E-01
1.90445142E-01  3.16273308E+00  1.07647844E-01
1.90834999E-01  3.07759857E+00  1.07512586E-01
1.91224856E-01  3.00492287E+00  1.07329972E-01
1.91614713E-01  2.89593315E+00  1.07037157E-01
1.92004570E-01  2.71794510E+00  1.06689349E-01
1.92394427E-01  2.80281448E+00  1.06760442E-01
1.92784284E-01  3.08145714E+00  1.06601663E-01
1.93174141E-01  2.96529770E+00  1.06452085E-01
1.93563998E-01  2.92328835E+00  1.06342487E-01
1.93953855E-01  3.08333778E+00  1.06024630E-01
1.94343712E-01  2.90722466E+00  1.06192760E-01
1.94733569E-01  2.97521400E+00  1.06014624E-01
1.95123426E-01  3.08995056E+00  1.05812587E-01
1.95513283E-01  2.96009254E+00  1.05540231E-01
1.95903140E-01  2.82840538E+00  1.05418675E-01
1.96292997E-01  2.87082481E+00  1.05943166E-01
1.96682854E-01  2.90908623E+00  1.06634654E-01
1.97072711E-01  2.77814865E+00  1.07228518E-01
1.97462568E-01  2.76945305E+00  1.07195884E-01
1.97852425E-01  2.99563026E+00  1.07377179E-01
1.98242282E-01  2.82444572E+00  1.07412197E-01
1.98632139E-01  2.78774834E+00  1.08000293E-01
1.99021996E-01  2.81764793E+00  1.07622862E-01
1.99411853E-01  2.85270309E+00  1.07763968E-01
1.99801710E-01  2.89014435E+00  1.07792132E-01
2.00191567E-01  2.88087654E+00  1.07931502E-01
2.00581424E-01  2.76978874E+00  1.07747048E-01
2.00971281E-01  2.77531052E+00  1.07948087E-01
2.01361138E-01  2.89594269E+00  1.07974567E-01
2.01750995E-01  2.90052795E+00  1.08321533E-01
2.02140852E-01  2.65118790E+00  1.08259685E-01
2.02530709E-01  2.58535004E+00  1.08414620E-01
2.02920566E-01  2.60135078E+00  1.08153611E-01
2.03310423E-01  2.65501213E+00  1.07392818E-01
2.03700280E-01  2.49171066E+00  1.06410742E-01
2.04090137E-01  2.63915062E+00  1.06093854E-01
2.04479994E-01  2.65851402E+00  1.05889395E-01
2.04869851E-01  2.77905273E+00  1.05759509E-01
2.05259708E-01  2.76171112E+00  1.05146334E-01
2.05649565E-01  2.68695831E+00  1.04895324E-01
2.06039422E-01  2.69653511E+00  1.04927145E-01
2.06429279E-01  2.70995712E+00  1.04327902E-01
2.06819136E-01  2.63132286E+00  1.04436025E-01
2.07208993E-01  2.58631706E+00  1.04113571E-01
2.07598850E-01  2.33804893E+00  1.03827529E-01
2.07988707E-01  2.38163757E+00  1.03739284E-01
2.08378564E-01  2.60569763E+00  1.03708833E-01
2.08768421E-01  2.43589401E+00  1.03042126E-01
2.09158278E-01  2.44175911E+00  1.03097737E-01
2.09548135E-01  2.48470306E+00  1.02895595E-01
2.09937992E-01  2.51125717E+00  1.02622822E-01
2.10327849E-01  2.47633743E+00  1.02564603E-01
2.10717706E-01  2.39275360E+00  1.02463543E-01
2.11107563E-01  2.52823257E+00  1.02648638E-01
2.11497420E-01  2.42487144E+00  1.03369862E-01
2.11887277E-01  2.61580086E+00  1.03206277E-01
2.12277134E-01  2.54985619E+00  1.03496045E-01
2.12666991E-01  2.58577538E+00  1.03728123E-01
2.13056848E-01  2.54996872E+00  1.03714667E-01
2.13446705E-01  2.43557739E+00  1.04019865E-01
2.13836562E-01  2.64109421E+00  1.04080766E-01
2.14226419E-01  2.61369514E+00  1.04032122E-01
2.14616276E-01  2.48921776E+00  1.04018770E-01
2.15006133E-01  2.56316757E+00  1.04209237E-01
2.15395990E-01  2.48181915E+00  1.04131222E-01
2.15785847E-01  2.34082222E+00  1.04238220E-01
2.16175704E-01  2.55099678E+00  1.04416654E-01
2.16565561E-01  2.83207321E+00  1.04293965E-01
2.16955418E-01  2.59514427E+00  1.04399391E-01
2.17345275E-01  2.57694817E+00  1.04553312E-01
2.17735132E-01  2.36841393E+00  1.04522221E-01
2.18124989E-01  2.51498985E+00  1.04133077E-01
2.18514846E-01  2.29688454E+00  1.03148617E-01
2.18904703E-01  2.37438774E+00  1.02682307E-01
2.19294560E-01  2.48761368E+00  1.02238432E-01
2.19684417E-01  2.29559326E+00  1.02067918E-01
2.20074274E-01  2.22509766E+00  1.01624981E-01
2.20464131E-01  2.22484398E+00  1.01725951E-01
2.20853988E-01  2.26102638E+00  1.01297118E-01
2.21243845E-01  2.23462868E+00  1.00963317E-01
2.21633702E-01  2.33124733E+00  1.00877456E-01
2.22023559E-01  2.41754723E+00  1.00764267E-01
2.22413416E-01  2.43747330E+00  1.00334212E-01
2.22803273E-01  2.44203568E+00  1.00186609E-01
2.23193130E-01  2.45173264E+00  1.00044049E-01
2.23582987E-01  2.48480034E+00  1.00038759E-01
2.23972844E-01  2.33988190E+00  9.97231826E-02
2.24362701E-01  2.29636383E+00  9.94847268E-02
2.24752558E-01  2.19664955E+00  9.93794575E-02
2.25142415E-01  2.11133385E+00  9.92960408E-02
2.25532272E-01  2.12570381E+00  9.91774797E-02
2.25922129E-01  2.38911629E+00  9.89912078E-02
2.26311986E-01  2.34363174E+00  9.88984555E-02
2.26701843E-01  2.22961617E+00  9.88633260E-02
2.27091700E-01  2.00999069E+00  9.87080783E-02
2.27481557E-01  2.04995728E+00  9.84643996E-02
2.27871414E-01  2.11239815E+00  9.83037278E-02
2.28261271E-01  2.18582535E+00  9.84799191E-02
2.28651128E-01  2.26614380E+00  9.83411297E-02
2.29040985E-01  2.18223763E+00  9.80067179E-02
2.29430842E-01  2.19716644E+00  9.78399813E-02
2.29820699E-01  2.26198196E+00  9.76053327E-02
2.30210556E-01  2.12693214E+00  9.74037349E-02
2.30600413E-01  2.31185341E+00  9.74119753E-02
2.30990270E-01  2.19926071E+00  9.73205790E-02
2.31380127E-01  2.23488235E+00  9.72940102E-02
2.31769984E-01  2.07366562E+00  9.71235707E-02
2.32159841E-01  2.27012062E+00  9.69799682E-02
2.32549698E-01  2.13574600E+00  9.67529267E-02
2.32939555E-01  2.24295235E+00  9.68128666E-02
2.33329412E-01  2.09049797E+00  9.63074490E-02
2.33719269E-01  2.02786255E+00  9.63417441E-02
2.34109126E-01  1.90097427E+00  9.64231193E-02
2.34498983E-01  2.06125641E+00  9.60603952E-02
2.34888840E-01  2.11860657E+00  9.60420892E-02
2.35278697E-01  2.20386696E+00  9.58602726E-02
2.35668554E-01  2.25580215E+00  9.56876129E-02
2.36058411E-01  2.09980583E+00  9.56480503E-02
2.36448268E-01  2.19027328E+00  9.54501033E-02
2.36838125E-01  2.13891029E+00  9.54763219E-02
2.37227982E-01  2.03997612E+00  9.50629711E-02
2.37617839E-01  1.88806725E+00  9.49637592E-02
2.38007696E-01  1.99116898E+00  9.48387086E-02
2.38397553E-01  2.10730934E+00  9.47711691E-02
2.38787410E-01  2.04957008E+00  9.45096985E-02
2.39177267E-01  1.95191574E+00  9.46080089E-02
2.39567124E-01  1.99761391E+00  9.44347531E-02
2.39956981E-01  1.95392418E+00  9.44967121E-02
2.40346838E-01  1.89455032E+00  9.42281187E-02
2.40736695E-01  2.08977318E+00  9.42923501E-02
2.41126552E-01  1.88999176E+00  9.41616520E-02
2.41516409E-01  1.90820312E+00  9.38137025E-02
2.41906266E-01  1.97481155E+00  9.36947465E-02
2.42296123E-01  1.88687897E+00  9.37498733E-02
2.42685980E-01  1.97929192E+00  9.37564597E-02
2.43075837E-01  1.94046021E+00  9.36186984E-02
2.43465694E-01  2.04720497E+00  9.34141204E-02
2.43855551E-01  2.01132584E+00  9.34830457E-02
2.44245408E-01  1.85077286E+00  9.33848321E-02
2.44635265E-01  1.81354904E+00  9.31607634E-02
2.45025122E-01  1.96382904E+00  9.30828080E-02
2.45414979E-01  1.91856384E+00  9.28476006E-02
2.45804836E-01  2.06333923E+00  9.29448605E-02
2.46194693E-01  2.03812981E+00  9.27347019E-02
2.46584550E-01  1.92682457E+00  9.27905291E-02
2.46974407E-01  1.77490616E+00  9.27056745E-02
2.47364264E-01  1.89968872E+00  9.24906954E-02
2.47754121E-01  1.88525391E+00  9.22684222E-02
2.48143978E-01  1.95689774E+00  9.25347432E-02
2.48533835E-01  2.01210403E+00  9.20515507E-02
2.48923692E-01  1.93154526E+00  9.21786726E-02
2.49313549E-01  1.83168411E+00  9.19849202E-02
2.49703406E-01  1.80693436E+00  9.18426365E-02
2.50093263E-01  1.86201286E+00  9.18190777E-02
2.50483120E-01  1.68497849E+00  9.15246606E-02
2.50872977E-01  1.64215469E+00  9.16029140E-02
2.51262834E-01  1.78680038E+00  9.13349167E-02
2.51652691E-01  1.86832428E+00  9.15462822E-02
2.52042547E-01  1.76886749E+00  9.21533853E-02
2.52432404E-01  1.85182762E+00  9.22785178E-02
2.52822261E-01  1.85416603E+00  9.23749804E-02
2.53212118E-01  1.80176544E+00  9.29988697E-02
2.53601975E-01  1.84896469E+00  9.27022696E-02
2.53991832E-01  1.80521011E+00  9.29965079E-02
2.54381689E-01  1.69318771E+00  9.26896557E-02
2.54771546E-01  1.66246414E+00  9.30527747E-02
2.55161403E-01  1.69913864E+00  9.29899737E-02
2.55551260E-01  1.90538788E+00  9.30413529E-02
2.55941117E-01  1.70043945E+00  9.32407379E-02
2.56330974E-01  1.73376846E+00  9.30215865E-02
2.56720831E-01  1.62244415E+00  9.29820389E-02
2.57110688E-01  1.80094910E+00  9.28784013E-02
2.57500545E-01  1.83070755E+00  9.29507613E-02
2.57890402E-01  1.74697113E+00  9.30577517E-02
2.58280259E-01  1.72374535E+00  9.30086523E-02
2.58670116E-01  1.68036842E+00  9.31188390E-02
2.59059973E-01  1.70964813E+00  9.29645151E-02
2.59449830E-01  1.70946121E+00  9.29640085E-02
2.59839687E-01  1.72558212E+00  9.31797698E-02
2.60229544E-01  1.84612465E+00  9.31189358E-02
2.60619401E-01  1.84520149E+00  9.32480469E-02
2.61009258E-01  1.87904930E+00  9.30028781E-02
2.61399115E-01  1.74060059E+00  9.29709375E-02
2.61788972E-01  1.62116241E+00  9.31136310E-02
2.62178829E-01  1.64719963E+00  9.30870995E-02
2.62568686E-01  1.66568375E+00  9.30170491E-02
2.62958543E-01  1.82103729E+00  9.30075198E-02
2.63348400E-01  1.79133797E+00  9.32882875E-02
2.63738257E-01  1.88413239E+00  9.31052715E-02
2.64128114E-01  1.74564171E+00  9.31418166E-02
2.64517971E-01  1.75329018E+00  9.32050869E-02
2.64907828E-01  1.58353233E+00  9.30674449E-02
2.65297685E-01  1.68197060E+00  9.30890888E-02
2.65687542E-01  1.69932747E+00  9.30791870E-02
2.66077399E-01  1.90988922E+00  9.31464657E-02
2.66467256E-01  1.84872055E+00  9.29813683E-02
2.66857113E-01  1.51548195E+00  9.29649025E-02
2.67246970E-01  1.53088379E+00  9.29722637E-02
2.67636827E-01  1.40483856E+00  9.29417834E-02
2.68026684E-01  1.74054527E+00  9.28345770E-02
2.68416541E-01  1.69649506E+00  9.29317623E-02
2.68806398E-01  1.58982468E+00  9.29084569E-02
2.69196255E-01  1.64572334E+00  9.28315446E-02
2.69586112E-01  1.55832863E+00  9.28484797E-02
2.69975969E-01  1.74292946E+00  9.30162743E-02
2.70365826E-01  1.68272781E+00  9.28768367E-02
2.70755683E-01  1.78587914E+00  9.30425748E-02
2.71145540E-01  1.80491638E+00  9.28244069E-02
2.71535397E-01  1.56849098E+00  9.28634033E-02
2.71925254E-01  1.49769402E+00  9.28890780E-02
2.72315111E-01  1.59621429E+00  9.27486718E-02
2.72704968E-01  1.57825279E+00  9.25775841E-02
2.73094825E-01  1.66539001E+00  9.27676633E-02
2.73484682E-01  1.78338051E+00  9.26456451E-02
2.73874539E-01  1.56655502E+00  9.27627981E-02
2.74264396E-01  1.60191345E+00  9.27444398E-02
2.74654253E-01  1.55404091E+00  9.26378146E-02
2.75044110E-01  1.60206223E+00  9.26551893E-02
2.75433967E-01  1.67370415E+00  9.25593749E-02
2.75823824E-01  1.57520294E+00  9.25565287E-02
2.76213681E-01  1.48732376E+00  9.25335363E-02
2.76603538E-01  1.38010216E+00  9.23380852E-02
2.76993395E-01  1.68071556E+00  9.24311876E-02
2.77383252E-01  1.48128891E+00  9.24732089E-02
2.77773109E-01  1.50884819E+00  9.23463553E-02
2.78162966E-01  1.52297974E+00  9.23339278E-02
2.78552823E-01  1.57690430E+00  9.20298547E-02
2.78942680E-01  1.49288559E+00  9.28284824E-02
2.79332537E-01  1.67020988E+00  9.32951644E-02
2.79722394E-01  1.53736115E+00  9.35463607E-02
2.80112251E-01  1.64181709E+00  9.39121246E-02
2.80502108E-01  1.52641487E+00  9.41413045E-02
2.80891965E-01  1.48685837E+00  9.44499597E-02
2.81281822E-01  1.56669617E+00  9.43196490E-02
2.81671679E-01  1.64868736E+00  9.48561728E-02
2.82061536E-01  1.65937233E+00  9.50823352E-02
2.82451393E-01  1.42749786E+00  9.51396152E-02
2.82841250E-01  1.47652245E+00  9.53717753E-02
2.83231107E-01  1.52839088E+00  9.50556993E-02
2.83620964E-01  1.55027771E+00  9.52986255E-02
2.84010821E-01  1.47306061E+00  9.54714119E-02
2.84400678E-01  1.39811707E+00  9.54788923E-02
2.84790535E-01  1.44327164E+00  9.57948640E-02
2.85180392E-01  1.57028961E+00  9.55562666E-02
2.85570249E-01  1.44655037E+00  9.57357958E-02
2.85960106E-01  1.40888596E+00  9.51411054E-02
2.86349963E-01  1.52162361E+00  9.46448967E-02
2.86739820E-01  1.20870018E+00  9.39927548E-02
2.87129677E-01  1.36646271E+00  9.40636098E-02
2.87519534E-01  1.35477638E+00  9.38390493E-02
2.87909391E-01  1.38260651E+00  9.38833728E-02
2.88299248E-01  1.27093315E+00  9.35762078E-02
2.88689105E-01  1.38469315E+00  9.32313576E-02
2.89078962E-01  1.37613297E+00  9.30108801E-02
2.89468819E-01  1.56260872E+00  9.32678729E-02
2.89858676E-01  1.37941742E+00  9.31714997E-02
2.90248533E-01  1.22575951E+00  9.28698331E-02
2.90638390E-01  1.23573685E+00  9.29959416E-02
2.91028247E-01  1.33538055E+00  9.27722007E-02
2.91418104E-01  1.32114983E+00  9.25867260E-02
2.91807961E-01  1.34917259E+00  9.26163867E-02
2.92197818E-01  1.53058434E+00  9.28149447E-02
2.92587675E-01  1.32657623E+00  9.24087316E-02
2.92977532E-01  1.37168312E+00  9.25161690E-02
2.93367389E-01  1.19358826E+00  9.24020186E-02
2.93757246E-01  1.36694908E+00  9.28646699E-02
2.94147103E-01  1.44360733E+00  9.34989378E-02
2.94536960E-01  1.50693321E+00  9.38940942E-02
2.94926817E-01  1.42917061E+00  9.38209146E-02
2.95316674E-01  1.37821007E+00  9.43450406E-02
2.95706531E-01  1.28851128E+00  9.43481401E-02
2.96096388E-01  1.26723862E+00  9.44776908E-02
2.96486245E-01  1.38967133E+00  9.46297348E-02
2.96876102E-01  1.25756454E+00  9.48924720E-02
2.97265959E-01  1.25052071E+00  9.48529020E-02
2.97655816E-01  1.24035263E+00  9.50216800E-02
2.98045673E-01  1.40240479E+00  9.50843915E-02
2.98435530E-01  1.37611389E+00  9.51798931E-02
2.98825387E-01  1.33570480E+00  9.52594951E-02
2.99215244E-01  1.42389488E+00  9.52728316E-02
2.99605101E-01  1.48153877E+00  9.54304338E-02
2.99994958E-01  1.27369499E+00  9.51926559E-02
3.00384815E-01  1.31481552E+00  9.56004113E-02
3.00774672E-01  1.43956566E+00  9.58515108E-02
3.01164529E-01  1.39440727E+00  9.55827981E-02
3.01554386E-01  1.17374039E+00  9.57393870E-02
3.01944243E-01  1.48147964E+00  9.60616469E-02
3.02334100E-01  1.46929359E+00  9.60977823E-02
3.02723957E-01  1.37384415E+00  9.58082899E-02
3.03113814E-01  1.41113853E+00  9.58005637E-02
3.03503671E-01  1.55309677E+00  9.61019769E-02
3.03893528E-01  1.33130264E+00  9.60398018E-02
3.04283385E-01  1.37294769E+00  9.59938392E-02
3.04673242E-01  1.47394180E+00  9.62198302E-02
3.05063099E-01  1.38260269E+00  9.64213014E-02
3.05452956E-01  1.34225845E+00  9.64527652E-02
3.05842813E-01  1.21097946E+00  9.65463296E-02
3.06232670E-01  1.28006744E+00  9.65995714E-02
3.06622527E-01  1.51228714E+00  9.66915712E-02
3.07012384E-01  1.41068649E+00  9.67237651E-02
3.07402241E-01  1.23502541E+00  9.66634527E-02
3.07792098E-01  1.22622681E+00  9.66049209E-02
3.08181955E-01  1.23126984E+00  9.66486037E-02
3.08571812E-01  1.18135262E+00  9.70209837E-02
3.08961669E-01  1.19195938E+00  9.67877135E-02
3.09351526E-01  1.29683685E+00  9.66694206E-02
3.09741383E-01  1.20405579E+00  9.71780345E-02
3.10131240E-01  1.26005936E+00  9.70935225E-02
3.10521097E-01  1.48677444E+00  9.72567201E-02
3.10910954E-01  1.44337845E+00  9.69702527E-02
3.11300811E-01  1.29146385E+00  9.70992222E-02
3.11690668E-01  1.21662140E+00  9.70598236E-02
3.12080525E-01  1.22618484E+00  9.70958695E-02
3.12470382E-01  1.35787010E+00  9.71200019E-02
3.12860239E-01  1.30842590E+00  9.72264633E-02
3.13250096E-01  1.21616364E+00  9.73393470E-02
3.13639953E-01  1.20783806E+00  9.70910788E-02
3.14029810E-01  1.15760612E+00  9.72716361E-02
3.14419667E-01  1.22363091E+00  9.75334272E-02
3.14809524E-01  1.37120819E+00  9.76208746E-02
3.15199381E-01  1.28154373E+00  9.76207927E-02
3.15589238E-01  1.26318741E+00  9.74667817E-02
3.15979095E-01  1.39860153E+00  9.74366888E-02
3.16368952E-01  1.06428909E+00  9.75470394E-02
3.16758809E-01  1.16099358E+00  9.78605300E-02
3.17148666E-01  1.19821167E+00  9.75653380E-02
3.17538523E-01  1.26783180E+00  9.80692580E-02
3.17928380E-01  1.03969574E+00  9.77484435E-02
3.18318237E-01  1.12092781E+00  9.79859531E-02
3.18708094E-01  1.39137650E+00  9.81282145E-02
3.19097951E-01  1.21271706E+00  9.79965031E-02
3.19487808E-01  1.25430870E+00  9.80809629E-02
3.19877665E-01  1.22859764E+00  9.80030745E-02
3.20267522E-01  1.30053329E+00  9.78713259E-02
3.20657379E-01  1.33012390E+00  9.82944518E-02
3.21047236E-01  1.12699890E+00  9.79934707E-02
3.21437093E-01  1.13048363E+00  9.78333279E-02
3.21826950E-01  1.14408493E+00  9.79504064E-02
3.22216807E-01  1.38911057E+00  9.79269817E-02
3.22606664E-01  1.26668930E+00  9.77519825E-02
3.22996521E-01  1.12285042E+00  9.79499966E-02
3.23386378E-01  1.09019852E+00  9.81314331E-02
3.23776235E-01  1.03663826E+00  9.79302078E-02
3.24166092E-01  1.10714149E+00  9.79058817E-02
3.24555949E-01  1.11296463E+00  9.89969447E-02
3.24945806E-01  1.21725273E+00  9.96175036E-02
3.25335663E-01  1.08648109E+00  1.00231528E-01
3.25725520E-01  1.10511017E+00  1.00543864E-01
3.26115377E-01  1.18415451E+00  1.00790203E-01
3.26505234E-01  1.14676476E+00  1.01028100E-01
3.26895091E-01  1.21153641E+00  1.01279266E-01
3.27284948E-01  1.08735657E+00  1.01567671E-01
3.27674805E-01  1.18103409E+00  1.01921357E-01
3.28064662E-01  1.20604324E+00  1.01910055E-01
3.28454519E-01  1.06580925E+00  1.01962388E-01
3.28844376E-01  1.14706421E+00  1.02173805E-01
3.29234233E-01  1.03583717E+00  1.02520317E-01
3.29624090E-01  8.86468887E-01  1.02670044E-01
3.30013947E-01  1.06106949E+00  1.02919452E-01
3.30403804E-01  1.03046036E+00  1.02894835E-01
3.30793661E-01  9.01079178E-01  1.03480168E-01
3.31183518E-01  1.00728226E+00  1.03666797E-01
3.31573375E-01  8.96587372E-01  1.03796110E-01
3.31963232E-01  8.33650589E-01  1.03900187E-01
3.32353089E-01  8.98265839E-01  1.03943259E-01
3.32742946E-01  8.49605560E-01  1.04302905E-01
3.33132803E-01  8.75978470E-01  1.04322158E-01
3.33522660E-01  9.71984863E-01  1.04387023E-01
3.33912517E-01  8.95462036E-01  1.04979709E-01
3.34302374E-01  1.11890984E+00  1.05230384E-01
3.34692231E-01  8.50778580E-01  1.05060488E-01
3.35082088E-01  1.10542107E+00  1.05165258E-01
3.35471945E-01  1.05500793E+00  1.05822906E-01
3.35861802E-01  6.69322968E-01  1.05773672E-01
3.36251658E-01  6.89313889E-01  1.05759412E-01
3.36641515E-01  8.96095276E-01  1.06294386E-01
3.37031372E-01  9.44149017E-01  1.06399618E-01
3.37421229E-01  9.26652908E-01  1.06784850E-01
3.37811086E-01  9.06494141E-01  1.06898852E-01
3.38200943E-01  7.92552948E-01  1.06931150E-01
3.38590800E-01  7.64310837E-01  1.07368976E-01
3.38980657E-01  9.56665039E-01  1.07610494E-01
3.39370514E-01  1.02410889E+00  1.07564613E-01
3.39760371E-01  9.00562286E-01  1.07740544E-01
3.40150228E-01  8.04140091E-01  1.08005315E-01
3.40540085E-01  8.83867264E-01  1.08452626E-01
3.40929942E-01  8.72943878E-01  1.08353093E-01
3.41319799E-01  8.84159088E-01  1.08413994E-01
3.41709656E-01  8.91151428E-01  1.08510390E-01
3.42099513E-01  1.05427361E+00  1.08582214E-01
3.42489370E-01  8.98405075E-01  1.08868547E-01
3.42879227E-01  8.43166351E-01  1.09102935E-01
3.43269084E-01  8.57213974E-01  1.09230913E-01
3.43658941E-01  6.56953812E-01  1.09111845E-01
3.44048798E-01  7.80685425E-01  1.09358557E-01
3.44438655E-01  7.60339737E-01  1.09700508E-01
3.44828512E-01  7.81482697E-01  1.09661467E-01
3.45218369E-01  7.80740738E-01  1.09493144E-01
3.45608226E-01  7.86405563E-01  1.10027835E-01
3.45998083E-01  8.44219208E-01  1.10279255E-01
3.46387940E-01  7.73332596E-01  1.09735407E-01
3.46777797E-01  7.61096954E-01  1.09885715E-01
3.47167654E-01  5.99025726E-01  1.10303253E-01
3.47557511E-01  8.43250275E-01  1.10436216E-01
3.47947368E-01  9.18165207E-01  1.10726729E-01
3.48337225E-01  1.07254028E+00  1.10934876E-01
3.48727082E-01  8.63868713E-01  1.11234240E-01
3.49116939E-01  8.58535767E-01  1.11202218E-01
3.49506796E-01  6.72155380E-01  1.11198828E-01
3.49896653E-01  5.51750183E-01  1.11545190E-01
3.50286510E-01  8.12236786E-01  1.11547455E-01
3.50676367E-01  8.04702759E-01  1.11718841E-01
3.51066224E-01  6.89878464E-01  1.11653678E-01
3.51456081E-01  7.41119385E-01  1.11767508E-01
3.51845938E-01  5.80081940E-01  1.11666515E-01
3.52235795E-01  7.96909332E-01  1.11970089E-01
3.52625652E-01  9.24406052E-01  1.12407431E-01
3.53015509E-01  7.88867950E-01  1.12438239E-01
3.53405366E-01  7.74131775E-01  1.12590790E-01
3.53795223E-01  6.19329453E-01  1.12974212E-01
3.54185080E-01  7.02468872E-01  1.13008581E-01
3.54574937E-01  5.04547119E-01  1.12887844E-01
3.54964794E-01  6.76856995E-01  1.13071404E-01
3.55354651E-01  8.14725876E-01  1.13571420E-01
3.55744508E-01  5.47037125E-01  1.13794535E-01
3.56134365E-01  7.99375534E-01  1.13769688E-01
3.56524222E-01  4.68694687E-01  1.13890022E-01
3.56914079E-01  6.32934570E-01  1.14038453E-01
3.57303936E-01  5.93002319E-01  1.14273265E-01
3.57693793E-01  6.92203522E-01  1.14099599E-01
3.58083650E-01  8.53609085E-01  1.14261016E-01
3.58473507E-01  6.16556168E-01  1.14354461E-01
3.58863364E-01  5.73381424E-01  1.14777312E-01
3.59253221E-01  7.43921280E-01  1.14768513E-01
3.59643078E-01  6.77824020E-01  1.15054764E-01
3.60032935E-01  4.23282623E-01  1.15219571E-01
3.60422792E-01  4.71742630E-01  1.15104482E-01
3.60812649E-01  7.03643799E-01  1.15505159E-01
3.61202506E-01  7.99087524E-01  1.15408711E-01
3.61592363E-01  6.41370773E-01  1.15574718E-01
3.61982220E-01  6.80749893E-01  1.17272288E-01
3.62372077E-01  5.11730194E-01  1.18942544E-01
3.62761934E-01  5.84819794E-01  1.20036162E-01
3.63151791E-01  5.41406631E-01  1.20817021E-01
3.63541648E-01  6.51033401E-01  1.21595882E-01
3.63931505E-01  7.69884109E-01  1.22801401E-01
3.64321362E-01  6.74438477E-01  1.23558700E-01
3.64711219E-01  2.86746979E-01  1.23957954E-01
3.65101076E-01  4.82826233E-01  1.24622762E-01
3.65490933E-01  4.96797562E-01  1.25406489E-01
3.65880790E-01  3.39756012E-01  1.26469687E-01
3.66270647E-01  4.57015991E-01  1.27028972E-01
3.66660504E-01  4.57273483E-01  1.27400011E-01
3.67050361E-01  5.21266937E-01  1.28207907E-01
3.67440218E-01  7.77019501E-01  1.27951026E-01
3.67830075E-01  4.52941895E-01  1.28980532E-01
3.68219932E-01  4.38007355E-01  1.29759446E-01
3.68609789E-01  6.08196259E-01  1.29953638E-01
3.68999646E-01  4.34574127E-01  1.31060064E-01
3.69389503E-01  4.42522049E-01  1.31679863E-01
3.69779360E-01  4.80541229E-01  1.31801352E-01
3.70169217E-01  6.48660660E-01  1.32746935E-01
3.70559074E-01  6.73599243E-01  1.33379623E-01
3.70948931E-01  5.91115952E-01  1.33846626E-01
3.71338788E-01  5.91060638E-01  1.34505063E-01
3.71728645E-01  4.65553284E-01  1.35123894E-01
3.72118502E-01  5.08790970E-01  1.35963053E-01
3.72508359E-01  4.46792603E-01  1.36623606E-01
3.72898216E-01  4.29155350E-01  1.36575922E-01
3.73288073E-01  5.42898178E-01  1.37732804E-01
3.73677930E-01  7.40407944E-01  1.37865439E-01
3.74067787E-01  5.84602356E-01  1.39105082E-01
3.74457644E-01  4.10116196E-01  1.39718771E-01
3.74847501E-01  2.17706680E-01  1.39653474E-01
3.75237358E-01  2.87273407E-01  1.40967026E-01
3.75627215E-01  4.78231430E-01  1.41352534E-01
3.76017072E-01  5.28076172E-01  1.41464993E-01
3.76406929E-01  7.13228226E-01  1.42761588E-01
3.76796786E-01  4.48024750E-01  1.42722294E-01
3.77186643E-01  5.02630234E-01  1.43370464E-01
3.77576500E-01  5.83513260E-01  1.44397750E-01
3.77966357E-01  3.61635208E-01  1.44429758E-01
3.78356214E-01  5.28856277E-01  1.45140439E-01
3.78746071E-01  3.24216843E-01  1.45356268E-01
3.79135928E-01  6.20689392E-01  1.46417633E-01
3.79525785E-01  4.80205536E-01  1.46650061E-01
3.79915642E-01  4.76589203E-01  1.46956906E-01
3.80305499E-01  3.10396194E-01  1.47543326E-01
3.80695356E-01  3.66296768E-01  1.48046583E-01
3.81085213E-01  4.56016541E-01  1.48345068E-01
3.81475070E-01  4.16013718E-01  1.48607790E-01
3.81864927E-01  2.93001175E-01  1.49534672E-01
3.82254784E-01  2.27355957E-01  1.49867907E-01
3.82644641E-01  6.59275055E-01  1.50461182E-01
3.83034498E-01  1.49181366E-01  1.51400268E-01
3.83424355E-01  4.10041809E-01  1.51683971E-01
3.83814212E-01  3.64803314E-01  1.52957350E-01
3.84204069E-01  4.19311523E-01  1.53410569E-01
3.84593926E-01  4.35634613E-01  1.54168054E-01
3.84983783E-01  2.89575577E-01  1.55121610E-01
3.85373640E-01  1.96420670E-01  1.55748069E-01
3.85763497E-01  5.81865311E-01  1.56156152E-01
3.86153354E-01  5.91707230E-01  1.57005429E-01
3.86543211E-01  3.85667801E-01  1.57265693E-01
3.86933068E-01  4.12757874E-01  1.57773435E-01
3.87322925E-01  3.95055771E-01  1.57739297E-01
3.87712782E-01  3.17094803E-01  1.58615217E-01
3.88102639E-01  5.04964828E-01  1.59026116E-01
3.88492496E-01  4.47168350E-01  1.60015315E-01
3.88882353E-01  4.27457809E-01  1.60011232E-01
3.89272210E-01  3.04719925E-01  1.60316616E-01
3.89662067E-01  2.47198105E-01  1.61179587E-01
3.90051924E-01  2.52862930E-01  1.61098197E-01
3.90441781E-01  5.71287155E-01  1.62133202E-01
3.90831638E-01  3.66044998E-01  1.63035661E-01
3.91221495E-01  3.47040176E-01  1.62955031E-01
3.91611352E-01  3.89463425E-01  1.63621724E-01
3.92001209E-01  7.01343536E-01  1.65062636E-01
3.92391066E-01  5.87169647E-01  1.65323988E-01
3.92780923E-01  1.15427017E-01  1.65799960E-01
3.93170780E-01  5.78346252E-02  1.65593922E-01
3.93560637E-01  5.04806519E-01  1.66686326E-01
3.93950494E-01  3.01176071E-01  1.67119548E-01
3.94340351E-01  1.50928497E-01  1.68207884E-01
3.94730208E-01  1.11400604E-01  1.68477714E-01
3.95120065E-01  2.98963547E-01  1.69653460E-01
3.95509922E-01  4.31619644E-01  1.70413047E-01
3.95899779E-01  1.98461533E-01  1.71355203E-01
3.96289636E-01  2.68171310E-01  1.72967911E-01
3.96679493E-01  4.69768524E-01  1.72589213E-01
3.97069350E-01  2.44522095E-03  1.73683658E-01
3.97459207E-01  2.48220444E-01  1.74532220E-01
3.97849064E-01  4.01758194E-01  1.74277768E-01
3.98238921E-01  1.33514404E-01  1.75190255E-01
3.98628778E-01  3.38582993E-01  1.75529689E-01
3.99018635E-01  6.46066666E-01  1.76625967E-01
3.99408492E-01  2.56793976E-01  1.78343385E-01
3.99798349E-01  3.54728699E-01  1.78605214E-01
4.00188206E-01  1.47092819E-01  1.78632006E-01
4.00578063E-01  7.14168549E-02  1.80110008E-01
4.00967920E-01  5.21297455E-02  1.81175530E-01
4.01357777E-01  2.96533585E-01  1.81311131E-01
4.01747634E-01  4.71626282E-01  1.82872459E-01
4.02137491E-01  2.39189148E-01  1.82622209E-01
4.02527348E-01  2.90714264E-01  1.83286697E-01
4.02917205E-01  2.71640778E-01  1.84356555E-01
4.03307062E-01  1.12522125E-01  1.85690135E-01
4.03696919E-01  2.62498856E-01  1.86083183E-01
4.04086776E-01  1.72851562E-01  1.88029513E-01
4.04476633E-01  9.14669037E-02  1.88508973E-01
4.04866490E-01  3.08671951E-01  1.89119801E-01
4.05256347E-01  5.34271240E-01  1.90479502E-01
4.05646204E-01  2.40007401E-01  1.91119909E-01
4.06036061E-01  3.52071762E-01  1.91302538E-01
4.06425918E-01  2.24431992E-01  1.92281112E-01
4.06815775E-01  -1.87667847E-01  1.93373322E-01
4.07205632E-01  -8.39042664E-02  1.94506750E-01
4.07595489E-01  -1.35662079E-01  1.95670769E-01
4.07985346E-01  -1.39488220E-01  1.95998117E-01
4.08375203E-01  3.18565369E-02  1.97709575E-01
4.08765060E-01  3.93285751E-01  1.98874995E-01
4.09154917E-01  3.87241364E-01  1.99302912E-01
4.09544774E-01  2.56891251E-01  1.99960917E-01
4.09934631E-01  2.51117706E-01  2.01255679E-01
4.10324488E-01  -2.55998611E-01  2.03107178E-01
4.10714345E-01  1.54651642E-01  2.03589171E-01
4.11104202E-01  5.28144836E-02  2.05274105E-01
4.11494059E-01  2.43507385E-01  2.05359221E-01
4.11883916E-01  8.80718231E-02  2.07094327E-01
4.12273773E-01  -5.48362732E-03  2.07695290E-01
4.12663630E-01  1.14521027E-01  2.09480554E-01
4.13053487E-01  2.45639801E-01  2.10354596E-01
4.13443344E-01  1.78657532E-01  2.11281687E-01
4.13833201E-01  -1.97090149E-01  2.12828934E-01
4.14223058E-01  -3.73790741E-01  2.13535860E-01
4.14612915E-01  4.35676575E-02  2.15384379E-01
4.15002772E-01  -1.14955902E-01  2.16301039E-01
4.15392629E-01  -2.89379120E-01  2.17547759E-01
4.15782486E-01  1.78390503E-01  2.18811914E-01
4.16172343E-01  1.46738052E-01  2.19561279E-01
4.16562200E-01  6.13975525E-03  2.20089316E-01
4.16952057E-01  -2.03052521E-01  2.21917406E-01
4.17341914E-01  -1.93052292E-01  2.23530948E-01
4.17731771E-01  5.62534332E-02  2.25836396E-01
4.18121628E-01  1.25923157E-02  2.25923643E-01
4.18511485E-01  3.00901413E-01  2.28942350E-01
4.18901342E-01  2.57024765E-01  2.29827061E-01
4.19291199E-01  3.01292419E-01  2.30842188E-01
4.19681056E-01  -3.53086472E-01  2.31834620E-01
4.20070912E-01  -5.59196472E-02  2.34137639E-01
4.20460769E-01  1.77261353E-01  2.36079991E-01
4.20850626E-01  -3.09959412E-01  2.35861704E-01
4.21240483E-01  -2.37785339E-01  2.38342017E-01
4.21630340E-01  -3.87222290E-01  2.40791619E-01
4.22020197E-01  -2.71778107E-01  2.41099268E-01
4.22410054E-01  -4.65940475E-01  2.42364183E-01
4.22799911E-01  -1.14156723E-01  2.44604021E-01
4.23189768E-01  5.39646149E-02  2.46865466E-01
4.23579625E-01  2.39030838E-01  2.48591036E-01
4.23969482E-01  -9.41333771E-02  2.49043897E-01
4.24359339E-01  1.70839310E-01  2.51196653E-01
4.24749196E-01  2.22499847E-01  2.52453685E-01
4.25139053E-01  -1.45988464E-02  2.57330984E-01
4.25528910E-01  -1.69637680E-01  2.56902695E-01
4.25918767E-01  1.79790497E-01  2.59707898E-01
4.26308624E-01  -1.95627213E-01  2.60580599E-01
4.26698481E-01  4.52608109E-01  2.63236135E-01
4.27088338E-01  8.77838135E-02  2.65084207E-01
4.27478195E-01  9.13810730E-02  2.66732901E-01
4.27868052E-01  -2.96146393E-01  2.68006921E-01
4.28257909E-01  5.40027618E-02  2.70052403E-01
4.28647766E-01  3.24739456E-01  2.70903826E-01
4.29037623E-01  3.98365021E-01  2.73297518E-01
4.29427480E-01  1.49988174E-01  2.75002062E-01
4.29817337E-01  -2.30432510E-01  2.77178973E-01
4.30207194E-01  -2.63078690E-01  2.78140575E-01
4.30597051E-01  -2.08320618E-01  2.79239982E-01
4.30986908E-01  7.27729797E-02  2.83073932E-01
4.31376765E-01  1.35803223E-02  2.83533245E-01
4.31766622E-01  -1.85457230E-01  2.86440223E-01
4.32156479E-01  -1.15253448E-01  2.88547039E-01
4.32546336E-01  -2.18503952E-01  2.91210949E-01
4.32936193E-01  1.88648224E-01  2.93510377E-01
4.33326050E-01  2.32059479E-01  2.95380682E-01
4.33715907E-01  -1.59463882E-01  2.98260570E-01
4.34105764E-01  -2.94164658E-01  3.03254277E-01
4.34495621E-01  -3.56998444E-02  3.06027800E-01
4.34885478E-01  -5.42791367E-01  3.06377232E-01
4.35275335E-01  -1.04764938E-01  3.08375329E-01
4.35665192E-01  -3.27175140E-01  3.13611329E-01
4.36055049E-01  -1.86840057E-01  3.15328598E-01
4.36444906E-01  1.78985596E-01  3.19123775E-01
4.36834763E-01  9.10148621E-02  3.22015733E-01
4.37224620E-01  -4.65791702E-01  3.28573644E-01
4.37614477E-01  1.24271393E-01  3.30501974E-01
4.38004334E-01  5.31402588E-01  3.31460267E-01
4.38394191E-01  1.25431061E-01  3.37522388E-01
4.38784048E-01  5.00982285E-01  3.40848714E-01
4.39173905E-01  1.20855331E-01  3.39768529E-01
4.39563762E-01  -1.63372040E-01  3.41818988E-01
4.39953619E-01  1.65735245E-01  3.44614446E-01
4.40343476E-01  4.40446854E-01  3.49372119E-01
4.40733333E-01  -2.72628784E-01  3.52140963E-01
4.41123190E-01  -4.87102509E-01  3.52965742E-01
4.41513047E-01  -4.69739914E-01  3.54909182E-01
4.41902904E-01  4.43229675E-02  3.56020600E-01
4.42292761E-01  -2.20880508E-01  3.56619716E-01
4.42682618E-01  -3.11397552E-01  3.61186713E-01
4.43072475E-01  -4.01489258E-01  3.64213616E-01
4.43462332E-01  -2.60133743E-01  3.64672601E-01
4.43852189E-01  -1.66528702E-01  3.66255254E-01
4.44242046E-01  -1.06334686E-02  3.70516568E-01
4.44631903E-01  -6.85392380E-01  3.68690550E-01
4.45021760E-01  -5.81062317E-01  3.67274612E-01
4.45411617E-01  -2.79651642E-01  3.78220052E-01
4.45801474E-01  -6.52482986E-01  3.80609602E-01
4.46191331E-01  -6.71278000E-01  3.79318297E-01
4.46581188E-01  -5.33958435E-01  3.83506924E-01
4.46971045E-01  1.85943604E-01  3.81250650E-01
4.47360902E-01  -4.00497437E-01  3.88119370E-01
4.47750759E-01  -5.31843185E-01  3.88531148E-01
4.48140616E-01  -2.46644974E-01  3.89886081E-01
4.48530473E-01  -5.06610870E-02  3.95353764E-01
4.48920330E-01  -2.05116272E-02  3.94661367E-01
4.49310187E-01  -2.79964447E-01  3.94238532E-01
4.49700044E-01  -2.36129761E-02  4.01137263E-01
4.50089901E-01  -7.89077759E-01  4.00971979E-01
4.50479758E-01  -1.42959785E+00  4.02097464E-01
4.50869615E-01  -3.57376099E-01  4.09111142E-01
4.51259472E-01  -2.97504425E-01  4.02302265E-01
4.51649329E-01  -3.13344955E-01  4.07647550E-01
4.52039186E-01  -7.68606186E-01  4.11529094E-01
4.52429043E-01  -9.47433472E-01  4.14991409E-01
4.52818900E-01  -5.33515930E-01  4.18508381E-01
4.53208757E-01  1.05501175E-01  4.20774430E-01
4.53598614E-01  -1.28381729E-01  4.22517359E-01
4.53988471E-01  -7.29927063E-01  4.25441980E-01
4.54378328E-01  -3.60902786E-01  4.25090462E-01


### HEADER:
#
#{
#    "analysis": {},
#    "calibration_params": {
#        "Beam_Center_X": 644.3978066834728,
#        "Beam_Center_Y": 752.0474301231778,
#        "Detector Tilt": 0.08709704591626237,
#        "Detector Tilt Plane Rotation": 95.0001420643864,
#        "Detector_X_Pixel_Size": 172.0,
#        "Detector_Y_Pixel_Size": 172.0,
#        "Integration Method": "full_csr",
#        "Radial_Average_Method": "pyFAI",
#        "Sample-to-detector distance (mm)": 2676.5799098693146,
#        "Wavelength (A)": 1.0332016536100022
#    },
#    "config_file": "D:\\Desktop\\20241114.cfg",
#    "filename": "S_LK-5_00011.dat",
#    "history": {
#        "subtraction": {
#            "initial_file": [
#                "LK-5_00011.tif"
#            ],
#            "subtracted_file": [
#                "LK-0_00001.tif"
#            ]
#        }
#    },
#    "imageHeader": {
#        "Count_cutoff": "1409688 counts",
#        "Excluded_pixels": "badpix_mask.tif",
#        "Exposure_period": "1.0000000 s",
#        "Exposure_time": "1.0000000 s",
#        "Flat_field": "FF_p24-0163_E8048_T4024_vrf_m0p100.tif",
#        "Gain_setting": "autog (vrf = 1.000)",
#        "Image_path": "/public/Data/2024/202411/20241115/sunrui/",
#        "N_excluded_pixels": "61",
#        "Pixel_size": "172e-6 m x 172e-6 m",
#        "Ratecorr_lut_directory": "ContinuousStandard_v1.1",
#        "Retrigger_mode": "1",
#        "Silicon": "sensor, thickness 0.000450",
#        "Start_angle": "0.0000 deg.",
#        "Tau": "0 s",
#        "Threshold_setting": "4024 eV",
#        "Trim_file": "p24-0163_E8048_T4024.bin"
#    },
#    "normalizations": {
#        "Polarization": {
#            "Used": false
#        },
#        "Solid_Angle_Correction": "On"
#    },
#    "raw_version": "2.2.2",
#    "unit": ""
#}

