### DATA:
#
# 1150
#      Q             I(Q)           Error     
6.43264042E-03  9.80005188E+02  5.48521662E+00
6.82249742E-03  9.47080811E+02  4.51817751E+00
7.21235441E-03  9.16376038E+02  3.93446875E+00
7.60221141E-03  8.90553284E+02  3.47944784E+00
7.99206840E-03  8.66281433E+02  3.20968318E+00
8.38192540E-03  8.39984619E+02  2.99472332E+00
8.77178240E-03  8.15051514E+02  2.80667019E+00
9.16163939E-03  7.93661743E+02  2.65392876E+00
9.55149639E-03  7.67274536E+02  2.50433469E+00
9.94135338E-03  7.46036743E+02  2.36672473E+00
1.03312104E-02  7.20893860E+02  2.24261475E+00
1.07210674E-02  6.98804993E+02  2.13116860E+00
1.11109244E-02  6.77386108E+02  2.03438950E+00
1.15007814E-02  6.57771118E+02  1.95134342E+00
1.18906384E-02  6.42377197E+02  1.87321353E+00
1.22804954E-02  6.20429199E+02  1.79390204E+00
1.26703523E-02  6.03609375E+02  1.72464240E+00
1.30602093E-02  5.87069824E+02  1.66423416E+00
1.34500663E-02  5.68515015E+02  1.60431314E+00
1.38399233E-02  5.53110840E+02  1.55080223E+00
1.42297803E-02  5.38805054E+02  1.50080597E+00
1.46196373E-02  5.22526672E+02  1.45265913E+00
1.50094943E-02  5.06970245E+02  1.40535235E+00
1.53993513E-02  4.90801910E+02  1.36096990E+00
1.57892083E-02  4.77505859E+02  1.31967950E+00
1.61790653E-02  4.62863464E+02  1.27976787E+00
1.65689223E-02  4.48950134E+02  1.24134016E+00
1.69587793E-02  4.35851166E+02  1.20772922E+00
1.73486363E-02  4.21391510E+02  1.17336977E+00
1.77384933E-02  4.07284058E+02  1.13640022E+00
1.81283503E-02  3.93766907E+02  1.10592449E+00
1.85182073E-02  3.82759399E+02  1.07662153E+00
1.89080643E-02  3.71889374E+02  1.04967523E+00
1.92979213E-02  3.59455719E+02  1.01987994E+00
1.96877783E-02  3.47887482E+02  9.94201541E-01
2.00776353E-02  3.35990509E+02  9.67377245E-01
2.04674923E-02  3.25757019E+02  9.42694962E-01
2.08573493E-02  3.13972229E+02  9.18227494E-01
2.12472062E-02  3.03837616E+02  8.92589450E-01
2.16370632E-02  2.93141235E+02  8.68442476E-01
2.20269202E-02  2.84114563E+02  8.48423839E-01
2.24167772E-02  2.76182556E+02  8.29742193E-01
2.28066342E-02  2.66234344E+02  8.07389855E-01
2.31964912E-02  2.56538208E+02  7.88497746E-01
2.35863482E-02  2.48953430E+02  7.71004200E-01
2.39762052E-02  2.41696274E+02  7.55453408E-01
2.43660622E-02  2.31733505E+02  7.33343244E-01
2.47559192E-02  2.25550369E+02  7.19593942E-01
2.51457762E-02  2.17934494E+02  7.02888012E-01
2.55356332E-02  2.10505051E+02  6.87337816E-01
2.59254902E-02  2.03432877E+02  6.72208786E-01
2.63153472E-02  1.95850494E+02  6.55267656E-01
2.67052042E-02  1.88607513E+02  6.40623093E-01
2.70950612E-02  1.82893982E+02  6.27359509E-01
2.74849182E-02  1.78307281E+02  6.16604924E-01
2.78747752E-02  1.71830200E+02  6.03281975E-01
2.82646322E-02  1.65539200E+02  5.89576185E-01
2.86544892E-02  1.58941025E+02  5.75890362E-01
2.90443462E-02  1.54123566E+02  5.64782500E-01
2.94342031E-02  1.48714111E+02  5.53342342E-01
2.98240601E-02  1.44138779E+02  5.41699946E-01
3.02139171E-02  1.39693588E+02  5.31722665E-01
3.06037741E-02  1.34910995E+02  5.29657960E-01
3.09936311E-02  1.30442062E+02  5.28974593E-01
3.13834881E-02  1.26030792E+02  5.26448488E-01
3.17733451E-02  1.21783226E+02  5.20223618E-01
3.21632021E-02  1.17071655E+02  5.14038503E-01
3.25530591E-02  1.12555359E+02  5.07596493E-01
3.29429161E-02  1.09593102E+02  5.03325582E-01
3.33327731E-02  1.06317383E+02  4.97021943E-01
3.37226301E-02  1.03069733E+02  4.89074856E-01
3.41124871E-02  9.97247925E+01  4.84687895E-01
3.45023441E-02  9.70428467E+01  4.79895353E-01
3.48922011E-02  9.33563156E+01  4.71387535E-01
3.52820581E-02  9.04895782E+01  4.65317816E-01
3.56719151E-02  8.73146057E+01  4.59592372E-01
3.60617721E-02  8.42485046E+01  4.54292178E-01
3.64516291E-02  8.09122086E+01  4.48115677E-01
3.68414861E-02  7.85981598E+01  4.43859309E-01
3.72313431E-02  7.64071884E+01  4.37046349E-01
3.76212001E-02  7.45412903E+01  4.26044077E-01
3.80110570E-02  7.17387390E+01  4.11139458E-01
3.84009140E-02  7.01255112E+01  4.01148647E-01
3.87907710E-02  6.73430099E+01  3.93772125E-01
3.91806280E-02  6.47429276E+01  3.85135263E-01
3.95704850E-02  6.33921928E+01  3.78812909E-01
3.99603420E-02  6.10031204E+01  3.72375727E-01
4.03501990E-02  5.92518921E+01  3.64462495E-01
4.07400560E-02  5.79546280E+01  3.61069381E-01
4.11299130E-02  5.57379951E+01  3.54675859E-01
4.15197700E-02  5.34929352E+01  3.48613769E-01
4.19096270E-02  5.23532333E+01  3.44512016E-01
4.22994840E-02  5.07367935E+01  3.39767843E-01
4.26893410E-02  4.93980904E+01  3.32927078E-01
4.30791980E-02  4.79710579E+01  3.25179964E-01
4.34690550E-02  4.63771286E+01  3.18795443E-01
4.38589120E-02  4.44120140E+01  3.15121591E-01
4.42487690E-02  4.32930756E+01  3.10362756E-01
4.46386260E-02  4.26362762E+01  3.07444632E-01
4.50284830E-02  4.14495239E+01  3.03516865E-01
4.54183400E-02  3.92187119E+01  3.00248593E-01
4.58081970E-02  3.84129791E+01  2.98980713E-01
4.61980539E-02  3.80268936E+01  2.99237251E-01
4.65879109E-02  3.71300278E+01  2.98243642E-01
4.69777679E-02  3.55466232E+01  2.95601785E-01
4.73676249E-02  3.40446548E+01  2.94467241E-01
4.77574819E-02  3.32963066E+01  2.93904573E-01
4.81473389E-02  3.25186539E+01  2.91252792E-01
4.85371959E-02  3.17294083E+01  2.90012181E-01
4.89270529E-02  3.06854095E+01  2.87814051E-01
4.93169099E-02  2.95207424E+01  2.85975546E-01
4.97067669E-02  2.88661957E+01  2.84494311E-01
5.00966239E-02  2.83903141E+01  2.82429338E-01
5.04864809E-02  2.72419071E+01  2.81175107E-01
5.08763379E-02  2.67831612E+01  2.79018402E-01
5.12661949E-02  2.63976650E+01  2.77411789E-01
5.16560519E-02  2.56028004E+01  2.76127696E-01
5.20459089E-02  2.45132980E+01  2.74751961E-01
5.24357659E-02  2.37076435E+01  2.71478802E-01
5.28256229E-02  2.29001961E+01  2.66854435E-01
5.32154799E-02  2.23972836E+01  2.63054281E-01
5.36053369E-02  2.23880005E+01  2.59499282E-01
5.39951939E-02  2.14314365E+01  2.55256057E-01
5.43850509E-02  2.08368301E+01  2.52778471E-01
5.47749078E-02  2.02675266E+01  2.50633240E-01
5.51647648E-02  1.98229771E+01  2.48361632E-01
5.55546218E-02  1.91714401E+01  2.44886652E-01
5.59444788E-02  1.93855591E+01  2.44175240E-01
5.63343358E-02  1.87983227E+01  2.41557479E-01
5.67241928E-02  1.83590279E+01  2.39132240E-01
5.71140498E-02  1.77659893E+01  2.36991003E-01
5.75039068E-02  1.73856754E+01  2.35558003E-01
5.78937638E-02  1.70633698E+01  2.33622462E-01
5.82836208E-02  1.63460236E+01  2.32587263E-01
5.86734778E-02  1.54632244E+01  2.33548358E-01
5.90633348E-02  1.55957565E+01  2.34637961E-01
5.94531918E-02  1.52249928E+01  2.34646305E-01
5.98430488E-02  1.50282593E+01  2.33462125E-01
6.02329058E-02  1.47235603E+01  2.33107850E-01
6.06227628E-02  1.44241791E+01  2.33208135E-01
6.10126198E-02  1.38532982E+01  2.33269289E-01
6.14024768E-02  1.38678474E+01  2.31441796E-01
6.17923338E-02  1.36306953E+01  2.27344453E-01
6.21821908E-02  1.35811672E+01  2.24634230E-01
6.25720478E-02  1.32048893E+01  2.23128647E-01
6.29619048E-02  1.29718323E+01  2.21048847E-01
6.33517617E-02  1.24337444E+01  2.19360352E-01
6.37416187E-02  1.21623497E+01  2.18239859E-01
6.41314757E-02  1.21803741E+01  2.15398192E-01
6.45213327E-02  1.20472813E+01  2.14848980E-01
6.49111897E-02  1.14957657E+01  2.12715670E-01
6.53010467E-02  1.16677284E+01  2.11305842E-01
6.56909037E-02  1.16707916E+01  2.11186722E-01
6.60807607E-02  1.13766079E+01  2.09057212E-01
6.64706177E-02  1.11861496E+01  2.07571492E-01
6.68604747E-02  1.10014744E+01  2.05833569E-01
6.72503317E-02  1.05628223E+01  2.04018548E-01
6.76401887E-02  1.04980469E+01  2.03318745E-01
6.80300457E-02  1.06230412E+01  2.02429309E-01
6.84199027E-02  1.02247829E+01  2.00631201E-01
6.88097597E-02  1.01167755E+01  1.99776262E-01
6.91996167E-02  9.91286850E+00  1.98864132E-01
6.95894737E-02  9.87707710E+00  1.98368579E-01
6.99793307E-02  9.87744522E+00  1.96940213E-01
7.03691877E-02  9.47890663E+00  1.96952611E-01
7.07590447E-02  9.58750916E+00  1.96392015E-01
7.11489017E-02  9.56231880E+00  1.95289940E-01
7.15387586E-02  9.42759895E+00  1.94768772E-01
7.19286156E-02  9.51249886E+00  1.93329901E-01
7.23184726E-02  9.22521591E+00  1.92353681E-01
7.27083296E-02  8.72875214E+00  1.91881135E-01
7.30981866E-02  9.01197052E+00  1.91201836E-01
7.34880436E-02  8.50218010E+00  1.90091833E-01
7.38779006E-02  8.61931610E+00  1.89594820E-01
7.42677576E-02  8.34133339E+00  1.89285129E-01
7.46576146E-02  8.52529907E+00  1.88170195E-01
7.50474716E-02  8.53413582E+00  1.87092066E-01
7.54373286E-02  8.47940254E+00  1.85476422E-01
7.58271856E-02  8.20019150E+00  1.84939772E-01
7.62170426E-02  8.09111786E+00  1.84070632E-01
7.66068996E-02  8.36774063E+00  1.83379009E-01
7.69967566E-02  8.09644318E+00  1.83042243E-01
7.73866136E-02  7.79535103E+00  1.82005018E-01
7.77764706E-02  7.79095840E+00  1.81543335E-01
7.81663276E-02  7.89871025E+00  1.80972710E-01
7.85561846E-02  8.02972412E+00  1.79999575E-01
7.89460416E-02  7.52020836E+00  1.79090679E-01
7.93358986E-02  7.81433868E+00  1.80067018E-01
7.97257556E-02  7.24088860E+00  1.79296643E-01
8.01156125E-02  7.09839439E+00  1.77601099E-01
8.05054695E-02  7.13966751E+00  1.77471593E-01
8.08953265E-02  7.40320396E+00  1.77219212E-01
8.12851835E-02  7.34660912E+00  1.76729828E-01
8.16750405E-02  7.33935547E+00  1.76602066E-01
8.20648975E-02  7.19933319E+00  1.75648421E-01
8.24547545E-02  7.23294258E+00  1.74836546E-01
8.28446115E-02  7.14892769E+00  1.74406186E-01
8.32344685E-02  7.04868698E+00  1.73021227E-01
8.36243255E-02  6.63682556E+00  1.73430592E-01
8.40141825E-02  6.81648254E+00  1.72568545E-01
8.44040395E-02  6.89573669E+00  1.72281042E-01
8.47938965E-02  6.76039124E+00  1.71691164E-01
8.51837535E-02  6.79652405E+00  1.71777859E-01
8.55736105E-02  6.69779396E+00  1.70547277E-01
8.59634675E-02  6.48435402E+00  1.70116186E-01
8.63533245E-02  5.91875267E+00  1.69799283E-01
8.67431815E-02  6.20389175E+00  1.69271171E-01
8.71330385E-02  6.17524719E+00  1.68271095E-01
8.75228955E-02  6.31328201E+00  1.68745860E-01
8.79127525E-02  6.43452644E+00  1.67476445E-01
8.83026094E-02  6.02626038E+00  1.66456699E-01
8.86924664E-02  6.20438576E+00  1.66725025E-01
8.90823234E-02  6.31035042E+00  1.66149676E-01
8.94721804E-02  6.07473183E+00  1.65802971E-01
8.98620374E-02  6.02424049E+00  1.65180653E-01
9.02518944E-02  6.07158661E+00  1.64952144E-01
9.06417514E-02  5.92180443E+00  1.64040148E-01
9.10316084E-02  5.83925056E+00  1.63743868E-01
9.14214654E-02  5.94377136E+00  1.62922189E-01
9.18113224E-02  5.86981773E+00  1.62431747E-01
9.22011794E-02  5.83109283E+00  1.62233949E-01
9.25910364E-02  5.88588333E+00  1.61765799E-01
9.29808934E-02  5.80451584E+00  1.61359206E-01
9.33707504E-02  5.67459679E+00  1.60883695E-01
9.37606074E-02  5.73155785E+00  1.60461307E-01
9.41504644E-02  5.41038895E+00  1.60327062E-01
9.45403214E-02  5.75695038E+00  1.59745440E-01
9.49301784E-02  5.57920456E+00  1.59250751E-01
9.53200354E-02  5.73246193E+00  1.58585012E-01
9.57098924E-02  5.68609810E+00  1.58376262E-01
9.60997494E-02  5.43041420E+00  1.58121109E-01
9.64896064E-02  5.40323257E+00  1.57835975E-01
9.68794633E-02  5.55897713E+00  1.57226741E-01
9.72693203E-02  5.59330750E+00  1.57159179E-01
9.76591773E-02  5.86009026E+00  1.56321660E-01
9.80490343E-02  5.56469536E+00  1.56334579E-01
9.84388913E-02  5.52775955E+00  1.55732468E-01
9.88287483E-02  5.38490868E+00  1.55702457E-01
9.92186053E-02  5.27315140E+00  1.55071214E-01
9.96084623E-02  5.10681725E+00  1.54875234E-01
9.99983193E-02  5.25945473E+00  1.54460952E-01
1.00388176E-01  5.45282745E+00  1.53582186E-01
1.00778033E-01  5.09528160E+00  1.53079450E-01
1.01167890E-01  4.96789551E+00  1.52979657E-01
1.01557747E-01  5.24234390E+00  1.52916953E-01
1.01947604E-01  5.28180885E+00  1.52804375E-01
1.02337461E-01  4.85029984E+00  1.51870638E-01
1.02727318E-01  4.75095940E+00  1.51169464E-01
1.03117175E-01  4.86863136E+00  1.51429236E-01
1.03507032E-01  4.68520164E+00  1.50557071E-01
1.03896889E-01  4.88470840E+00  1.50640532E-01
1.04286746E-01  4.99364471E+00  1.50311559E-01
1.04676603E-01  4.94989014E+00  1.49982020E-01
1.05066460E-01  4.96126747E+00  1.49539277E-01
1.05456317E-01  4.96941948E+00  1.49329379E-01
1.05846174E-01  4.91638947E+00  1.48924381E-01
1.06236031E-01  4.97299767E+00  1.48053795E-01
1.06625888E-01  5.21507263E+00  1.48212671E-01
1.07015745E-01  5.05419350E+00  1.47860989E-01
1.07405602E-01  4.74629211E+00  1.46994576E-01
1.07795459E-01  4.80916786E+00  1.47560820E-01
1.08185316E-01  4.69259262E+00  1.46853179E-01
1.08575173E-01  4.81210709E+00  1.46328732E-01
1.08965030E-01  4.69865990E+00  1.46337852E-01
1.09354887E-01  4.49238586E+00  1.45732552E-01
1.09744744E-01  4.81659698E+00  1.45974681E-01
1.10134601E-01  5.09408951E+00  1.45419344E-01
1.10524458E-01  4.66206169E+00  1.45195708E-01
1.10914315E-01  4.44912529E+00  1.44864991E-01
1.11304172E-01  4.75602913E+00  1.44443423E-01
1.11694029E-01  4.92504120E+00  1.43855572E-01
1.12083886E-01  4.85643959E+00  1.43809617E-01
1.12473743E-01  4.58256340E+00  1.43306106E-01
1.12863600E-01  4.72415352E+00  1.43151969E-01
1.13253457E-01  4.59644508E+00  1.43489137E-01
1.13643314E-01  4.42567635E+00  1.44717470E-01
1.14033171E-01  4.33447838E+00  1.44969881E-01
1.14423028E-01  4.53278160E+00  1.45550236E-01
1.14812885E-01  4.61528206E+00  1.45623520E-01
1.15202742E-01  4.76195335E+00  1.46018654E-01
1.15592599E-01  4.47338676E+00  1.46152705E-01
1.15982456E-01  4.41428375E+00  1.46592841E-01
1.16372313E-01  4.59738922E+00  1.46725848E-01
1.16762170E-01  4.21808052E+00  1.46679640E-01
1.17152027E-01  4.40433502E+00  1.46787107E-01
1.17541884E-01  4.48134232E+00  1.46793187E-01
1.17931741E-01  4.36086464E+00  1.46740884E-01
1.18321598E-01  4.60865974E+00  1.46650538E-01
1.18711455E-01  4.29405594E+00  1.46616682E-01
1.19101312E-01  4.36850739E+00  1.46691740E-01
1.19491169E-01  4.35796547E+00  1.47028640E-01
1.19881026E-01  4.54836082E+00  1.46414578E-01
1.20270883E-01  4.41716385E+00  1.46133721E-01
1.20660740E-01  4.43473053E+00  1.44850150E-01
1.21050597E-01  4.28993988E+00  1.43611699E-01
1.21440454E-01  4.12588310E+00  1.43166050E-01
1.21830311E-01  4.16848946E+00  1.41811088E-01
1.22220168E-01  4.17705917E+00  1.41411304E-01
1.22610025E-01  4.27672577E+00  1.40663043E-01
1.22999882E-01  4.05566597E+00  1.40498370E-01
1.23389739E-01  4.20462799E+00  1.40262663E-01
1.23779596E-01  4.23939514E+00  1.39990494E-01
1.24169453E-01  3.99979973E+00  1.39245495E-01
1.24559310E-01  4.18112564E+00  1.38457373E-01
1.24949167E-01  4.25760460E+00  1.38331860E-01
1.25339024E-01  4.10018730E+00  1.37806222E-01
1.25728881E-01  3.92293930E+00  1.37698486E-01
1.26118738E-01  4.01235390E+00  1.37532502E-01
1.26508595E-01  4.25844193E+00  1.36963531E-01
1.26898452E-01  4.14032173E+00  1.36753112E-01
1.27288309E-01  4.13261604E+00  1.36609137E-01
1.27678166E-01  4.10487366E+00  1.36044145E-01
1.28068023E-01  4.22947884E+00  1.35691777E-01
1.28457880E-01  3.99897194E+00  1.36231229E-01
1.28847737E-01  4.19762230E+00  1.36511639E-01
1.29237594E-01  4.12412834E+00  1.36909276E-01
1.29627451E-01  4.12185097E+00  1.37080893E-01
1.30017308E-01  4.10838127E+00  1.37384146E-01
1.30407165E-01  4.17093468E+00  1.37090594E-01
1.30797022E-01  4.25255203E+00  1.37861207E-01
1.31186879E-01  4.03086662E+00  1.37577713E-01
1.31576736E-01  4.27104187E+00  1.38556436E-01
1.31966593E-01  4.12985802E+00  1.40629306E-01
1.32356450E-01  4.08763695E+00  1.41019121E-01
1.32746307E-01  4.10700417E+00  1.42016783E-01
1.33136164E-01  4.22714806E+00  1.41856298E-01
1.33526021E-01  4.15577507E+00  1.42590865E-01
1.33915878E-01  3.79191971E+00  1.43088937E-01
1.34305735E-01  3.88686752E+00  1.43720567E-01
1.34695592E-01  4.05076218E+00  1.43772766E-01
1.35085449E-01  4.15827560E+00  1.42229497E-01
1.35475306E-01  4.01733398E+00  1.40238881E-01
1.35865163E-01  3.98510742E+00  1.38913691E-01
1.36255020E-01  4.15114212E+00  1.37895435E-01
1.36644877E-01  3.91853714E+00  1.36897609E-01
1.37034734E-01  3.73588371E+00  1.35848582E-01
1.37424591E-01  3.68789101E+00  1.35262609E-01
1.37814448E-01  3.91084862E+00  1.34739861E-01
1.38204305E-01  3.76971245E+00  1.34533614E-01
1.38594162E-01  3.87493515E+00  1.34430572E-01
1.38984019E-01  3.95757103E+00  1.33863002E-01
1.39373876E-01  3.71753120E+00  1.33584380E-01
1.39763733E-01  3.88205719E+00  1.33167326E-01
1.40153590E-01  4.02327728E+00  1.32959187E-01
1.40543447E-01  3.78286934E+00  1.32039487E-01
1.40933304E-01  3.60988426E+00  1.31731778E-01
1.41323161E-01  3.90088081E+00  1.31156161E-01
1.41713018E-01  3.70235825E+00  1.30638689E-01
1.42102875E-01  3.53448486E+00  1.29878029E-01
1.42492732E-01  3.59077263E+00  1.30300209E-01
1.42882589E-01  3.79453087E+00  1.29640535E-01
1.43272446E-01  3.82216263E+00  1.29603595E-01
1.43662303E-01  3.79259872E+00  1.29016906E-01
1.44052160E-01  3.60839844E+00  1.29258573E-01
1.44442017E-01  3.43616295E+00  1.29050657E-01
1.44831874E-01  3.71934128E+00  1.28531441E-01
1.45221731E-01  3.71991730E+00  1.28241807E-01
1.45611588E-01  3.47633171E+00  1.28313184E-01
1.46001445E-01  3.84798241E+00  1.27735034E-01
1.46391302E-01  3.65991974E+00  1.27510116E-01
1.46781159E-01  3.67707443E+00  1.27224654E-01
1.47171016E-01  3.77556992E+00  1.27244219E-01
1.47560873E-01  3.72209358E+00  1.27033666E-01
1.47950730E-01  3.59402847E+00  1.26627326E-01
1.48340587E-01  3.45394516E+00  1.26191586E-01
1.48730444E-01  3.50521851E+00  1.26190841E-01
1.49120301E-01  3.68774414E+00  1.26009569E-01
1.49510158E-01  3.69062042E+00  1.25500396E-01
1.49900015E-01  3.56284904E+00  1.25576198E-01
1.50289872E-01  3.62798119E+00  1.25164986E-01
1.50679729E-01  3.57019043E+00  1.25192136E-01
1.51069586E-01  3.54762077E+00  1.24831267E-01
1.51459443E-01  3.63518524E+00  1.24659434E-01
1.51849300E-01  3.36837769E+00  1.24314815E-01
1.52239157E-01  3.29976654E+00  1.23851150E-01
1.52629014E-01  3.62973213E+00  1.23903781E-01
1.53018871E-01  3.40788460E+00  1.23912595E-01
1.53408728E-01  3.21565628E+00  1.23171873E-01
1.53798585E-01  3.32243156E+00  1.23497516E-01
1.54188442E-01  3.54154015E+00  1.23201802E-01
1.54578299E-01  3.54345322E+00  1.22743085E-01
1.54968156E-01  3.35122490E+00  1.22706547E-01
1.55358013E-01  3.41194344E+00  1.22102141E-01
1.55747870E-01  3.64968109E+00  1.21946543E-01
1.56137727E-01  3.42488098E+00  1.21816084E-01
1.56527584E-01  3.41064262E+00  1.21376798E-01
1.56917441E-01  3.37973785E+00  1.21736094E-01
1.57307298E-01  3.46440315E+00  1.21179022E-01
1.57697155E-01  3.39736938E+00  1.21043697E-01
1.58087012E-01  3.39026642E+00  1.20973870E-01
1.58476869E-01  3.27400970E+00  1.20734341E-01
1.58866726E-01  3.26922798E+00  1.20417431E-01
1.59256583E-01  3.33845901E+00  1.20089069E-01
1.59646440E-01  3.26662827E+00  1.20043240E-01
1.60036297E-01  3.41891861E+00  1.19792461E-01
1.60426154E-01  3.40923119E+00  1.19740754E-01
1.60816011E-01  3.22849274E+00  1.19401865E-01
1.61205868E-01  3.18946266E+00  1.19372286E-01
1.61595725E-01  3.17397499E+00  1.18887581E-01
1.61985582E-01  3.19973183E+00  1.18641324E-01
1.62375439E-01  3.17241478E+00  1.18585795E-01
1.62765296E-01  3.09960556E+00  1.18507944E-01
1.63155153E-01  3.17343140E+00  1.18022151E-01
1.63545010E-01  2.99573517E+00  1.18171789E-01
1.63934867E-01  3.18425560E+00  1.17959537E-01
1.64324724E-01  3.20593262E+00  1.17814951E-01
1.64714581E-01  3.09741974E+00  1.17508650E-01
1.65104438E-01  3.11744499E+00  1.17379047E-01
1.65494295E-01  3.17454147E+00  1.16934814E-01
1.65884152E-01  3.04464722E+00  1.16656817E-01
1.66274009E-01  3.22032547E+00  1.16897561E-01
1.66663866E-01  3.26143646E+00  1.16541162E-01
1.67053723E-01  3.31497383E+00  1.16528623E-01
1.67443580E-01  3.34711838E+00  1.16256818E-01
1.67833437E-01  3.11946297E+00  1.16303988E-01
1.68223293E-01  3.06061554E+00  1.16029374E-01
1.68613150E-01  3.00444221E+00  1.15924887E-01
1.69003007E-01  3.18391609E+00  1.15642317E-01
1.69392864E-01  3.04754639E+00  1.15443908E-01
1.69782721E-01  2.95554161E+00  1.15289204E-01
1.70172578E-01  2.87350082E+00  1.15012087E-01
1.70562435E-01  3.18463707E+00  1.14562474E-01
1.70952292E-01  3.23570824E+00  1.14458077E-01
1.71342149E-01  2.94390106E+00  1.14355542E-01
1.71732006E-01  2.80639648E+00  1.14650555E-01
1.72121863E-01  3.02069664E+00  1.14153832E-01
1.72511720E-01  2.94116211E+00  1.14141352E-01
1.72901577E-01  3.01774597E+00  1.13912158E-01
1.73291434E-01  3.01105118E+00  1.13655530E-01
1.73681291E-01  3.01959419E+00  1.13532394E-01
1.74071148E-01  2.83559036E+00  1.13087140E-01
1.74461005E-01  3.16464806E+00  1.12930931E-01
1.74850862E-01  3.05902672E+00  1.12857729E-01
1.75240719E-01  2.93065453E+00  1.12779990E-01
1.75630576E-01  2.97201347E+00  1.12543225E-01
1.76020433E-01  2.91172409E+00  1.12326406E-01
1.76410290E-01  2.78338623E+00  1.12126231E-01
1.76800147E-01  2.73699760E+00  1.11860871E-01
1.77190004E-01  2.79639244E+00  1.11992940E-01
1.77579861E-01  2.72002792E+00  1.11799650E-01
1.77969718E-01  2.96842384E+00  1.11685373E-01
1.78359575E-01  3.00914192E+00  1.11617722E-01
1.78749432E-01  3.05806732E+00  1.11138016E-01
1.79139289E-01  2.88576317E+00  1.11199655E-01
1.79529146E-01  2.91730499E+00  1.11052886E-01
1.79919003E-01  2.85519791E+00  1.11046076E-01
1.80308860E-01  2.83269691E+00  1.11000724E-01
1.80698717E-01  2.93110847E+00  1.10639133E-01
1.81088574E-01  2.85861588E+00  1.10596590E-01
1.81478431E-01  2.94781113E+00  1.10253267E-01
1.81868288E-01  2.71916389E+00  1.10299379E-01
1.82258145E-01  2.75807953E+00  1.10114574E-01
1.82648002E-01  2.82826042E+00  1.09713957E-01
1.83037859E-01  2.52496910E+00  1.09743871E-01
1.83427716E-01  2.66776276E+00  1.09652251E-01
1.83817573E-01  2.69069099E+00  1.09399788E-01
1.84207430E-01  2.64016342E+00  1.09353080E-01
1.84597287E-01  2.47832680E+00  1.09183222E-01
1.84987144E-01  2.58252144E+00  1.08928330E-01
1.85377001E-01  2.74730110E+00  1.08753629E-01
1.85766858E-01  2.67413902E+00  1.08643897E-01
1.86156715E-01  2.75795364E+00  1.08701229E-01
1.86546572E-01  2.55785942E+00  1.08233444E-01
1.86936429E-01  2.67895699E+00  1.08287133E-01
1.87326286E-01  2.60366821E+00  1.08108692E-01
1.87716143E-01  2.63687515E+00  1.07720226E-01
1.88106000E-01  2.61429596E+00  1.07869625E-01
1.88495857E-01  2.49329567E+00  1.07627548E-01
1.88885714E-01  2.69646263E+00  1.07208341E-01
1.89275571E-01  2.76590538E+00  1.07182018E-01
1.89665428E-01  2.61256599E+00  1.07033715E-01
1.90055285E-01  2.35284424E+00  1.06876507E-01
1.90445142E-01  2.47787476E+00  1.06856346E-01
1.90834999E-01  2.42744637E+00  1.06809154E-01
1.91224856E-01  2.35768700E+00  1.06570840E-01
1.91614713E-01  2.63762665E+00  1.06730893E-01
1.92004570E-01  2.56609917E+00  1.06513843E-01
1.92394427E-01  2.54031944E+00  1.06488369E-01
1.92784284E-01  2.78026199E+00  1.06289394E-01
1.93174141E-01  2.61869049E+00  1.06110625E-01
1.93563998E-01  2.44418526E+00  1.05819575E-01
1.93953855E-01  2.45201492E+00  1.05291501E-01
1.94343712E-01  2.34258461E+00  1.05602823E-01
1.94733569E-01  2.30691910E+00  1.05289131E-01
1.95123426E-01  2.55196190E+00  1.05264984E-01
1.95513283E-01  2.62283897E+00  1.05218992E-01
1.95903140E-01  2.46852684E+00  1.05036072E-01
1.96292997E-01  2.34093475E+00  1.05330162E-01
1.96682854E-01  2.33432961E+00  1.06015131E-01
1.97072711E-01  2.12252235E+00  1.06478460E-01
1.97462568E-01  2.30427170E+00  1.06770493E-01
1.97852425E-01  2.41039085E+00  1.06754549E-01
1.98242282E-01  2.34193802E+00  1.06913649E-01
1.98632139E-01  2.35933685E+00  1.07527740E-01
1.99021996E-01  2.47158241E+00  1.07290886E-01
1.99411853E-01  2.29455376E+00  1.07142046E-01
1.99801710E-01  2.36036110E+00  1.07218720E-01
2.00191567E-01  2.41281128E+00  1.07370131E-01
2.00581424E-01  2.57693863E+00  1.07595012E-01
2.00971281E-01  2.37627029E+00  1.07491642E-01
2.01361138E-01  2.46822929E+00  1.07461967E-01
2.01750995E-01  2.41399956E+00  1.07753955E-01
2.02140852E-01  2.29468727E+00  1.07918970E-01
2.02530709E-01  2.03079224E+00  1.07742116E-01
2.02920566E-01  2.11909676E+00  1.07660696E-01
2.03310423E-01  2.24175453E+00  1.06946364E-01
2.03700280E-01  2.32144737E+00  1.06250718E-01
2.04090137E-01  2.36706161E+00  1.05796009E-01
2.04479994E-01  2.12736320E+00  1.05211250E-01
2.04869851E-01  2.22921371E+00  1.05151586E-01
2.05259708E-01  2.15717125E+00  1.04495943E-01
2.05649565E-01  2.26423073E+00  1.04427554E-01
2.06039422E-01  2.27779770E+00  1.04451999E-01
2.06429279E-01  2.21549988E+00  1.03760868E-01
2.06819136E-01  2.04177856E+00  1.03734367E-01
2.07208993E-01  2.15879440E+00  1.03662759E-01
2.07598850E-01  1.96459007E+00  1.03388801E-01
2.07988707E-01  1.98574829E+00  1.03328519E-01
2.08378564E-01  2.13538170E+00  1.03212029E-01
2.08768421E-01  2.20690346E+00  1.02843329E-01
2.09158278E-01  2.08470154E+00  1.02689825E-01
2.09548135E-01  2.05910301E+00  1.02380700E-01
2.09937992E-01  2.18894958E+00  1.02329686E-01
2.10327849E-01  2.15305901E+00  1.02270432E-01
2.10717706E-01  1.98259735E+00  1.02000728E-01
2.11107563E-01  2.09296417E+00  1.02200337E-01
2.11497420E-01  1.89031410E+00  1.02753676E-01
2.11887277E-01  2.21895218E+00  1.02774628E-01
2.12277134E-01  2.20585442E+00  1.03095919E-01
2.12666991E-01  2.22579002E+00  1.03371896E-01
2.13056848E-01  2.10304070E+00  1.03248976E-01
2.13446705E-01  2.07519531E+00  1.03644513E-01
2.13836562E-01  2.08099365E+00  1.03451423E-01
2.14226419E-01  2.10770988E+00  1.03449278E-01
2.14616276E-01  2.12374496E+00  1.03647284E-01
2.15006133E-01  2.14693451E+00  1.03799306E-01
2.15395990E-01  1.99517822E+00  1.03597455E-01
2.15785847E-01  1.84205246E+00  1.03692025E-01
2.16175704E-01  1.97759628E+00  1.03806451E-01
2.16565561E-01  2.05491447E+00  1.03396796E-01
2.16955418E-01  2.03659821E+00  1.03849128E-01
2.17345275E-01  1.95950508E+00  1.03822127E-01
2.17735132E-01  1.94546890E+00  1.04061320E-01
2.18124989E-01  1.81030273E+00  1.03323571E-01
2.18514846E-01  1.77559853E+00  1.02658086E-01
2.18904703E-01  2.00237846E+00  1.02304533E-01
2.19294560E-01  2.08718109E+00  1.01780564E-01
2.19684417E-01  1.93751335E+00  1.01638637E-01
2.20074274E-01  1.99386597E+00  1.01374246E-01
2.20464131E-01  1.78215790E+00  1.01216964E-01
2.20853988E-01  1.91500664E+00  1.00910924E-01
2.21243845E-01  1.94787788E+00  1.00677431E-01
2.21633702E-01  1.86819649E+00  1.00379139E-01
2.22023559E-01  1.82219505E+00  1.00071236E-01
2.22413416E-01  1.91782379E+00  9.97920334E-02
2.22803273E-01  1.97220421E+00  9.96627957E-02
2.23193130E-01  2.00298691E+00  9.95787010E-02
2.23582987E-01  1.75733566E+00  9.92775410E-02
2.23972844E-01  1.81308937E+00  9.91675332E-02
2.24362701E-01  1.93537521E+00  9.91004035E-02
2.24752558E-01  1.77632523E+00  9.89939645E-02
2.25142415E-01  1.66774178E+00  9.88455638E-02
2.25532272E-01  1.79806519E+00  9.88283604E-02
2.25922129E-01  2.12439919E+00  9.87071618E-02
2.26311986E-01  1.87828827E+00  9.84008089E-02
2.26701843E-01  1.73366356E+00  9.83505175E-02
2.27091700E-01  1.61317635E+00  9.82728675E-02
2.27481557E-01  1.73931885E+00  9.81368721E-02
2.27871414E-01  1.79205322E+00  9.79951471E-02
2.28261271E-01  1.59649467E+00  9.78217646E-02
2.28651128E-01  1.65721703E+00  9.76742804E-02
2.29040985E-01  1.68414879E+00  9.75086316E-02
2.29430842E-01  1.70970154E+00  9.73763391E-02
2.29820699E-01  1.64350510E+00  9.69311222E-02
2.30210556E-01  1.81531334E+00  9.71363410E-02
2.30600413E-01  1.82129478E+00  9.69018042E-02
2.30990270E-01  1.76133919E+00  9.69264880E-02
2.31380127E-01  1.73771667E+00  9.67814177E-02
2.31769984E-01  1.56744003E+00  9.65930670E-02
2.32159841E-01  1.76547241E+00  9.64404270E-02
2.32549698E-01  1.69274330E+00  9.63183418E-02
2.32939555E-01  1.65988541E+00  9.62050781E-02
2.33329412E-01  1.58382607E+00  9.57732424E-02
2.33719269E-01  1.53950882E+00  9.58276317E-02
2.34109126E-01  1.42160416E+00  9.59458351E-02
2.34498983E-01  1.68782616E+00  9.56670865E-02
2.34888840E-01  1.78212357E+00  9.56837013E-02
2.35278697E-01  1.69842720E+00  9.52573568E-02
2.35668554E-01  1.85322571E+00  9.52896997E-02
2.36058411E-01  1.70637131E+00  9.52881873E-02
2.36448268E-01  1.60101891E+00  9.47750658E-02
2.36838125E-01  1.60191154E+00  9.49110687E-02
2.37227982E-01  1.59859085E+00  9.46277529E-02
2.37617839E-01  1.48583031E+00  9.45363119E-02
2.38007696E-01  1.59405899E+00  9.44233760E-02
2.38397553E-01  1.64307404E+00  9.42596570E-02
2.38787410E-01  1.59641457E+00  9.40516517E-02
2.39177267E-01  1.51067162E+00  9.41968113E-02
2.39567124E-01  1.54095459E+00  9.39559266E-02
2.39956981E-01  1.41977501E+00  9.39250812E-02
2.40346838E-01  1.47938347E+00  9.38581899E-02
2.40736695E-01  1.60055161E+00  9.37968493E-02
2.41126552E-01  1.52989388E+00  9.38061550E-02
2.41516409E-01  1.59680748E+00  9.35062170E-02
2.41906266E-01  1.64372253E+00  9.33777764E-02
2.42296123E-01  1.49224854E+00  9.33584720E-02
2.42685980E-01  1.48111534E+00  9.32571962E-02
2.43075837E-01  1.30511475E+00  9.29261521E-02
2.43465694E-01  1.52916718E+00  9.28998217E-02
2.43855551E-01  1.47699165E+00  9.28844512E-02
2.44245408E-01  1.57073593E+00  9.31246951E-02
2.44635265E-01  1.42307091E+00  9.27497298E-02
2.45025122E-01  1.54053307E+00  9.26240385E-02
2.45414979E-01  1.53334427E+00  9.24697742E-02
2.45804836E-01  1.56326485E+00  9.24289078E-02
2.46194693E-01  1.63800049E+00  9.23618525E-02
2.46584550E-01  1.44934273E+00  9.22465846E-02
2.46974407E-01  1.37540245E+00  9.22974348E-02
2.47364264E-01  1.44283867E+00  9.20300037E-02
2.47754121E-01  1.38900566E+00  9.17755887E-02
2.48143978E-01  1.38680267E+00  9.19426754E-02
2.48533835E-01  1.57846832E+00  9.16267335E-02
2.48923692E-01  1.38032150E+00  9.15953293E-02
2.49313549E-01  1.38847542E+00  9.15283635E-02
2.49703406E-01  1.36609650E+00  9.13890526E-02
2.50093263E-01  1.33752251E+00  9.12803337E-02
2.50483120E-01  1.27142334E+00  9.11254138E-02
2.50872977E-01  1.17495918E+00  9.11170244E-02
2.51262834E-01  1.36549950E+00  9.09400880E-02
2.51652691E-01  1.38671684E+00  9.10440758E-02
2.52042547E-01  1.37931442E+00  9.18094814E-02
2.52432404E-01  1.35636902E+00  9.17409733E-02
2.52822261E-01  1.35045052E+00  9.18328613E-02
2.53212118E-01  1.11283302E+00  9.23022330E-02
2.53601975E-01  1.27255249E+00  9.22003463E-02
2.53991832E-01  1.22855568E+00  9.24238637E-02
2.54381689E-01  1.25848198E+00  9.22479182E-02
2.54771546E-01  1.06386375E+00  9.23838690E-02
2.55161403E-01  1.12161636E+00  9.23912898E-02
2.55551260E-01  1.26047707E+00  9.23708528E-02
2.55941117E-01  1.22244453E+00  9.28026661E-02
2.56330974E-01  1.20829201E+00  9.24577266E-02
2.56720831E-01  1.20059204E+00  9.25446153E-02
2.57110688E-01  1.39406967E+00  9.24590528E-02
2.57500545E-01  1.36217499E+00  9.24550295E-02
2.57890402E-01  1.26560402E+00  9.25584212E-02
2.58280259E-01  1.12208366E+00  9.24006030E-02
2.58670116E-01  1.12719727E+00  9.26034898E-02
2.59059973E-01  1.16534042E+00  9.23815370E-02
2.59449830E-01  1.20670128E+00  9.24410447E-02
2.59839687E-01  1.13823318E+00  9.26023275E-02
2.60229544E-01  1.23392868E+00  9.24785361E-02
2.60619401E-01  1.29091072E+00  9.26534161E-02
2.61009258E-01  1.33935738E+00  9.24445391E-02
2.61399115E-01  1.21996498E+00  9.24582928E-02
2.61788972E-01  1.12528801E+00  9.26187932E-02
2.62178829E-01  1.11283112E+00  9.25422758E-02
2.62568686E-01  1.13454628E+00  9.24501643E-02
2.62958543E-01  1.32668877E+00  9.25319940E-02
2.63348400E-01  1.05485916E+00  9.25190896E-02
2.63738257E-01  1.29652977E+00  9.24987420E-02
2.64128114E-01  1.18306160E+00  9.25605074E-02
2.64517971E-01  1.09790039E+00  9.25080106E-02
2.64907828E-01  1.02802467E+00  9.25193951E-02
2.65297685E-01  1.10716248E+00  9.25078765E-02
2.65687542E-01  1.00412750E+00  9.23719034E-02
2.66077399E-01  1.15774918E+00  9.23612788E-02
2.66467256E-01  1.23790932E+00  9.23216641E-02
2.66857113E-01  1.10444832E+00  9.25929695E-02
2.67246970E-01  1.06901932E+00  9.24963504E-02
2.67636827E-01  9.48751450E-01  9.24762860E-02
2.68026684E-01  1.22342491E+00  9.23318416E-02
2.68416541E-01  1.12996674E+00  9.23801959E-02
2.68806398E-01  1.03079987E+00  9.23622847E-02
2.69196255E-01  1.08677483E+00  9.22333822E-02
2.69586112E-01  1.09972191E+00  9.24044028E-02
2.69975969E-01  1.07701874E+00  9.23423618E-02
2.70365826E-01  1.00922012E+00  9.22115818E-02
2.70755683E-01  1.05215454E+00  9.22992229E-02
2.71145540E-01  1.05582047E+00  9.20755267E-02
2.71535397E-01  8.49884033E-01  9.21228603E-02
2.71925254E-01  8.64290237E-01  9.22508463E-02
2.72315111E-01  9.51032639E-01  9.20520723E-02
2.72704968E-01  1.11518478E+00  9.21194553E-02
2.73094825E-01  1.08018303E+00  9.21508744E-02
2.73484682E-01  1.06604767E+00  9.19240788E-02
2.73874539E-01  7.67009735E-01  9.19086486E-02
2.74264396E-01  8.89554977E-01  9.19850990E-02
2.74654253E-01  8.14266205E-01  9.18370187E-02
2.75044110E-01  8.71133804E-01  9.19116810E-02
2.75433967E-01  8.73916626E-01  9.17467400E-02
2.75823824E-01  9.26311493E-01  9.19378102E-02
2.76213681E-01  7.14794159E-01  9.17198583E-02
2.76603538E-01  7.64848709E-01  9.17506516E-02
2.76993395E-01  7.75733948E-01  9.14301276E-02
2.77383252E-01  7.26331711E-01  9.17119607E-02
2.77773109E-01  7.38334656E-01  9.15462002E-02
2.78162966E-01  7.72472382E-01  9.15865749E-02
2.78552823E-01  9.27072525E-01  9.14371535E-02
2.78942680E-01  6.88871384E-01  9.20002386E-02
2.79332537E-01  8.67313385E-01  9.24274549E-02
2.79722394E-01  9.52632904E-01  9.29730684E-02
2.80112251E-01  9.60256577E-01  9.31616202E-02
2.80502108E-01  8.66373062E-01  9.34170708E-02
2.80891965E-01  8.35844040E-01  9.37648490E-02
2.81281822E-01  1.07559967E+00  9.38730687E-02
2.81671679E-01  9.03213501E-01  9.40558463E-02
2.82061536E-01  8.15282822E-01  9.41766351E-02
2.82451393E-01  7.40301132E-01  9.44146067E-02
2.82841250E-01  6.84812546E-01  9.44524184E-02
2.83231107E-01  9.03547287E-01  9.44323167E-02
2.83620964E-01  8.25723648E-01  9.45331678E-02
2.84010821E-01  7.77870178E-01  9.47313532E-02
2.84400678E-01  8.47850800E-01  9.49324891E-02
2.84790535E-01  6.89802170E-01  9.49560255E-02
2.85180392E-01  9.39750671E-01  9.49353129E-02
2.85570249E-01  7.75440216E-01  9.50083658E-02
2.85960106E-01  7.17548370E-01  9.43555608E-02
2.86349963E-01  8.93690109E-01  9.39941481E-02
2.86739820E-01  6.35942459E-01  9.34745073E-02
2.87129677E-01  6.29688263E-01  9.32700336E-02
2.87519534E-01  7.21069336E-01  9.32365283E-02
2.87909391E-01  5.80282211E-01  9.29796994E-02
2.88299248E-01  6.80814743E-01  9.29735005E-02
2.88689105E-01  7.15663910E-01  9.25371498E-02
2.89078962E-01  8.35641861E-01  9.25143734E-02
2.89468819E-01  8.23297501E-01  9.24946368E-02
2.89858676E-01  7.10456848E-01  9.24582407E-02
2.90248533E-01  7.03590393E-01  9.23140272E-02
2.90638390E-01  6.63553238E-01  9.23907757E-02
2.91028247E-01  6.82876587E-01  9.21114981E-02
2.91418104E-01  6.39453888E-01  9.18772072E-02
2.91807961E-01  6.35702133E-01  9.18527618E-02
2.92197818E-01  7.15436935E-01  9.19309407E-02
2.92587675E-01  7.18402863E-01  9.18508545E-02
2.92977532E-01  5.80766678E-01  9.17023495E-02
2.93367389E-01  4.62205887E-01  9.16703790E-02
2.93757246E-01  6.50300980E-01  9.21809077E-02
2.94147103E-01  5.19758224E-01  9.25429761E-02
2.94536960E-01  5.98829269E-01  9.29121971E-02
2.94926817E-01  7.01175690E-01  9.30768400E-02
2.95316674E-01  4.83915329E-01  9.33765769E-02
2.95706531E-01  4.79642868E-01  9.35102552E-02
2.96096388E-01  4.94680405E-01  9.36900154E-02
2.96486245E-01  5.36935806E-01  9.36774164E-02
2.96876102E-01  5.47231674E-01  9.41151455E-02
2.97265959E-01  4.72284317E-01  9.40015018E-02
2.97655816E-01  3.95805359E-01  9.40999240E-02
2.98045673E-01  5.08939743E-01  9.41086859E-02
2.98435530E-01  5.95991135E-01  9.44048017E-02
2.98825387E-01  5.37099838E-01  9.44197327E-02
2.99215244E-01  6.99869156E-01  9.45682079E-02
2.99605101E-01  5.85941315E-01  9.44526494E-02
2.99994958E-01  7.17437744E-01  9.46460366E-02
3.00384815E-01  5.25884628E-01  9.47205871E-02
3.00774672E-01  6.33897781E-01  9.50119421E-02
3.01164529E-01  6.79119110E-01  9.48161632E-02
3.01554386E-01  4.79228973E-01  9.50342640E-02
3.01944243E-01  5.69295883E-01  9.51035544E-02
3.02334100E-01  4.71824646E-01  9.49631408E-02
3.02723957E-01  6.43072128E-01  9.50708166E-02
3.03113814E-01  6.38895035E-01  9.49933156E-02
3.03503671E-01  6.97912216E-01  9.51093137E-02
3.03893528E-01  6.21814728E-01  9.52781662E-02
3.04283385E-01  6.79452896E-01  9.52714905E-02
3.04673242E-01  7.17842102E-01  9.54144001E-02
3.05063099E-01  5.95172882E-01  9.55604166E-02
3.05452956E-01  6.44823074E-01  9.56980959E-02
3.05842813E-01  5.23897171E-01  9.58267227E-02
3.06232670E-01  4.73377228E-01  9.57380161E-02
3.06622527E-01  4.76938248E-01  9.55491215E-02
3.07012384E-01  5.48768997E-01  9.57668498E-02
3.07402241E-01  6.43539429E-01  9.60430428E-02
3.07792098E-01  6.13718033E-01  9.59534124E-02
3.08181955E-01  6.18730545E-01  9.59570706E-02
3.08571812E-01  4.33769226E-01  9.62031186E-02
3.08961669E-01  4.74983215E-01  9.60320756E-02
3.09351526E-01  5.65107346E-01  9.58717316E-02
3.09741383E-01  4.54563141E-01  9.63675752E-02
3.10131240E-01  4.63644028E-01  9.62593779E-02
3.10521097E-01  5.41082382E-01  9.62359160E-02
3.10910954E-01  6.34103775E-01  9.61182192E-02
3.11300811E-01  4.92683411E-01  9.62273777E-02
3.11690668E-01  5.12374878E-01  9.63245854E-02
3.12080525E-01  3.64007950E-01  9.61140245E-02
3.12470382E-01  4.76589203E-01  9.61844474E-02
3.12860239E-01  3.43721390E-01  9.61611196E-02
3.13250096E-01  4.20589447E-01  9.64659974E-02
3.13639953E-01  4.00102615E-01  9.62015316E-02
3.14029810E-01  2.60774612E-01  9.63021442E-02
3.14419667E-01  2.98574448E-01  9.65264663E-02
3.14809524E-01  3.72518539E-01  9.65061262E-02
3.15199381E-01  3.27817917E-01  9.65703875E-02
3.15589238E-01  5.11236191E-01  9.66798291E-02
3.15979095E-01  7.41661072E-01  9.67636555E-02
3.16368952E-01  3.52025986E-01  9.67633799E-02
3.16758809E-01  5.40330887E-01  9.71705243E-02
3.17148666E-01  5.62108994E-01  9.69282761E-02
3.17538523E-01  2.88236618E-01  9.69309062E-02
3.17928380E-01  2.53009796E-01  9.68918130E-02
3.18318237E-01  2.41735458E-01  9.70391333E-02
3.18708094E-01  3.70870590E-01  9.69631076E-02
3.19097951E-01  2.44892120E-01  9.69630405E-02
3.19487808E-01  3.24718475E-01  9.70814601E-02
3.19877665E-01  4.38531876E-01  9.71349850E-02
3.20267522E-01  4.88059998E-01  9.69882458E-02
3.20657379E-01  3.96446228E-01  9.72353071E-02
3.21047236E-01  2.90742874E-01  9.70663279E-02
3.21437093E-01  4.59171295E-01  9.71200913E-02
3.21826950E-01  3.44228745E-01  9.70634073E-02
3.22216807E-01  4.33336258E-01  9.68950614E-02
3.22606664E-01  3.67738724E-01  9.67749432E-02
3.22996521E-01  3.09358597E-01  9.70547721E-02
3.23386378E-01  2.97109604E-01  9.72503647E-02
3.23776235E-01  3.59010696E-01  9.71765593E-02
3.24166092E-01  3.44879150E-01  9.70480293E-02
3.24555949E-01  2.35950470E-01  9.79891419E-02
3.24945806E-01  3.21525574E-01  9.85613763E-02
3.25335663E-01  2.02875137E-01  9.92299542E-02
3.25725520E-01  3.84695053E-01  9.97984409E-02
3.26115377E-01  2.78928757E-01  9.97287780E-02
3.26505234E-01  2.66103745E-01  9.99800265E-02
3.26895091E-01  4.07609940E-01  1.00369431E-01
3.27284948E-01  2.94706345E-01  1.00729108E-01
3.27674805E-01  2.43638992E-01  1.00825749E-01
3.28064662E-01  4.13980484E-01  1.01003565E-01
3.28454519E-01  2.54854202E-01  1.01049274E-01
3.28844376E-01  2.91042328E-01  1.01187378E-01
3.29234233E-01  2.92003632E-01  1.01634249E-01
3.29624090E-01  1.58670425E-01  1.01818465E-01
3.30013947E-01  2.51512527E-01  1.01960629E-01
3.30403804E-01  2.41865158E-01  1.01987064E-01
3.30793661E-01  5.33332825E-02  1.02482110E-01
3.31183518E-01  1.47165298E-01  1.02672011E-01
3.31573375E-01  5.21202087E-02  1.02816790E-01
3.31963232E-01  1.57068253E-01  1.03143916E-01
3.32353089E-01  1.80622101E-01  1.03153475E-01
3.32742946E-01  2.41527557E-02  1.03354611E-01
3.33132803E-01  1.67818069E-01  1.03537753E-01
3.33522660E-01  2.56473541E-01  1.03498861E-01
3.33912517E-01  1.23601913E-01  1.04016878E-01
3.34302374E-01  1.99861526E-01  1.04128458E-01
3.34692231E-01  8.44402313E-02  1.04195364E-01
3.35082088E-01  3.37182999E-01  1.04258701E-01
3.35471945E-01  2.72607803E-01  1.04861878E-01
3.35861802E-01  1.89022064E-01  1.05227068E-01
3.36251658E-01  7.71713257E-02  1.04999982E-01
3.36641515E-01  7.46021271E-02  1.05244480E-01
3.37031372E-01  1.49009705E-01  1.05444238E-01
3.37421229E-01  4.97989655E-02  1.05725199E-01
3.37811086E-01  -7.63912201E-02  1.05682105E-01
3.38200943E-01  8.62693787E-03  1.06051072E-01
3.38590800E-01  -2.38876343E-02  1.06436089E-01
3.38980657E-01  -4.86660004E-02  1.06350757E-01
3.39370514E-01  6.35910034E-02  1.06343798E-01
3.39760371E-01  3.46374512E-02  1.06646866E-01
3.40150228E-01  -1.58720016E-01  1.06795631E-01
3.40540085E-01  -1.80208206E-01  1.07118748E-01
3.40929942E-01  -3.00254822E-02  1.07225046E-01
3.41319799E-01  1.02012634E-01  1.07433662E-01
3.41709656E-01  1.41759872E-01  1.07589014E-01
3.42099513E-01  3.28351974E-01  1.07713059E-01
3.42489370E-01  1.49644852E-01  1.07981645E-01
3.42879227E-01  1.67995453E-01  1.08325258E-01
3.43269084E-01  1.10471725E-01  1.08253323E-01
3.43658941E-01  2.55279541E-02  1.08357556E-01
3.44048798E-01  -1.23519897E-02  1.08368509E-01
3.44438655E-01  -6.27918243E-02  1.08627424E-01
3.44828512E-01  5.25093079E-03  1.08615637E-01
3.45218369E-01  2.12125778E-01  1.08775079E-01
3.45608226E-01  9.34123993E-02  1.09135583E-01
3.45998083E-01  3.69873047E-02  1.09254301E-01
3.46387940E-01  7.06787109E-02  1.08935684E-01
3.46777797E-01  4.49485779E-02  1.09016396E-01
3.47167654E-01  -6.99481964E-02  1.09454311E-01
3.47557511E-01  -6.96182251E-03  1.09324612E-01
3.47947368E-01  -2.72464752E-02  1.09571956E-01
3.48337225E-01  -5.68580627E-03  1.09570272E-01
3.48727082E-01  -7.42225647E-02  1.10079847E-01
3.49116939E-01  -1.37437820E-01  1.09913208E-01
3.49506796E-01  -7.69596100E-02  1.10261068E-01
3.49896653E-01  -1.36770248E-01  1.10690624E-01
3.50286510E-01  -1.28536224E-01  1.10277943E-01
3.50676367E-01  -2.16102600E-02  1.10686414E-01
3.51066224E-01  -8.03165436E-02  1.10696346E-01
3.51456081E-01  7.45201111E-03  1.10851914E-01
3.51845938E-01  -1.86573029E-01  1.10768810E-01
3.52235795E-01  -1.12861633E-01  1.10834554E-01
3.52625652E-01  1.10925674E-01  1.11385874E-01
3.53015509E-01  -1.68437958E-02  1.11394204E-01
3.53405366E-01  1.92813873E-02  1.11653537E-01
3.53795223E-01  -9.63859558E-02  1.12068377E-01
3.54185080E-01  -9.63916779E-02  1.11899532E-01
3.54574937E-01  -2.16735840E-01  1.11947596E-01
3.54964794E-01  2.03075409E-02  1.12244800E-01
3.55354651E-01  -6.64710999E-03  1.12379014E-01
3.55744508E-01  -2.14368820E-01  1.12783946E-01
3.56134365E-01  -3.04393768E-02  1.12664059E-01
3.56524222E-01  -4.19012070E-01  1.12749964E-01
3.56914079E-01  -2.63744354E-01  1.12907201E-01
3.57303936E-01  -1.70152664E-01  1.13324933E-01
3.57693793E-01  -1.58384323E-01  1.12973087E-01
3.58083650E-01  4.16984558E-02  1.13176785E-01
3.58473507E-01  -1.54190063E-02  1.13572888E-01
3.58863364E-01  -3.28796387E-01  1.13529794E-01
3.59253221E-01  6.13212585E-03  1.13873370E-01
3.59643078E-01  -1.18907928E-01  1.14007287E-01
3.60032935E-01  -2.95207977E-01  1.14315107E-01
3.60422792E-01  -1.16985321E-01  1.14361085E-01
3.60812649E-01  8.19396973E-03  1.14565775E-01
3.61202506E-01  1.53314590E-01  1.14545010E-01
3.61592363E-01  1.14465714E-01  1.14928380E-01
3.61982220E-01  -1.24380112E-01  1.16174847E-01
3.62372077E-01  -2.62790680E-01  1.17903091E-01
3.62761934E-01  -2.10905075E-01  1.18947834E-01
3.63151791E-01  -1.77232742E-01  1.19872496E-01
3.63541648E-01  -6.89182281E-02  1.20612912E-01
3.63931505E-01  -1.21093750E-01  1.21557936E-01
3.64321362E-01  -3.41491699E-01  1.22056782E-01
3.64711219E-01  -4.76181030E-01  1.22922353E-01
3.65101076E-01  -1.89920425E-01  1.23665459E-01
3.65490933E-01  -2.18845367E-01  1.24307662E-01
3.65880790E-01  -5.00549316E-01  1.25217512E-01
3.66270647E-01  -5.19262314E-01  1.25573337E-01
3.66660504E-01  -3.73683929E-01  1.26163855E-01
3.67050361E-01  -2.75131226E-01  1.26961336E-01
3.67440218E-01  -1.11400604E-01  1.26575962E-01
3.67830075E-01  -1.16722107E-01  1.28240108E-01
3.68219932E-01  -2.78827667E-01  1.28658116E-01
3.68609789E-01  -1.16071701E-01  1.28974676E-01
3.68999646E-01  -3.70626450E-01  1.29951209E-01
3.69389503E-01  -3.93285751E-01  1.30392551E-01
3.69779360E-01  -1.96241379E-01  1.30795285E-01
3.70169217E-01  -2.90264130E-01  1.31246150E-01
3.70559074E-01  -2.41046906E-01  1.31941229E-01
3.70948931E-01  -1.43754959E-01  1.32732585E-01
3.71338788E-01  -3.49399567E-01  1.33057579E-01
3.71728645E-01  -5.60453415E-01  1.33499354E-01
3.72118502E-01  -4.23255920E-01  1.34529397E-01
3.72508359E-01  -4.31707382E-01  1.35341898E-01
3.72898216E-01  -3.55777740E-01  1.35390162E-01
3.73288073E-01  -3.03045273E-01  1.36400908E-01
3.73677930E-01  -1.13536835E-01  1.36542797E-01
3.74067787E-01  -2.13666916E-01  1.37849778E-01
3.74457644E-01  -4.03451920E-01  1.38339132E-01
3.74847501E-01  -4.01231766E-01  1.38764232E-01
3.75237358E-01  -4.13209915E-01  1.39862761E-01
3.75627215E-01  -2.29917526E-01  1.40180334E-01
3.76017072E-01  -2.14534760E-01  1.40397981E-01
3.76406929E-01  -3.75207901E-01  1.40905887E-01
3.76796786E-01  -3.85612488E-01  1.41345665E-01
3.77186643E-01  -3.90909195E-01  1.41879633E-01
3.77576500E-01  -1.92411423E-01  1.43214345E-01
3.77966357E-01  -4.35905457E-01  1.43104896E-01
3.78356214E-01  -3.94580841E-01  1.43629029E-01
3.78746071E-01  -4.09612656E-01  1.44280240E-01
3.79135928E-01  -3.39305878E-01  1.44693047E-01
3.79525785E-01  -2.90802002E-01  1.45442531E-01
3.79915642E-01  -2.74137497E-01  1.45733595E-01
3.80305499E-01  -5.86381912E-01  1.46005601E-01
3.80695356E-01  -5.16784668E-01  1.46647394E-01
3.81085213E-01  -3.45474243E-01  1.47085235E-01
3.81475070E-01  -3.61015320E-01  1.47208542E-01
3.81864927E-01  -5.04842758E-01  1.48134500E-01
3.82254784E-01  -5.04695892E-01  1.48764163E-01
3.82644641E-01  -1.44826889E-01  1.49052516E-01
3.83034498E-01  -5.40348053E-01  1.50287151E-01
3.83424355E-01  -5.20559311E-01  1.50093198E-01
3.83814212E-01  -6.32171631E-01  1.51233032E-01
3.84204069E-01  -5.59946060E-01  1.51697829E-01
3.84593926E-01  -4.00468826E-01  1.52718693E-01
3.84983783E-01  -8.16576004E-01  1.52997479E-01
3.85373640E-01  -8.53914261E-01  1.53913364E-01
3.85763497E-01  -4.94720459E-01  1.54194430E-01
3.86153354E-01  -6.09477997E-01  1.54841423E-01
3.86543211E-01  -5.22020340E-01  1.55773222E-01
3.86933068E-01  -4.81418610E-01  1.56011537E-01
3.87322925E-01  -3.61789703E-01  1.56389728E-01
3.87712782E-01  -6.66187286E-01  1.56718761E-01
3.88102639E-01  -4.17531967E-01  1.57375604E-01
3.88492496E-01  -6.09344482E-01  1.58057272E-01
3.88882353E-01  -4.89650726E-01  1.58464953E-01
3.89272210E-01  -5.96529007E-01  1.58671096E-01
3.89662067E-01  -6.29878998E-01  1.59563467E-01
3.90051924E-01  -6.38675690E-01  1.59500644E-01
3.90441781E-01  -3.12704086E-01  1.60565227E-01
3.90831638E-01  -6.13725662E-01  1.61347881E-01
3.91221495E-01  -6.07801437E-01  1.61268681E-01
3.91611352E-01  -4.71710205E-01  1.62094757E-01
3.92001209E-01  -4.36653137E-01  1.62998319E-01
3.92391066E-01  -5.39621353E-01  1.63315177E-01
3.92780923E-01  -6.14704132E-01  1.64444938E-01
3.93170780E-01  -4.14937973E-01  1.64740115E-01
3.93560637E-01  -3.25277328E-01  1.65131509E-01
3.93950494E-01  -4.96244431E-01  1.65652007E-01
3.94340351E-01  -4.63979721E-01  1.66996554E-01
3.94730208E-01  -5.35724640E-01  1.67240649E-01
3.95120065E-01  -3.56431961E-01  1.68666020E-01
3.95509922E-01  -4.56808090E-01  1.68744519E-01
3.95899779E-01  -7.28158951E-01  1.69590846E-01
3.96289636E-01  -1.01364708E+00  1.70439467E-01
3.96679493E-01  -4.41511154E-01  1.70838401E-01
3.97069350E-01  -9.04287338E-01  1.71903029E-01
3.97459207E-01  -5.85151672E-01  1.72824949E-01
3.97849064E-01  -3.85114670E-01  1.72660917E-01
3.98238921E-01  -6.54714584E-01  1.73613295E-01
3.98628778E-01  -3.87105942E-01  1.74237117E-01
3.99018635E-01  -6.34616852E-01  1.73938036E-01
3.99408492E-01  -8.88896942E-01  1.75955966E-01
3.99798349E-01  -7.17723846E-01  1.76358283E-01
4.00188206E-01  -5.39630890E-01  1.77319363E-01
4.00578063E-01  -8.11487198E-01  1.78187385E-01
4.00967920E-01  -7.26337433E-01  1.79620504E-01
4.01357777E-01  -5.84508896E-01  1.79587185E-01
4.01747634E-01  -5.77953339E-01  1.80615902E-01
4.02137491E-01  -4.48591232E-01  1.81218639E-01
4.02527348E-01  -4.84849930E-01  1.81688637E-01
4.02917205E-01  -6.31040573E-01  1.82441011E-01
4.03307062E-01  -7.80433655E-01  1.83746308E-01
4.03696919E-01  -5.15998840E-01  1.84534997E-01
4.04086776E-01  -8.50078583E-01  1.85801953E-01
4.04476633E-01  -9.77811813E-01  1.86262816E-01
4.04866490E-01  -8.31701279E-01  1.86643332E-01
4.05256347E-01  -6.90057755E-01  1.87790826E-01
4.05646204E-01  -9.54978943E-01  1.88585117E-01
4.06036061E-01  -5.69011688E-01  1.89240605E-01
4.06425918E-01  -4.67103958E-01  1.90593690E-01
4.06815775E-01  -9.56287384E-01  1.91703945E-01
4.07205632E-01  -1.15120316E+00  1.92087308E-01
4.07595489E-01  -9.96086121E-01  1.93855241E-01
4.07985346E-01  -8.29832077E-01  1.94841698E-01
4.08375203E-01  -1.03455734E+00  1.95317417E-01
4.08765060E-01  -8.08883667E-01  1.96140498E-01
4.09154917E-01  -5.70575714E-01  1.97233275E-01
4.09544774E-01  -6.77768707E-01  1.97937459E-01
4.09934631E-01  -8.03497314E-01  1.98687196E-01
4.10324488E-01  -1.00174522E+00  2.01453149E-01
4.10714345E-01  -8.85805130E-01  2.01106355E-01
4.11104202E-01  -7.77904510E-01  2.03463942E-01
4.11494059E-01  -7.46385574E-01  2.03057170E-01
4.11883916E-01  -9.49249268E-01  2.04746649E-01
4.12273773E-01  -9.21344757E-01  2.05697596E-01
4.12663630E-01  -1.00937843E+00  2.06871003E-01
4.13053487E-01  -1.02374649E+00  2.07455650E-01
4.13443344E-01  -8.17781448E-01  2.09034801E-01
4.13833201E-01  -9.45501328E-01  2.11192906E-01
4.14223058E-01  -1.01098824E+00  2.12217316E-01
4.14612915E-01  -1.10244560E+00  2.12403223E-01
4.15002772E-01  -9.59573746E-01  2.14275897E-01
4.15392629E-01  -1.17902946E+00  2.15412170E-01
4.15782486E-01  -9.17043686E-01  2.16104403E-01
4.16172343E-01  -8.26860428E-01  2.16941670E-01
4.16562200E-01  -5.63041687E-01  2.18725190E-01
4.16952057E-01  -7.79762268E-01  2.20446214E-01
4.17341914E-01  -1.08371162E+00  2.21176744E-01
4.17731771E-01  -9.72463608E-01  2.23079652E-01
4.18121628E-01  -8.08990479E-01  2.24068582E-01
4.18511485E-01  -1.04626846E+00  2.25305974E-01
4.18901342E-01  -1.23504639E+00  2.25812688E-01
4.19291199E-01  -7.34766006E-01  2.28296071E-01
4.19681056E-01  -1.07174301E+00  2.30106324E-01
4.20070912E-01  -1.10490227E+00  2.31466487E-01
4.20460769E-01  -9.47679520E-01  2.33175293E-01
4.20850626E-01  -1.05211830E+00  2.34034479E-01
4.21240483E-01  -1.12509155E+00  2.36117169E-01
4.21630340E-01  -1.58105278E+00  2.37620041E-01
4.22020197E-01  -1.21845818E+00  2.38526657E-01
4.22410054E-01  -1.24998665E+00  2.40505889E-01
4.22799911E-01  -1.11300468E+00  2.41989732E-01
4.23189768E-01  -1.24796867E+00  2.43061975E-01
4.23579625E-01  -1.15633202E+00  2.44508445E-01
4.23969482E-01  -1.00659370E+00  2.46921271E-01
4.24359339E-01  -8.56987000E-01  2.48482347E-01
4.24749196E-01  -9.35115814E-01  2.49421895E-01
4.25139053E-01  -1.33543396E+00  2.53492653E-01
4.25528910E-01  -1.18649864E+00  2.54208237E-01
4.25918767E-01  -1.22470284E+00  2.55409867E-01
4.26308624E-01  -1.08665085E+00  2.58317530E-01
4.26698481E-01  -1.06276703E+00  2.58405417E-01
4.27088338E-01  -1.00618172E+00  2.61840850E-01
4.27478195E-01  -9.08756256E-01  2.63468832E-01
4.27868052E-01  -1.01094627E+00  2.65804082E-01
4.28257909E-01  -7.54230499E-01  2.67831832E-01
4.28647766E-01  -6.45137787E-01  2.68223017E-01
4.29037623E-01  -5.98880768E-01  2.70274043E-01
4.29427480E-01  -1.01761436E+00  2.71150738E-01
4.29817337E-01  -1.31546593E+00  2.73820877E-01
4.30207194E-01  -1.18176460E+00  2.75600046E-01
4.30597051E-01  -1.27892876E+00  2.75801778E-01
4.30986908E-01  -9.40387726E-01  2.79709399E-01
4.31376765E-01  -9.36685562E-01  2.80130923E-01
4.31766622E-01  -1.43577194E+00  2.82314748E-01
4.32156479E-01  -1.63482666E+00  2.83378631E-01
4.32546336E-01  -1.49679184E+00  2.87116945E-01
4.32936193E-01  -1.26638603E+00  2.88539737E-01
4.33326050E-01  -9.99507904E-01  2.91224509E-01
4.33715907E-01  -1.52459908E+00  2.93678135E-01
4.34105764E-01  -1.32841301E+00  3.00173044E-01
4.34495621E-01  -1.23125076E+00  3.02049965E-01
4.34885478E-01  -1.20137215E+00  3.04370821E-01
4.35275335E-01  -6.71754837E-01  3.06728363E-01
4.35665192E-01  -1.45932961E+00  3.09438080E-01
4.36055049E-01  -9.91350174E-01  3.12581480E-01
4.36444906E-01  -1.08449173E+00  3.14527392E-01
4.36834763E-01  -1.20823669E+00  3.17316294E-01
4.37224620E-01  -1.49633408E+00  3.25041533E-01
4.37614477E-01  -1.12291145E+00  3.25962722E-01
4.38004334E-01  -6.58035278E-01  3.27169448E-01
4.38394191E-01  -1.21909523E+00  3.32636416E-01
4.38784048E-01  -1.26112366E+00  3.33763510E-01
4.39173905E-01  -9.79072571E-01  3.35696220E-01
4.39563762E-01  -1.15164375E+00  3.37666094E-01
4.39953619E-01  -3.73456955E-01  3.43073100E-01
4.40343476E-01  -8.63679886E-01  3.43981326E-01
4.40733333E-01  -1.38247108E+00  3.48185003E-01
4.41123190E-01  -1.54655838E+00  3.48623186E-01
4.41513047E-01  -1.12555885E+00  3.52258027E-01
4.41902904E-01  -4.87995148E-01  3.54420483E-01
4.42292761E-01  -1.31282234E+00  3.52216840E-01
4.42682618E-01  -1.76614761E+00  3.55615973E-01
4.43072475E-01  -2.24477577E+00  3.56138855E-01
4.43462332E-01  -9.22206879E-01  3.61930460E-01
4.43852189E-01  -6.64068222E-01  3.64014685E-01
4.44242046E-01  -1.04562187E+00  3.65744263E-01
4.44631903E-01  -1.18792343E+00  3.66826206E-01
4.45021760E-01  -9.09763336E-01  3.67070287E-01
4.45411617E-01  -2.34209061E+00  3.69099200E-01
4.45801474E-01  -2.29827118E+00  3.73502403E-01
4.46191331E-01  -1.58303261E+00  3.75496984E-01
4.46581188E-01  -1.19376183E+00  3.80881250E-01
4.46971045E-01  -8.92179489E-01  3.76481980E-01
4.47360902E-01  -1.87180519E+00  3.81648719E-01
4.47750759E-01  -1.72084427E+00  3.83579135E-01
4.48140616E-01  -1.07629585E+00  3.86625767E-01
4.48530473E-01  -7.66000748E-01  3.92516732E-01
4.48920330E-01  -1.14993477E+00  3.89310390E-01
4.49310187E-01  -1.32466316E+00  3.89974445E-01
4.49700044E-01  -1.60320282E+00  3.93607706E-01
4.50089901E-01  -2.13974953E+00  3.94725591E-01
4.50479758E-01  -1.90771675E+00  4.01551872E-01
4.50869615E-01  -1.77534294E+00  4.02173549E-01
4.51259472E-01  -8.51186752E-01  4.00021851E-01
4.51649329E-01  -5.28501511E-01  4.06062663E-01
4.52039186E-01  -1.19112587E+00  4.09363329E-01
4.52429043E-01  -1.90378571E+00  4.09979731E-01
4.52818900E-01  -1.32073021E+00  4.14522916E-01
4.53208757E-01  -8.59054565E-01  4.16220427E-01
4.53598614E-01  -1.29341888E+00  4.16482627E-01
4.53988471E-01  -1.38233376E+00  4.22722310E-01
4.54378328E-01  -9.70046997E-01  4.22281146E-01


### HEADER:
#
#{
#    "analysis": {},
#    "calibration_params": {
#        "Beam_Center_X": 644.3978066834728,
#        "Beam_Center_Y": 752.0474301231778,
#        "Detector Tilt": 0.08709704591626237,
#        "Detector Tilt Plane Rotation": 95.0001420643864,
#        "Detector_X_Pixel_Size": 172.0,
#        "Detector_Y_Pixel_Size": 172.0,
#        "Integration Method": "full_csr",
#        "Radial_Average_Method": "pyFAI",
#        "Sample-to-detector distance (mm)": 2676.5799098693146,
#        "Wavelength (A)": 1.0332016536100022
#    },
#    "config_file": "D:\\Desktop\\20241114.cfg",
#    "filename": "S_LK-7_00005.dat",
#    "history": {
#        "subtraction": {
#            "initial_file": [
#                "LK-7_00005.tif"
#            ],
#            "subtracted_file": [
#                "LK-0_00001.tif"
#            ]
#        }
#    },
#    "imageHeader": {
#        "Count_cutoff": "1409688 counts",
#        "Excluded_pixels": "badpix_mask.tif",
#        "Exposure_period": "1.0000000 s",
#        "Exposure_time": "1.0000000 s",
#        "Flat_field": "FF_p24-0163_E8048_T4024_vrf_m0p100.tif",
#        "Gain_setting": "autog (vrf = 1.000)",
#        "Image_path": "/public/Data/2024/202411/20241115/sunrui/",
#        "N_excluded_pixels": "61",
#        "Pixel_size": "172e-6 m x 172e-6 m",
#        "Ratecorr_lut_directory": "ContinuousStandard_v1.1",
#        "Retrigger_mode": "1",
#        "Silicon": "sensor, thickness 0.000450",
#        "Start_angle": "0.0000 deg.",
#        "Tau": "0 s",
#        "Threshold_setting": "4024 eV",
#        "Trim_file": "p24-0163_E8048_T4024.bin"
#    },
#    "normalizations": {
#        "Polarization": {
#            "Used": false
#        },
#        "Solid_Angle_Correction": "On"
#    },
#    "raw_version": "2.2.2",
#    "unit": ""
#}

