### DATA:
#
# 1150
#      Q             I(Q)           Error     
6.43264042E-03  5.39602979E+03  1.01080198E+01
6.82249742E-03  4.78498584E+03  8.19462299E+00
7.21235441E-03  4.25868994E+03  7.03003216E+00
7.60221141E-03  3.81661206E+03  6.11420012E+00
7.99206840E-03  3.42110229E+03  5.51393175E+00
8.38192540E-03  3.08894922E+03  5.05002308E+00
8.77178240E-03  2.80917310E+03  4.65450525E+00
9.16163939E-03  2.55434082E+03  4.30307865E+00
9.55149639E-03  2.33782715E+03  3.99290180E+00
9.94135338E-03  2.14692822E+03  3.69887328E+00
1.03312104E-02  1.97624402E+03  3.44464874E+00
1.07210674E-02  1.83138306E+03  3.22432828E+00
1.11109244E-02  1.69279236E+03  3.01909852E+00
1.15007814E-02  1.57465833E+03  2.84588289E+00
1.18906384E-02  1.47320215E+03  2.68694520E+00
1.22804954E-02  1.37943945E+03  2.54425931E+00
1.26703523E-02  1.29783545E+03  2.41511321E+00
1.30602093E-02  1.21774670E+03  2.29412055E+00
1.34500663E-02  1.14703760E+03  2.18745184E+00
1.38399233E-02  1.08245532E+03  2.08579755E+00
1.42297803E-02  1.02481750E+03  1.99489152E+00
1.46196373E-02  9.69846558E+02  1.90899241E+00
1.50094943E-02  9.25397461E+02  1.83602846E+00
1.53993513E-02  8.75571350E+02  1.75956750E+00
1.57892083E-02  8.31768738E+02  1.68773377E+00
1.61790653E-02  7.91922791E+02  1.62399006E+00
1.65689223E-02  7.55638977E+02  1.56518126E+00
1.69587793E-02  7.17168579E+02  1.50528240E+00
1.73486363E-02  6.85643250E+02  1.45473051E+00
1.77384933E-02  6.56450623E+02  1.40324271E+00
1.81283503E-02  6.28112732E+02  1.35890222E+00
1.85182073E-02  6.00158508E+02  1.31222081E+00
1.89080643E-02  5.74140869E+02  1.26918161E+00
1.92979213E-02  5.51182983E+02  1.23064792E+00
1.96877783E-02  5.27004700E+02  1.19181657E+00
2.00776353E-02  5.04563751E+02  1.15456033E+00
2.04674923E-02  4.83954834E+02  1.11846983E+00
2.08573493E-02  4.63519653E+02  1.08633971E+00
2.12472062E-02  4.44549500E+02  1.05214286E+00
2.16370632E-02  4.26058105E+02  1.02049077E+00
2.20269202E-02  4.08085632E+02  9.90715623E-01
2.24167772E-02  3.92015503E+02  9.63602483E-01
2.28066342E-02  3.75500214E+02  9.34757292E-01
2.31964912E-02  3.62124756E+02  9.12652075E-01
2.35863482E-02  3.45425354E+02  8.85041535E-01
2.39762052E-02  3.31438202E+02  8.62033665E-01
2.43660622E-02  3.19007904E+02  8.38767767E-01
2.47559192E-02  3.05406311E+02  8.15509260E-01
2.51457762E-02  2.93805450E+02  7.95780838E-01
2.55356332E-02  2.80422546E+02  7.73095310E-01
2.59254902E-02  2.69418762E+02  7.54009545E-01
2.63153472E-02  2.58387268E+02  7.33495772E-01
2.67052042E-02  2.47884338E+02  7.15628982E-01
2.70950612E-02  2.37468719E+02  6.96869433E-01
2.74849182E-02  2.28372086E+02  6.81019306E-01
2.78747752E-02  2.17042831E+02  6.61613584E-01
2.82646322E-02  2.08917892E+02  6.45729363E-01
2.86544892E-02  2.01288696E+02  6.32157028E-01
2.90443462E-02  1.92336243E+02  6.15541458E-01
2.94342031E-02  1.84425171E+02  6.00827038E-01
2.98240601E-02  1.76883316E+02  5.85565865E-01
3.02139171E-02  1.69863937E+02  5.72368920E-01
3.06037741E-02  1.61870270E+02  5.66466689E-01
3.09936311E-02  1.55577866E+02  5.65290689E-01
3.13834881E-02  1.48069885E+02  5.58597326E-01
3.17733451E-02  1.41693390E+02  5.49640775E-01
3.21632021E-02  1.37133850E+02  5.44599831E-01
3.25530591E-02  1.30322769E+02  5.34511924E-01
3.29429161E-02  1.25120262E+02  5.27191162E-01
3.33327731E-02  1.20036926E+02  5.18748403E-01
3.37226301E-02  1.15370216E+02  5.08665979E-01
3.41124871E-02  1.09418755E+02  4.99570519E-01
3.45023441E-02  1.04581345E+02  4.91935879E-01
3.48922011E-02  1.00232292E+02  4.83002722E-01
3.52820581E-02  9.65100098E+01  4.75496888E-01
3.56719151E-02  9.18156204E+01  4.67045605E-01
3.60617721E-02  8.73732147E+01  4.59450334E-01
3.64516291E-02  8.30765381E+01  4.51948762E-01
3.68414861E-02  7.93967896E+01  4.45213288E-01
3.72313431E-02  7.62354965E+01  4.36722547E-01
3.76212001E-02  7.29374466E+01  4.22937453E-01
3.80110570E-02  6.97343674E+01  4.07888472E-01
3.84009140E-02  6.68478088E+01  3.95568013E-01
3.87907710E-02  6.32794189E+01  3.86444569E-01
3.91806280E-02  6.06550140E+01  3.78064632E-01
3.95704850E-02  5.83216591E+01  3.69894236E-01
3.99603420E-02  5.59240570E+01  3.63810807E-01
4.03501990E-02  5.38960876E+01  3.55670959E-01
4.07400560E-02  5.10876083E+01  3.48943532E-01
4.11299130E-02  4.87269249E+01  3.42565775E-01
4.15197700E-02  4.69358749E+01  3.37572515E-01
4.19096270E-02  4.47526550E+01  3.31029862E-01
4.22994840E-02  4.31259842E+01  3.26464325E-01
4.26893410E-02  4.13869667E+01  3.18823457E-01
4.30791980E-02  3.96545448E+01  3.10771644E-01
4.34690550E-02  3.76579895E+01  3.03483337E-01
4.38589120E-02  3.56342621E+01  3.00033212E-01
4.42487690E-02  3.43598175E+01  2.94807941E-01
4.46386260E-02  3.34334946E+01  2.91388929E-01
4.50284830E-02  3.18769474E+01  2.86676049E-01
4.54183400E-02  3.04254017E+01  2.84930110E-01
4.58081970E-02  2.98682766E+01  2.83944368E-01
4.61980539E-02  2.83087101E+01  2.81784862E-01
4.65879109E-02  2.68091888E+01  2.79359192E-01
4.69777679E-02  2.64047031E+01  2.79033870E-01
4.73676249E-02  2.50763016E+01  2.78232425E-01
4.77574819E-02  2.40891342E+01  2.76987016E-01
4.81473389E-02  2.34755554E+01  2.74145097E-01
4.85371959E-02  2.26530800E+01  2.72986174E-01
4.89270529E-02  2.18616943E+01  2.71411270E-01
4.93169099E-02  2.08612270E+01  2.69410759E-01
4.97067669E-02  2.02151680E+01  2.67944962E-01
5.00966239E-02  1.98764248E+01  2.66255617E-01
5.04864809E-02  1.88465748E+01  2.65025795E-01
5.08763379E-02  1.86390724E+01  2.63241321E-01
5.12661949E-02  1.78516483E+01  2.60714501E-01
5.16560519E-02  1.71227818E+01  2.59854525E-01
5.20459089E-02  1.65710335E+01  2.59610951E-01
5.24357659E-02  1.59454327E+01  2.56559342E-01
5.28256229E-02  1.56655006E+01  2.53041506E-01
5.32154799E-02  1.50344524E+01  2.49170154E-01
5.36053369E-02  1.48656540E+01  2.45270342E-01
5.39951939E-02  1.45950489E+01  2.42412761E-01
5.43850509E-02  1.41919899E+01  2.40341887E-01
5.47749078E-02  1.37712116E+01  2.38499478E-01
5.51647648E-02  1.35842037E+01  2.36477539E-01
5.55546218E-02  1.30265236E+01  2.33509108E-01
5.59444788E-02  1.24694977E+01  2.31314540E-01
5.63343358E-02  1.19840794E+01  2.28968352E-01
5.67241928E-02  1.20355148E+01  2.27488577E-01
5.71140498E-02  1.18492718E+01  2.26235017E-01
5.75039068E-02  1.12245312E+01  2.24280387E-01
5.78937638E-02  1.12619286E+01  2.22998962E-01
5.82836208E-02  1.06999283E+01  2.21866950E-01
5.86734778E-02  1.04445400E+01  2.24270910E-01
5.90633348E-02  1.06890564E+01  2.25424320E-01
5.94531918E-02  1.04617023E+01  2.25686982E-01
5.98430488E-02  1.07310677E+01  2.25800782E-01
6.02329058E-02  9.94367599E+00  2.23968983E-01
6.06227628E-02  9.74916840E+00  2.24252403E-01
6.10126198E-02  9.38874054E+00  2.24790230E-01
6.14024768E-02  9.53215027E+00  2.23203555E-01
6.17923338E-02  9.52545929E+00  2.19579369E-01
6.21821908E-02  9.30549049E+00  2.16595531E-01
6.25720478E-02  9.08983421E+00  2.15483412E-01
6.29619048E-02  9.06573868E+00  2.13662580E-01
6.33517617E-02  8.93994713E+00  2.12977886E-01
6.37416187E-02  8.55064392E+00  2.11687997E-01
6.41314757E-02  8.51503372E+00  2.08805457E-01
6.45213327E-02  8.48195076E+00  2.08123326E-01
6.49111897E-02  8.38672638E+00  2.07195073E-01
6.53010467E-02  8.24966812E+00  2.05337092E-01
6.56909037E-02  8.10413361E+00  2.04835027E-01
6.60807607E-02  8.41769218E+00  2.03929752E-01
6.64706177E-02  8.04600143E+00  2.01857835E-01
6.68604747E-02  8.17901421E+00  2.01071456E-01
6.72503317E-02  7.73029709E+00  1.98901638E-01
6.76401887E-02  8.17198181E+00  1.99440211E-01
6.80300457E-02  8.14394569E+00  1.98189080E-01
6.84199027E-02  8.11371040E+00  1.97027966E-01
6.88097597E-02  7.77821159E+00  1.95628971E-01
6.91996167E-02  7.44063568E+00  1.94718778E-01
6.95894737E-02  7.43917847E+00  1.94133341E-01
6.99793307E-02  7.86417198E+00  1.93523034E-01
7.03691877E-02  7.66702271E+00  1.93980247E-01
7.07590447E-02  7.50845146E+00  1.92846850E-01
7.11489017E-02  7.46532249E+00  1.91738233E-01
7.15387586E-02  7.40892601E+00  1.91370592E-01
7.19286156E-02  7.51616096E+00  1.89841211E-01
7.23184726E-02  7.47750092E+00  1.89355224E-01
7.27083296E-02  7.01516914E+00  1.89025760E-01
7.30981866E-02  7.56370354E+00  1.88680291E-01
7.34880436E-02  7.35872841E+00  1.88271224E-01
7.38779006E-02  7.10773277E+00  1.87006831E-01
7.42677576E-02  7.00917053E+00  1.87147930E-01
7.46576146E-02  6.93829346E+00  1.85528979E-01
7.50474716E-02  6.99944305E+00  1.84641868E-01
7.54373286E-02  7.08404160E+00  1.83042273E-01
7.58271856E-02  7.02289772E+00  1.82908446E-01
7.62170426E-02  6.98921394E+00  1.82399258E-01
7.66068996E-02  6.90635872E+00  1.81012660E-01
7.69967566E-02  6.72344017E+00  1.80850789E-01
7.73866136E-02  6.53617859E+00  1.79849014E-01
7.77764706E-02  6.85591507E+00  1.80097073E-01
7.81663276E-02  6.95277405E+00  1.79415166E-01
7.85561846E-02  7.18325233E+00  1.78650126E-01
7.89460416E-02  6.52982330E+00  1.77625209E-01
7.93358986E-02  6.25678825E+00  1.77354693E-01
7.97257556E-02  6.17883873E+00  1.77447721E-01
8.01156125E-02  6.54822540E+00  1.76819116E-01
8.05054695E-02  6.66892624E+00  1.76833451E-01
8.08953265E-02  6.58266068E+00  1.75782889E-01
8.12851835E-02  6.32100677E+00  1.74923599E-01
8.16750405E-02  6.16562653E+00  1.74697101E-01
8.20648975E-02  6.31540108E+00  1.74250469E-01
8.24547545E-02  6.74873352E+00  1.74153477E-01
8.28446115E-02  6.39762688E+00  1.73147351E-01
8.32344685E-02  6.67328644E+00  1.72462672E-01
8.36243255E-02  6.30243301E+00  1.72963873E-01
8.40141825E-02  6.28538322E+00  1.71626359E-01
8.44040395E-02  6.41687202E+00  1.71607643E-01
8.47938965E-02  6.03963280E+00  1.70664474E-01
8.51837535E-02  5.96243477E+00  1.70433089E-01
8.55736105E-02  5.88813972E+00  1.69220820E-01
8.59634675E-02  5.81422234E+00  1.69093326E-01
8.63533245E-02  5.81753349E+00  1.69845462E-01
8.67431815E-02  5.74114418E+00  1.68448269E-01
8.71330385E-02  5.67038727E+00  1.67459652E-01
8.75228955E-02  5.98731041E+00  1.68259919E-01
8.79127525E-02  6.07868958E+00  1.66984349E-01
8.83026094E-02  5.72193336E+00  1.66006312E-01
8.86924664E-02  5.97817612E+00  1.66386917E-01
8.90823234E-02  6.05053711E+00  1.65785283E-01
8.94721804E-02  5.54626465E+00  1.64939746E-01
8.98620374E-02  5.52636528E+00  1.64418250E-01
9.02518944E-02  5.67169189E+00  1.64180458E-01
9.06417514E-02  5.79706383E+00  1.63795635E-01
9.10316084E-02  5.74062538E+00  1.63569778E-01
9.14214654E-02  5.65712929E+00  1.62420511E-01
9.18113224E-02  5.63869858E+00  1.62076965E-01
9.22011794E-02  5.78899956E+00  1.62163645E-01
9.25910364E-02  5.78673935E+00  1.61529958E-01
9.29808934E-02  5.62540817E+00  1.61127865E-01
9.33707504E-02  5.51376724E+00  1.60732761E-01
9.37606074E-02  5.58591080E+00  1.60250783E-01
9.41504644E-02  5.16288948E+00  1.60018355E-01
9.45403214E-02  5.32246208E+00  1.59027293E-01
9.49301784E-02  5.36717606E+00  1.58974081E-01
9.53200354E-02  5.55999374E+00  1.58478498E-01
9.57098924E-02  5.53137016E+00  1.58130124E-01
9.60997494E-02  5.49831200E+00  1.58259913E-01
9.64896064E-02  5.43575668E+00  1.57925710E-01
9.68794633E-02  5.33764076E+00  1.56835273E-01
9.72693203E-02  5.32651520E+00  1.56818822E-01
9.76591773E-02  5.82405853E+00  1.56399727E-01
9.80490343E-02  5.36100006E+00  1.55936912E-01
9.84388913E-02  5.48390198E+00  1.55795276E-01
9.88287483E-02  5.16103172E+00  1.55435324E-01
9.92186053E-02  5.05624199E+00  1.54783875E-01
9.96084623E-02  4.97590828E+00  1.54736876E-01
9.99983193E-02  5.21663094E+00  1.54474616E-01
1.00388176E-01  5.35271454E+00  1.53515324E-01
1.00778033E-01  5.07339668E+00  1.53131709E-01
1.01167890E-01  5.04496002E+00  1.53172910E-01
1.01557747E-01  5.01970100E+00  1.52520746E-01
1.01947604E-01  4.98573112E+00  1.52316540E-01
1.02337461E-01  4.83299637E+00  1.51867434E-01
1.02727318E-01  4.93866920E+00  1.51506856E-01
1.03117175E-01  4.82169914E+00  1.51164591E-01
1.03507032E-01  5.07733536E+00  1.51192799E-01
1.03896889E-01  4.93294334E+00  1.50666058E-01
1.04286746E-01  4.92015457E+00  1.50165677E-01
1.04676603E-01  4.95706177E+00  1.49999797E-01
1.05066460E-01  4.97406578E+00  1.49588346E-01
1.05456317E-01  5.03592300E+00  1.49461314E-01
1.05846174E-01  4.97472763E+00  1.49022818E-01
1.06236031E-01  5.25563812E+00  1.48595825E-01
1.06625888E-01  5.11394310E+00  1.48042381E-01
1.07015745E-01  5.01479912E+00  1.47861764E-01
1.07405602E-01  4.87170219E+00  1.47206694E-01
1.07795459E-01  4.76950455E+00  1.47467524E-01
1.08185316E-01  4.95524597E+00  1.47334233E-01
1.08575173E-01  4.96844482E+00  1.46549866E-01
1.08965030E-01  4.73985291E+00  1.46306649E-01
1.09354887E-01  4.77451515E+00  1.46139845E-01
1.09744744E-01  4.74003792E+00  1.45823032E-01
1.10134601E-01  5.02938843E+00  1.45364255E-01
1.10524458E-01  4.76841164E+00  1.45319164E-01
1.10914315E-01  4.71854973E+00  1.45304009E-01
1.11304172E-01  4.70948219E+00  1.44282773E-01
1.11694029E-01  5.05775070E+00  1.44081846E-01
1.12083886E-01  4.73030281E+00  1.43526226E-01
1.12473743E-01  4.70685768E+00  1.43553555E-01
1.12863600E-01  4.74597931E+00  1.43272355E-01
1.13253457E-01  4.70763588E+00  1.43691406E-01
1.13643314E-01  4.51816559E+00  1.44784912E-01
1.14033171E-01  4.67047501E+00  1.45584866E-01
1.14423028E-01  4.79777145E+00  1.45902187E-01
1.14812885E-01  4.85915756E+00  1.46013141E-01
1.15202742E-01  4.66287231E+00  1.45733058E-01
1.15592599E-01  4.61566162E+00  1.46360368E-01
1.15982456E-01  4.62746811E+00  1.46907374E-01
1.16372313E-01  4.78797531E+00  1.46962494E-01
1.16762170E-01  4.37575912E+00  1.46967262E-01
1.17152027E-01  4.48574066E+00  1.46924332E-01
1.17541884E-01  4.59505272E+00  1.46943077E-01
1.17931741E-01  4.53284073E+00  1.46987185E-01
1.18321598E-01  4.74451065E+00  1.46787256E-01
1.18711455E-01  4.54280853E+00  1.47033557E-01
1.19101312E-01  4.59397125E+00  1.47046864E-01
1.19491169E-01  4.43046379E+00  1.47068202E-01
1.19881026E-01  4.78398895E+00  1.46816328E-01
1.20270883E-01  4.85297012E+00  1.46804810E-01
1.20660740E-01  4.55444527E+00  1.44913778E-01
1.21050597E-01  4.44693565E+00  1.43917173E-01
1.21440454E-01  4.28098869E+00  1.43349513E-01
1.21830311E-01  4.52954674E+00  1.42252237E-01
1.22220168E-01  4.58047676E+00  1.41941696E-01
1.22610025E-01  4.78187180E+00  1.41374663E-01
1.22999882E-01  4.69589424E+00  1.41365618E-01
1.23389739E-01  4.72537041E+00  1.40935466E-01
1.23779596E-01  4.57037735E+00  1.40368626E-01
1.24169453E-01  4.31094742E+00  1.39632642E-01
1.24559310E-01  4.51060486E+00  1.38960972E-01
1.24949167E-01  4.66583252E+00  1.38824150E-01
1.25339024E-01  4.55084610E+00  1.38333857E-01
1.25728881E-01  4.25278091E+00  1.38158500E-01
1.26118738E-01  4.48974991E+00  1.38273031E-01
1.26508595E-01  4.48573875E+00  1.37200594E-01
1.26898452E-01  4.43465996E+00  1.37162387E-01
1.27288309E-01  4.40314293E+00  1.36973470E-01
1.27678166E-01  4.49565506E+00  1.36609286E-01
1.28068023E-01  4.62795830E+00  1.36192977E-01
1.28457880E-01  4.51943588E+00  1.36919409E-01
1.28847737E-01  4.58416176E+00  1.37003541E-01
1.29237594E-01  4.47916031E+00  1.37402281E-01
1.29627451E-01  4.48886299E+00  1.37568504E-01
1.30017308E-01  4.46804810E+00  1.37883052E-01
1.30407165E-01  4.42813110E+00  1.37487262E-01
1.30797022E-01  4.34215736E+00  1.37929931E-01
1.31186879E-01  4.46377182E+00  1.38241500E-01
1.31576736E-01  4.62846947E+00  1.39000162E-01
1.31966593E-01  4.47301674E+00  1.41103417E-01
1.32356450E-01  4.22276878E+00  1.41150102E-01
1.32746307E-01  4.50995255E+00  1.42579377E-01
1.33136164E-01  4.70887375E+00  1.42568991E-01
1.33526021E-01  4.41041183E+00  1.42917901E-01
1.33915878E-01  4.37526512E+00  1.44026756E-01
1.34305735E-01  4.46062660E+00  1.44496605E-01
1.34695592E-01  4.38816452E+00  1.44189239E-01
1.35085449E-01  4.40669823E+00  1.42613053E-01
1.35475306E-01  4.32311058E+00  1.40685201E-01
1.35865163E-01  4.24658966E+00  1.39314592E-01
1.36255020E-01  4.36914253E+00  1.38134688E-01
1.36644877E-01  4.35220718E+00  1.37450159E-01
1.37034734E-01  4.30377579E+00  1.36631012E-01
1.37424591E-01  4.26462936E+00  1.36058435E-01
1.37814448E-01  4.44964027E+00  1.35405019E-01
1.38204305E-01  4.09610176E+00  1.34845197E-01
1.38594162E-01  4.00481224E+00  1.34548500E-01
1.38984019E-01  4.34450340E+00  1.34383544E-01
1.39373876E-01  4.22902679E+00  1.34271324E-01
1.39763733E-01  4.23242378E+00  1.33660659E-01
1.40153590E-01  4.23965073E+00  1.33205369E-01
1.40543447E-01  4.20924377E+00  1.32617012E-01
1.40933304E-01  4.00509262E+00  1.32170513E-01
1.41323161E-01  4.30851555E+00  1.31662086E-01
1.41713018E-01  4.25313187E+00  1.31335586E-01
1.42102875E-01  4.35946465E+00  1.30972743E-01
1.42492732E-01  4.21373940E+00  1.31139308E-01
1.42882589E-01  4.07835579E+00  1.30020767E-01
1.43272446E-01  4.03696060E+00  1.29824251E-01
1.43662303E-01  4.34816551E+00  1.29752561E-01
1.44052160E-01  4.08984947E+00  1.29875258E-01
1.44442017E-01  4.00667191E+00  1.29847869E-01
1.44831874E-01  4.35789871E+00  1.29382834E-01
1.45221731E-01  4.32369614E+00  1.28989205E-01
1.45611588E-01  3.89421654E+00  1.28819883E-01
1.46001445E-01  4.26063538E+00  1.28270760E-01
1.46391302E-01  4.04265404E+00  1.28000125E-01
1.46781159E-01  4.15977859E+00  1.27878204E-01
1.47171016E-01  4.20257568E+00  1.27764732E-01
1.47560873E-01  3.91554070E+00  1.27205133E-01
1.47950730E-01  4.02646255E+00  1.27221569E-01
1.48340587E-01  4.06287766E+00  1.27020404E-01
1.48730444E-01  4.03615379E+00  1.26926318E-01
1.49120301E-01  4.09637642E+00  1.26508608E-01
1.49510158E-01  4.27400398E+00  1.26255602E-01
1.49900015E-01  3.92760658E+00  1.25968695E-01
1.50289872E-01  3.99449730E+00  1.25627860E-01
1.50679729E-01  3.96815300E+00  1.25691354E-01
1.51069586E-01  3.95755005E+00  1.25342369E-01
1.51459443E-01  4.13873291E+00  1.25315458E-01
1.51849300E-01  3.89496994E+00  1.24960959E-01
1.52239157E-01  3.65787506E+00  1.24278694E-01
1.52629014E-01  3.85685921E+00  1.24073714E-01
1.53018871E-01  3.77192688E+00  1.24354914E-01
1.53408728E-01  3.72225761E+00  1.23882778E-01
1.53798585E-01  3.73288345E+00  1.23996235E-01
1.54188442E-01  3.91782570E+00  1.23636991E-01
1.54578299E-01  3.81503487E+00  1.23039596E-01
1.54968156E-01  3.67521858E+00  1.23044230E-01
1.55358013E-01  4.08155441E+00  1.22933522E-01
1.55747870E-01  4.11310387E+00  1.22426867E-01
1.56137727E-01  3.77937698E+00  1.22203156E-01
1.56527584E-01  3.82200432E+00  1.21896833E-01
1.56917441E-01  3.64848328E+00  1.22034803E-01
1.57307298E-01  3.87828827E+00  1.21720679E-01
1.57697155E-01  3.81879425E+00  1.21531427E-01
1.58087012E-01  3.84838486E+00  1.21574610E-01
1.58476869E-01  3.72153282E+00  1.21267557E-01
1.58866726E-01  3.85634995E+00  1.21123374E-01
1.59256583E-01  3.78113174E+00  1.20555609E-01
1.59646440E-01  3.88338470E+00  1.20834887E-01
1.60036297E-01  3.91486168E+00  1.20418474E-01
1.60426154E-01  3.68523216E+00  1.20068200E-01
1.60816011E-01  3.75615692E+00  1.20070502E-01
1.61205868E-01  3.79330444E+00  1.20051466E-01
1.61595725E-01  3.78635979E+00  1.19594000E-01
1.61985582E-01  3.84810066E+00  1.19436175E-01
1.62375439E-01  3.73498917E+00  1.19231001E-01
1.62765296E-01  3.65279579E+00  1.19112931E-01
1.63155153E-01  3.93039513E+00  1.18961804E-01
1.63545010E-01  3.44486237E+00  1.18697070E-01
1.63934867E-01  3.59872437E+00  1.18503384E-01
1.64324724E-01  3.68280602E+00  1.18389487E-01
1.64714581E-01  3.69607162E+00  1.18194252E-01
1.65104438E-01  3.61373711E+00  1.17904589E-01
1.65494295E-01  3.68960762E+00  1.17534190E-01
1.65884152E-01  3.82661629E+00  1.17612079E-01
1.66274009E-01  3.72238922E+00  1.17460296E-01
1.66663866E-01  3.79175758E+00  1.17191784E-01
1.67053723E-01  3.83475304E+00  1.17112882E-01
1.67443580E-01  3.58797455E+00  1.16506554E-01
1.67833437E-01  3.51507568E+00  1.16865136E-01
1.68223293E-01  3.47447968E+00  1.16551585E-01
1.68613150E-01  3.48981476E+00  1.16532549E-01
1.69003007E-01  3.54348373E+00  1.16029263E-01
1.69392864E-01  3.63921738E+00  1.16129957E-01
1.69782721E-01  3.67959023E+00  1.16169192E-01
1.70172578E-01  3.54933929E+00  1.15834072E-01
1.70562435E-01  3.69293976E+00  1.15158573E-01
1.70952292E-01  3.79245567E+00  1.15125954E-01
1.71342149E-01  3.62346077E+00  1.15185358E-01
1.71732006E-01  3.29952049E+00  1.15209647E-01
1.72121863E-01  3.51301193E+00  1.14701964E-01
1.72511720E-01  3.46770859E+00  1.14726916E-01
1.72901577E-01  3.44991684E+00  1.14354201E-01
1.73291434E-01  3.51872063E+00  1.14257477E-01
1.73681291E-01  3.50243187E+00  1.14047393E-01
1.74071148E-01  3.23526001E+00  1.13548279E-01
1.74461005E-01  3.50945663E+00  1.13318786E-01
1.74850862E-01  3.61292076E+00  1.13496825E-01
1.75240719E-01  3.54840088E+00  1.13512069E-01
1.75630576E-01  3.51680374E+00  1.13145955E-01
1.76020433E-01  3.35763168E+00  1.12806834E-01
1.76410290E-01  3.32139206E+00  1.12788461E-01
1.76800147E-01  3.38605499E+00  1.12684079E-01
1.77190004E-01  3.20166779E+00  1.12376891E-01
1.77579861E-01  3.39500237E+00  1.12603940E-01
1.77969718E-01  3.45582199E+00  1.12210691E-01
1.78359575E-01  3.46180916E+00  1.12145528E-01
1.78749432E-01  3.43248558E+00  1.11536101E-01
1.79139289E-01  3.34299088E+00  1.11734599E-01
1.79529146E-01  3.34882164E+00  1.11525826E-01
1.79919003E-01  3.39878845E+00  1.11694671E-01
1.80308860E-01  3.24888420E+00  1.11433044E-01
1.80698717E-01  3.28736496E+00  1.10972323E-01
1.81088574E-01  3.35321617E+00  1.11161709E-01
1.81478431E-01  3.38669586E+00  1.10691294E-01
1.81868288E-01  3.22323418E+00  1.10892497E-01
1.82258145E-01  3.17262077E+00  1.10591397E-01
1.82648002E-01  3.30546761E+00  1.10265993E-01
1.83037859E-01  3.16815758E+00  1.10485226E-01
1.83427716E-01  3.22975349E+00  1.10240012E-01
1.83817573E-01  3.16444969E+00  1.09909803E-01
1.84207430E-01  3.09808540E+00  1.09928086E-01
1.84597287E-01  2.96329498E+00  1.09736539E-01
1.84987144E-01  3.24905014E+00  1.09727226E-01
1.85377001E-01  3.13299942E+00  1.09143592E-01
1.85766858E-01  3.17767715E+00  1.09238774E-01
1.86156715E-01  3.18485832E+00  1.09109573E-01
1.86546572E-01  3.19165421E+00  1.08922422E-01
1.86936429E-01  3.18277168E+00  1.08830102E-01
1.87326286E-01  3.03056145E+00  1.08534455E-01
1.87716143E-01  3.19051552E+00  1.08339779E-01
1.88106000E-01  3.05431938E+00  1.08306952E-01
1.88495857E-01  3.04113388E+00  1.08194269E-01
1.88885714E-01  3.37339592E+00  1.07916035E-01
1.89275571E-01  3.41320992E+00  1.07874922E-01
1.89665428E-01  3.27062225E+00  1.07707724E-01
1.90055285E-01  3.16658974E+00  1.07829355E-01
1.90445142E-01  3.05765915E+00  1.07507929E-01
1.90834999E-01  3.14561653E+00  1.07616499E-01
1.91224856E-01  3.05879974E+00  1.07337341E-01
1.91614713E-01  3.21398354E+00  1.07342377E-01
1.92004570E-01  3.21174431E+00  1.07255697E-01
1.92394427E-01  3.08000755E+00  1.07087784E-01
1.92784284E-01  3.31920624E+00  1.06879972E-01
1.93174141E-01  3.25456619E+00  1.06826313E-01
1.93563998E-01  3.05018616E+00  1.06461115E-01
1.93953855E-01  3.28587341E+00  1.06234752E-01
1.94343712E-01  3.13199615E+00  1.06414780E-01
1.94733569E-01  2.99036980E+00  1.06040172E-01
1.95123426E-01  2.99680710E+00  1.05747163E-01
1.95513283E-01  3.18093872E+00  1.05813183E-01
1.95903140E-01  3.06712914E+00  1.05624542E-01
1.96292997E-01  3.15758896E+00  1.06262311E-01
1.96682854E-01  3.10903358E+00  1.06897548E-01
1.97072711E-01  2.85706902E+00  1.07253440E-01
1.97462568E-01  2.94583511E+00  1.07396111E-01
1.97852425E-01  3.04207039E+00  1.07424118E-01
1.98242282E-01  3.11199951E+00  1.07812569E-01
1.98632139E-01  2.92781830E+00  1.08083084E-01
1.99021996E-01  3.05854988E+00  1.07871801E-01
1.99411853E-01  3.13760376E+00  1.08138621E-01
1.99801710E-01  3.10155296E+00  1.08031556E-01
2.00191567E-01  3.10012054E+00  1.08142704E-01
2.00581424E-01  3.08525085E+00  1.08084388E-01
2.00971281E-01  3.07156563E+00  1.08291857E-01
2.01361138E-01  3.19901848E+00  1.08364359E-01
2.01750995E-01  3.05110931E+00  1.08464502E-01
2.02140852E-01  2.93410873E+00  1.08621344E-01
2.02530709E-01  2.74393654E+00  1.08586155E-01
2.02920566E-01  2.86401749E+00  1.08489394E-01
2.03310423E-01  2.90792465E+00  1.07659444E-01
2.03700280E-01  2.81577492E+00  1.06728591E-01
2.04090137E-01  2.97634315E+00  1.06456548E-01
2.04479994E-01  2.82197189E+00  1.05997019E-01
2.04869851E-01  2.86672211E+00  1.05807520E-01
2.05259708E-01  2.87269974E+00  1.05266131E-01
2.05649565E-01  2.84273148E+00  1.05058439E-01
2.06039422E-01  2.88114548E+00  1.05125830E-01
2.06429279E-01  3.07098007E+00  1.04722999E-01
2.06819136E-01  2.87740326E+00  1.04672536E-01
2.07208993E-01  2.83864975E+00  1.04382679E-01
2.07598850E-01  2.78192329E+00  1.04268931E-01
2.07988707E-01  2.84424400E+00  1.04239792E-01
2.08378564E-01  2.80899811E+00  1.03907309E-01
2.08768421E-01  2.69187355E+00  1.03314310E-01
2.09158278E-01  2.67531013E+00  1.03286467E-01
2.09548135E-01  2.81528664E+00  1.03234753E-01
2.09937992E-01  2.77515602E+00  1.02914810E-01
2.10327849E-01  2.74046707E+00  1.02813601E-01
2.10717706E-01  2.61099815E+00  1.02651589E-01
2.11107563E-01  2.68119812E+00  1.02782235E-01
2.11497420E-01  2.82688522E+00  1.03801243E-01
2.11887277E-01  3.09837341E+00  1.03714034E-01
2.12277134E-01  3.00911903E+00  1.03990279E-01
2.12666991E-01  2.87470436E+00  1.04027964E-01
2.13056848E-01  2.82450104E+00  1.04018562E-01
2.13446705E-01  2.84334373E+00  1.04474410E-01
2.13836562E-01  2.89694595E+00  1.04357876E-01
2.14226419E-01  2.74136543E+00  1.04153983E-01
2.14616276E-01  2.76300621E+00  1.04346313E-01
2.15006133E-01  2.84183884E+00  1.04468659E-01
2.15395990E-01  2.79335403E+00  1.04442321E-01
2.15785847E-01  2.56818581E+00  1.04508393E-01
2.16175704E-01  2.60851288E+00  1.04479231E-01
2.16565561E-01  2.91767120E+00  1.04359157E-01
2.16955418E-01  2.76173019E+00  1.04572691E-01
2.17345275E-01  2.58971977E+00  1.04513802E-01
2.17735132E-01  2.54424095E+00  1.04723431E-01
2.18124989E-01  2.65650368E+00  1.04249455E-01
2.18514846E-01  2.63473129E+00  1.03588544E-01
2.18904703E-01  2.69602966E+00  1.03053182E-01
2.19294560E-01  2.78703117E+00  1.02538176E-01
2.19684417E-01  2.58152199E+00  1.02349743E-01
2.20074274E-01  2.57549858E+00  1.01984717E-01
2.20464131E-01  2.53375816E+00  1.02043107E-01
2.20853988E-01  2.55946350E+00  1.01577841E-01
2.21243845E-01  2.58159447E+00  1.01330481E-01
2.21633702E-01  2.58141708E+00  1.01123422E-01
2.22023559E-01  2.59317207E+00  1.00900091E-01
2.22413416E-01  2.62295341E+00  1.00527674E-01
2.22803273E-01  2.73382759E+00  1.00466274E-01
2.23193130E-01  2.78133583E+00  1.00388840E-01
2.23582987E-01  2.65351868E+00  1.00214884E-01
2.23972844E-01  2.67295074E+00  1.00072913E-01
2.24362701E-01  2.76950645E+00  1.00009695E-01
2.24752558E-01  2.60118103E+00  9.98312533E-02
2.25142415E-01  2.39303970E+00  9.96047705E-02
2.25532272E-01  2.40034103E+00  9.94898006E-02
2.25922129E-01  2.70357513E+00  9.93149802E-02
2.26311986E-01  2.64370728E+00  9.92340893E-02
2.26701843E-01  2.57215691E+00  9.92561877E-02
2.27091700E-01  2.44784164E+00  9.91788134E-02
2.27481557E-01  2.36115074E+00  9.88163128E-02
2.27871414E-01  2.25017357E+00  9.84309986E-02
2.28261271E-01  2.41223717E+00  9.87135619E-02
2.28651128E-01  2.32018280E+00  9.83581692E-02
2.29040985E-01  2.42172813E+00  9.82991606E-02
2.29430842E-01  2.52084541E+00  9.82288271E-02
2.29820699E-01  2.49269867E+00  9.77968425E-02
2.30210556E-01  2.58908272E+00  9.79232937E-02
2.30600413E-01  2.46390152E+00  9.75830257E-02
2.30990270E-01  2.40781593E+00  9.75952446E-02
2.31380127E-01  2.36792564E+00  9.74197313E-02
2.31769984E-01  2.23141670E+00  9.72785875E-02
2.32159841E-01  2.45957947E+00  9.71554667E-02
2.32549698E-01  2.50973701E+00  9.71780866E-02
2.32939555E-01  2.45909500E+00  9.69948769E-02
2.33329412E-01  2.40509605E+00  9.65874717E-02
2.33719269E-01  2.43407440E+00  9.67285931E-02
2.34109126E-01  2.29184151E+00  9.68278497E-02
2.34498983E-01  2.45699120E+00  9.64645743E-02
2.34888840E-01  2.41783524E+00  9.62961838E-02
2.35278697E-01  2.60520172E+00  9.62738991E-02
2.35668554E-01  2.60521507E+00  9.60257053E-02
2.36058411E-01  2.48688316E+00  9.60731581E-02
2.36448268E-01  2.35866928E+00  9.55920964E-02
2.36838125E-01  2.33055878E+00  9.56635475E-02
2.37227982E-01  2.36806107E+00  9.54003632E-02
2.37617839E-01  2.31441498E+00  9.53873396E-02
2.38007696E-01  2.35078239E+00  9.51800719E-02
2.38397553E-01  2.47793388E+00  9.51277092E-02
2.38787410E-01  2.48787117E+00  9.49833244E-02
2.39177267E-01  2.31105995E+00  9.49876010E-02
2.39567124E-01  2.28288269E+00  9.46649686E-02
2.39956981E-01  2.32292366E+00  9.48576629E-02
2.40346838E-01  2.23781204E+00  9.46099684E-02
2.40736695E-01  2.31790352E+00  9.45277214E-02
2.41126552E-01  2.14686966E+00  9.43888798E-02
2.41516409E-01  2.44007492E+00  9.43941921E-02
2.41906266E-01  2.40793610E+00  9.41106007E-02
2.42296123E-01  2.30724525E+00  9.41748098E-02
2.42685980E-01  2.43156052E+00  9.42243636E-02
2.43075837E-01  2.25976181E+00  9.38981697E-02
2.43465694E-01  2.24499893E+00  9.36282948E-02
2.43855551E-01  2.15462494E+00  9.36071947E-02
2.44245408E-01  2.15431976E+00  9.37057957E-02
2.44635265E-01  2.05460930E+00  9.33994278E-02
2.45025122E-01  2.22964859E+00  9.33421925E-02
2.45414979E-01  2.24717712E+00  9.31932405E-02
2.45804836E-01  2.23313522E+00  9.30837244E-02
2.46194693E-01  2.32876015E+00  9.30761471E-02
2.46584550E-01  2.21830177E+00  9.30052996E-02
2.46974407E-01  2.16390991E+00  9.30937603E-02
2.47364264E-01  2.17253304E+00  9.27607492E-02
2.47754121E-01  2.25064278E+00  9.26433280E-02
2.48143978E-01  2.16326714E+00  9.27079096E-02
2.48533835E-01  2.30040741E+00  9.23426077E-02
2.48923692E-01  2.18516159E+00  9.24099386E-02
2.49313549E-01  2.19545555E+00  9.23455879E-02
2.49703406E-01  2.18735886E+00  9.22245383E-02
2.50093263E-01  2.19883537E+00  9.21015888E-02
2.50483120E-01  2.15846062E+00  9.19654369E-02
2.50872977E-01  2.05206680E+00  9.19819027E-02
2.51262834E-01  2.13475800E+00  9.16829035E-02
2.51652691E-01  2.12068176E+00  9.18098316E-02
2.52042547E-01  2.06323051E+00  9.24941450E-02
2.52432404E-01  2.10505867E+00  9.25072581E-02
2.52822261E-01  2.11134338E+00  9.26229656E-02
2.53212118E-01  1.94612312E+00  9.31294113E-02
2.53601975E-01  2.11197853E+00  9.30294469E-02
2.53991832E-01  2.12210083E+00  9.33297575E-02
2.54381689E-01  2.11118507E+00  9.30809081E-02
2.54771546E-01  2.01678276E+00  9.33700800E-02
2.55161403E-01  1.98267555E+00  9.32423025E-02
2.55551260E-01  2.30272293E+00  9.34722349E-02
2.55941117E-01  2.11879349E+00  9.37028378E-02
2.56330974E-01  2.09972572E+00  9.33693796E-02
2.56720831E-01  2.00113106E+00  9.33354199E-02
2.57110688E-01  2.03197289E+00  9.30819586E-02
2.57500545E-01  2.09402847E+00  9.32087451E-02
2.57890402E-01  2.03344917E+00  9.33255851E-02
2.58280259E-01  2.05192757E+00  9.33828950E-02
2.58670116E-01  1.91221237E+00  9.33760181E-02
2.59059973E-01  1.90589142E+00  9.31324288E-02
2.59449830E-01  1.88840294E+00  9.31078568E-02
2.59839687E-01  1.84926033E+00  9.33014378E-02
2.60229544E-01  1.94809723E+00  9.32248309E-02
2.60619401E-01  1.93723488E+00  9.32945982E-02
2.61009258E-01  2.07417679E+00  9.32133868E-02
2.61399115E-01  1.89841843E+00  9.31355506E-02
2.61788972E-01  1.90693665E+00  9.34001952E-02
2.62178829E-01  1.89093971E+00  9.32889953E-02
2.62568686E-01  1.94640350E+00  9.33045596E-02
2.62958543E-01  1.98492432E+00  9.31608900E-02
2.63348400E-01  1.87381172E+00  9.33699086E-02
2.63738257E-01  1.94415474E+00  9.31219459E-02
2.64128114E-01  1.93462563E+00  9.33505073E-02
2.64517971E-01  1.91829491E+00  9.33765545E-02
2.64907828E-01  1.80681610E+00  9.32986438E-02
2.65297685E-01  1.78810120E+00  9.31877047E-02
2.65687542E-01  1.78628349E+00  9.32108387E-02
2.66077399E-01  1.91683006E+00  9.31670591E-02
2.66467256E-01  1.95895195E+00  9.31076109E-02
2.66857113E-01  1.75549316E+00  9.32396799E-02
2.67246970E-01  1.73590469E+00  9.31941569E-02
2.67636827E-01  1.57971191E+00  9.30977017E-02
2.68026684E-01  1.89584160E+00  9.29708406E-02
2.68416541E-01  1.77673721E+00  9.30127725E-02
2.68806398E-01  1.84250832E+00  9.32141095E-02
2.69196255E-01  1.80027962E+00  9.29552466E-02
2.69586112E-01  1.69728088E+00  9.29838791E-02
2.69975969E-01  1.73580742E+00  9.29763392E-02
2.70365826E-01  1.82628441E+00  9.30765942E-02
2.70755683E-01  1.76902199E+00  9.29998010E-02
2.71145540E-01  1.75511742E+00  9.27227661E-02
2.71535397E-01  1.64687157E+00  9.29522514E-02
2.71925254E-01  1.63294601E+00  9.30332989E-02
2.72315111E-01  1.73850060E+00  9.28696766E-02
2.72704968E-01  1.88177109E+00  9.29177999E-02
2.73094825E-01  1.79085541E+00  9.28864107E-02
2.73484682E-01  1.73494530E+00  9.25898626E-02
2.73874539E-01  1.78212357E+00  9.30318013E-02
2.74264396E-01  1.75460052E+00  9.28611606E-02
2.74654253E-01  1.69843102E+00  9.27406177E-02
2.75044110E-01  1.70991135E+00  9.27791297E-02
2.75433967E-01  1.64205551E+00  9.25041437E-02
2.75823824E-01  1.70111847E+00  9.26943421E-02
2.76213681E-01  1.63712883E+00  9.26858783E-02
2.76603538E-01  1.57637787E+00  9.25265625E-02
2.76993395E-01  1.73807144E+00  9.24517140E-02
2.77383252E-01  1.54990196E+00  9.25447792E-02
2.77773109E-01  1.54162025E+00  9.23440009E-02
2.78162966E-01  1.58731461E+00  9.23927054E-02
2.78552823E-01  1.61944199E+00  9.20821801E-02
2.78942680E-01  1.53344727E+00  9.28830802E-02
2.79332537E-01  1.61530495E+00  9.32086632E-02
2.79722394E-01  1.65146828E+00  9.37092081E-02
2.80112251E-01  1.76439476E+00  9.40301716E-02
2.80502108E-01  1.71775627E+00  9.43193659E-02
2.80891965E-01  1.46999359E+00  9.43695605E-02
2.81281822E-01  1.73391533E+00  9.45242122E-02
2.81671679E-01  1.72286224E+00  9.49274898E-02
2.82061536E-01  1.64238548E+00  9.50427800E-02
2.82451393E-01  1.48651314E+00  9.51621085E-02
2.82841250E-01  1.41976929E+00  9.52266082E-02
2.83231107E-01  1.68416595E+00  9.52562541E-02
2.83620964E-01  1.55476379E+00  9.52608883E-02
2.84010821E-01  1.60056496E+00  9.56297517E-02
2.84400678E-01  1.53331757E+00  9.56387073E-02
2.84790535E-01  1.53047562E+00  9.58989635E-02
2.85180392E-01  1.54008102E+00  9.55587029E-02
2.85570249E-01  1.53183746E+00  9.58454162E-02
2.85960106E-01  1.63576317E+00  9.53948572E-02
2.86349963E-01  1.52256012E+00  9.45936963E-02
2.86739820E-01  1.56635094E+00  9.44659486E-02
2.87129677E-01  1.38478851E+00  9.40362439E-02
2.87519534E-01  1.40401840E+00  9.38997492E-02
2.87909391E-01  1.48228264E+00  9.39562917E-02
2.88299248E-01  1.41511726E+00  9.37146544E-02
2.88689105E-01  1.52079773E+00  9.33707133E-02
2.89078962E-01  1.46196175E+00  9.31320712E-02
2.89468819E-01  1.37857437E+00  9.30821747E-02
2.89858676E-01  1.34021950E+00  9.30979103E-02
2.90248533E-01  1.42799759E+00  9.30821151E-02
2.90638390E-01  1.30807686E+00  9.30750519E-02
2.91028247E-01  1.41888237E+00  9.28660408E-02
2.91418104E-01  1.55819702E+00  9.28557366E-02
2.91807961E-01  1.54677963E+00  9.28308815E-02
2.92197818E-01  1.45046043E+00  9.26863477E-02
2.92587675E-01  1.43550301E+00  9.25326571E-02
2.92977532E-01  1.48552513E+00  9.26083624E-02
2.93367389E-01  1.32118607E+00  9.25708860E-02
2.93757246E-01  1.29594231E+00  9.28015187E-02
2.94147103E-01  1.32238197E+00  9.33702365E-02
2.94536960E-01  1.45515442E+00  9.38783810E-02
2.94926817E-01  1.38281631E+00  9.37960148E-02
2.95316674E-01  1.30427170E+00  9.42405611E-02
2.95706531E-01  1.29165459E+00  9.43319649E-02
2.96096388E-01  1.34197235E+00  9.45375189E-02
2.96486245E-01  1.38614655E+00  9.46111977E-02
2.96876102E-01  1.21973610E+00  9.48165581E-02
2.97265959E-01  1.30502701E+00  9.48912203E-02
2.97655816E-01  1.24197197E+00  9.49812233E-02
2.98045673E-01  1.37341309E+00  9.50240716E-02
2.98435530E-01  1.36235237E+00  9.51611325E-02
2.98825387E-01  1.37689972E+00  9.53001678E-02
2.99215244E-01  1.45464897E+00  9.53274295E-02
2.99605101E-01  1.34939003E+00  9.52337012E-02
2.99994958E-01  1.47534561E+00  9.54576358E-02
3.00384815E-01  1.51290703E+00  9.58387703E-02
3.00774672E-01  1.45595932E+00  9.58493277E-02
3.01164529E-01  1.46887589E+00  9.56839323E-02
3.01554386E-01  1.26577759E+00  9.58935469E-02
3.01944243E-01  1.30521965E+00  9.58732218E-02
3.02334100E-01  1.21521759E+00  9.57939029E-02
3.02723957E-01  1.37241364E+00  9.58336219E-02
3.03113814E-01  1.50913620E+00  9.59047675E-02
3.03503671E-01  1.39268684E+00  9.58617404E-02
3.03893528E-01  1.31107140E+00  9.60448310E-02
3.04283385E-01  1.35256767E+00  9.59806666E-02
3.04673242E-01  1.32922554E+00  9.60667655E-02
3.05063099E-01  1.27045250E+00  9.63004455E-02
3.05452956E-01  1.28672981E+00  9.63927358E-02
3.05842813E-01  1.19927979E+00  9.65257138E-02
3.06232670E-01  1.28128624E+00  9.65982601E-02
3.06622527E-01  1.41592026E+00  9.66109335E-02
3.07012384E-01  1.25475121E+00  9.65296552E-02
3.07402241E-01  1.13064957E+00  9.65434313E-02
3.07792098E-01  1.29363823E+00  9.67043638E-02
3.08181955E-01  1.43141365E+00  9.68806967E-02
3.08571812E-01  1.11261177E+00  9.69022140E-02
3.08961669E-01  1.13906288E+00  9.67268944E-02
3.09351526E-01  1.27095032E+00  9.66419205E-02
3.09741383E-01  1.06523895E+00  9.69910026E-02
3.10131240E-01  1.16869926E+00  9.70424339E-02
3.10521097E-01  1.22629929E+00  9.69599783E-02
3.10910954E-01  1.17621803E+00  9.66639370E-02
3.11300811E-01  1.17844963E+00  9.69881266E-02
3.11690668E-01  1.22680664E+00  9.70811769E-02
3.12080525E-01  1.24338531E+00  9.71121490E-02
3.12470382E-01  1.36991119E+00  9.71497297E-02
3.12860239E-01  1.22938728E+00  9.71312895E-02
3.13250096E-01  1.19853210E+00  9.73242074E-02
3.13639953E-01  1.24980736E+00  9.71725658E-02
3.14029810E-01  1.08682251E+00  9.72077549E-02
3.14419667E-01  1.13451385E+00  9.74726155E-02
3.14809524E-01  1.11772919E+00  9.73195434E-02
3.15199381E-01  1.16019058E+00  9.75127965E-02
3.15589238E-01  1.21783066E+00  9.74225178E-02
3.15979095E-01  1.40597916E+00  9.74678546E-02
3.16368952E-01  1.14308739E+00  9.76995677E-02
3.16758809E-01  1.05864906E+00  9.77148041E-02
3.17148666E-01  1.18454170E+00  9.75756049E-02
3.17538523E-01  1.03906059E+00  9.77902412E-02
3.17928380E-01  1.04684639E+00  9.77935642E-02
3.18318237E-01  1.14307976E+00  9.80077684E-02
3.18708094E-01  1.22763062E+00  9.79183689E-02
3.19097951E-01  1.18634415E+00  9.80228186E-02
3.19487808E-01  1.05957222E+00  9.78400633E-02
3.19877665E-01  1.15548897E+00  9.79393497E-02
3.20267522E-01  1.23390388E+00  9.78207886E-02
3.20657379E-01  9.53027725E-01  9.77802947E-02
3.21047236E-01  8.86686325E-01  9.77172256E-02
3.21437093E-01  1.16972542E+00  9.79283229E-02
3.21826950E-01  1.23123169E+00  9.80690792E-02
3.22216807E-01  1.21497345E+00  9.76904258E-02
3.22606664E-01  1.22137833E+00  9.77109447E-02
3.22996521E-01  1.12696648E+00  9.79588479E-02
3.23386378E-01  9.56518173E-01  9.79822129E-02
3.23776235E-01  1.01432228E+00  9.79321375E-02
3.24166092E-01  1.17507362E+00  9.79934856E-02
3.24555949E-01  9.92994308E-01  9.88372192E-02
3.24945806E-01  1.12865829E+00  9.94881392E-02
3.25335663E-01  1.00879860E+00  1.00128442E-01
3.25725520E-01  1.07479095E+00  1.00565828E-01
3.26115377E-01  1.00637436E+00  1.00586973E-01
3.26505234E-01  1.04169655E+00  1.00910991E-01
3.26895091E-01  1.08106422E+00  1.01077326E-01
3.27284948E-01  1.05931091E+00  1.01582237E-01
3.27674805E-01  1.04545593E+00  1.01768054E-01
3.28064662E-01  1.05347824E+00  1.01679303E-01
3.28454519E-01  1.15088654E+00  1.02097750E-01
3.28844376E-01  1.24490738E+00  1.02319144E-01
3.29234233E-01  1.05904961E+00  1.02500401E-01
3.29624090E-01  1.11715508E+00  1.02996737E-01
3.30013947E-01  1.15732765E+00  1.03044093E-01
3.30403804E-01  1.13095856E+00  1.03009284E-01
3.30793661E-01  9.04148102E-01  1.03475377E-01
3.31183518E-01  8.30690384E-01  1.03462316E-01
3.31573375E-01  8.76712799E-01  1.03798628E-01
3.31963232E-01  8.84178162E-01  1.03956804E-01
3.32353089E-01  9.43679810E-01  1.04015641E-01
3.32742946E-01  1.07473946E+00  1.04631424E-01
3.33132803E-01  1.15680885E+00  1.04742594E-01
3.33522660E-01  1.02048111E+00  1.04422718E-01
3.33912517E-01  9.67226028E-01  1.05064869E-01
3.34302374E-01  9.49607849E-01  1.05023786E-01
3.34692231E-01  9.10789490E-01  1.05223238E-01
3.35082088E-01  1.20851707E+00  1.05277985E-01
3.35471945E-01  1.00822639E+00  1.05720058E-01
3.35861802E-01  8.94367218E-01  1.06072970E-01
3.36251658E-01  9.22260284E-01  1.06070697E-01
3.36641515E-01  8.65591049E-01  1.06264912E-01
3.37031372E-01  8.79058838E-01  1.06319785E-01
3.37421229E-01  8.59201431E-01  1.06688991E-01
3.37811086E-01  8.97884369E-01  1.06907926E-01
3.38200943E-01  7.13085175E-01  1.06884919E-01
3.38590800E-01  6.95404053E-01  1.07335694E-01
3.38980657E-01  6.71899796E-01  1.07219622E-01
3.39370514E-01  8.21828842E-01  1.07290611E-01
3.39760371E-01  8.63229752E-01  1.07637711E-01
3.40150228E-01  7.94431686E-01  1.07969664E-01
3.40540085E-01  7.06115723E-01  1.08178154E-01
3.40929942E-01  7.99709320E-01  1.08279176E-01
3.41319799E-01  8.31901550E-01  1.08358167E-01
3.41709656E-01  9.18010712E-01  1.08508490E-01
3.42099513E-01  1.14615822E+00  1.08703732E-01
3.42489370E-01  9.02402878E-01  1.08912304E-01
3.42879227E-01  9.08330917E-01  1.09199226E-01
3.43269084E-01  1.04856300E+00  1.09419987E-01
3.43658941E-01  1.03924370E+00  1.09669164E-01
3.44048798E-01  9.89404678E-01  1.09653585E-01
3.44438655E-01  8.37648392E-01  1.09739035E-01
3.44828512E-01  7.30239868E-01  1.09516740E-01
3.45218369E-01  9.08014297E-01  1.09674960E-01
3.45608226E-01  8.11908722E-01  1.10074311E-01
3.45998083E-01  7.25543976E-01  1.10113464E-01
3.46387940E-01  8.11042786E-01  1.09874681E-01
3.46777797E-01  8.68963242E-01  1.10029958E-01
3.47167654E-01  8.48411560E-01  1.10618420E-01
3.47557511E-01  9.68620300E-01  1.10597372E-01
3.47947368E-01  8.89644623E-01  1.10685617E-01
3.48337225E-01  1.07182693E+00  1.10989012E-01
3.48727082E-01  8.95339966E-01  1.11252062E-01
3.49116939E-01  9.04867172E-01  1.11204289E-01
3.49506796E-01  8.00140381E-01  1.11389965E-01
3.49896653E-01  6.22718811E-01  1.11651652E-01
3.50286510E-01  7.26673126E-01  1.11381792E-01
3.50676367E-01  7.58493423E-01  1.11639254E-01
3.51066224E-01  7.03859329E-01  1.11678943E-01
3.51456081E-01  8.62985611E-01  1.11921944E-01
3.51845938E-01  7.90767670E-01  1.11973375E-01
3.52235795E-01  9.06709671E-01  1.12175487E-01
3.52625652E-01  8.04920197E-01  1.12233393E-01
3.53015509E-01  7.50673294E-01  1.12402201E-01
3.53405366E-01  8.12362671E-01  1.12656109E-01
3.53795223E-01  5.04405975E-01  1.12774007E-01
3.54185080E-01  6.59976959E-01  1.12901956E-01
3.54574937E-01  7.61236191E-01  1.13247611E-01
3.54964794E-01  8.11616898E-01  1.13216132E-01
3.55354651E-01  6.65878296E-01  1.13263786E-01
3.55744508E-01  5.41810989E-01  1.13796353E-01
3.56134365E-01  7.42240906E-01  1.13616504E-01
3.56524222E-01  6.38368607E-01  1.14142478E-01
3.56914079E-01  5.73270798E-01  1.13986135E-01
3.57303936E-01  5.72877884E-01  1.14278145E-01
3.57693793E-01  7.55950928E-01  1.14164263E-01
3.58083650E-01  8.85160446E-01  1.14286207E-01
3.58473507E-01  8.91633987E-01  1.14727639E-01
3.58863364E-01  7.67799377E-01  1.15012988E-01
3.59253221E-01  7.19085693E-01  1.14751272E-01
3.59643078E-01  6.90355301E-01  1.15087524E-01
3.60032935E-01  6.01181030E-01  1.15458786E-01
3.60422792E-01  6.72212601E-01  1.15401961E-01
3.60812649E-01  7.37375259E-01  1.15522228E-01
3.61202506E-01  7.61669159E-01  1.15317956E-01
3.61592363E-01  7.42595673E-01  1.15778543E-01
3.61982220E-01  6.95190430E-01  1.17274195E-01
3.62372077E-01  5.65429688E-01  1.19055822E-01
3.62761934E-01  5.72156906E-01  1.20001167E-01
3.63151791E-01  6.98432922E-01  1.21036448E-01
3.63541648E-01  7.86560059E-01  1.21790141E-01
3.63931505E-01  6.97109222E-01  1.22676149E-01
3.64321362E-01  6.57884598E-01  1.23483196E-01
3.64711219E-01  6.75117493E-01  1.24597795E-01
3.65101076E-01  6.16436005E-01  1.24812864E-01
3.65490933E-01  3.52273941E-01  1.25179842E-01
3.65880790E-01  4.01134491E-01  1.26608402E-01
3.66270647E-01  5.90280533E-01  1.27258033E-01
3.66660504E-01  6.00599289E-01  1.27602726E-01
3.67050361E-01  5.69311142E-01  1.28121763E-01
3.67440218E-01  9.74145889E-01  1.28183186E-01
3.67830075E-01  6.15915298E-01  1.29189014E-01
3.68219932E-01  4.87813950E-01  1.29851833E-01
3.68609789E-01  7.08662033E-01  1.30207583E-01
3.68999646E-01  5.29514313E-01  1.31277919E-01
3.69389503E-01  4.39203262E-01  1.31572932E-01
3.69779360E-01  6.85230255E-01  1.32169664E-01
3.70169217E-01  4.73175049E-01  1.32347137E-01
3.70559074E-01  6.57243729E-01  1.33383438E-01
3.70948931E-01  3.68515015E-01  1.33457348E-01
3.71338788E-01  4.39367294E-01  1.34353861E-01
3.71728645E-01  5.40630341E-01  1.35260910E-01
3.72118502E-01  4.89480972E-01  1.35866612E-01
3.72508359E-01  3.02362442E-01  1.36491850E-01
3.72898216E-01  4.12408829E-01  1.36606663E-01
3.73288073E-01  5.63098907E-01  1.37729555E-01
3.73677930E-01  6.30882263E-01  1.37739405E-01
3.74067787E-01  4.34406281E-01  1.38805434E-01
3.74457644E-01  5.55255890E-01  1.39854342E-01
3.74847501E-01  4.13513184E-01  1.40034825E-01
3.75237358E-01  2.54383087E-01  1.40902549E-01
3.75627215E-01  3.95383835E-01  1.41174689E-01
3.76017072E-01  4.82816696E-01  1.41507983E-01
3.76406929E-01  4.28277969E-01  1.42176524E-01
3.76796786E-01  3.81574631E-01  1.42578870E-01
3.77186643E-01  3.89513016E-01  1.43211305E-01
3.77576500E-01  2.53787994E-01  1.43731073E-01
3.77966357E-01  3.54326248E-01  1.44487470E-01
3.78356214E-01  5.06368637E-01  1.45138383E-01
3.78746071E-01  1.75374985E-01  1.45123094E-01
3.79135928E-01  3.14371109E-01  1.45834684E-01
3.79525785E-01  2.49219894E-01  1.46234870E-01
3.79915642E-01  4.26954269E-01  1.46968484E-01
3.80305499E-01  2.38016129E-01  1.47374928E-01
3.80695356E-01  2.96216965E-01  1.47935614E-01
3.81085213E-01  5.09992599E-01  1.48490354E-01
3.81475070E-01  6.02464676E-01  1.48895845E-01
3.81864927E-01  3.64557266E-01  1.49617791E-01
3.82254784E-01  2.13451385E-01  1.49973556E-01
3.82644641E-01  3.31922531E-01  1.49786547E-01
3.83034498E-01  1.38223648E-01  1.51429772E-01
3.83424355E-01  3.78309250E-01  1.51591554E-01
3.83814212E-01  4.44871902E-01  1.53061897E-01
3.84204069E-01  4.17781830E-01  1.53379351E-01
3.84593926E-01  4.28213120E-01  1.54206097E-01
3.84983783E-01  -1.87873840E-02  1.54425025E-01
3.85373640E-01  -2.09045410E-02  1.55352846E-01
3.85763497E-01  2.49513626E-01  1.55477181E-01
3.86153354E-01  3.12713623E-01  1.56635612E-01
3.86543211E-01  1.01516724E-01  1.56786427E-01
3.86933068E-01  2.98385620E-01  1.57352716E-01
3.87322925E-01  4.26866531E-01  1.57822162E-01
3.87712782E-01  4.32523727E-01  1.58955723E-01
3.88102639E-01  5.30960083E-01  1.59084409E-01
3.88492496E-01  1.66263580E-01  1.59439683E-01
3.88882353E-01  2.35641479E-01  1.59768224E-01
3.89272210E-01  2.80332565E-01  1.60376996E-01
3.89662067E-01  3.61557007E-02  1.60686061E-01
3.90051924E-01  1.86737061E-01  1.61056578E-01
3.90441781E-01  4.41928864E-01  1.62005499E-01
3.90831638E-01  2.48579025E-01  1.62872568E-01
3.91221495E-01  4.07983780E-01  1.63123995E-01
3.91611352E-01  3.17190170E-01  1.63436145E-01
3.92001209E-01  2.25376129E-01  1.63959935E-01
3.92391066E-01  4.32720184E-01  1.65229782E-01
3.92780923E-01  2.98446655E-01  1.66227132E-01
3.93170780E-01  2.28328705E-01  1.65819153E-01
3.93560637E-01  5.40866852E-01  1.66708991E-01
3.93950494E-01  2.21420288E-01  1.67012751E-01
3.94340351E-01  6.91604614E-03  1.67961851E-01
3.94730208E-01  -3.33404541E-02  1.68227062E-01
3.95120065E-01  9.76428986E-02  1.69358402E-01
3.95509922E-01  2.45435715E-01  1.70091927E-01
3.95899779E-01  2.88320541E-01  1.71764061E-01
3.96289636E-01  -1.25865936E-01  1.72168359E-01
3.96679493E-01  1.95571899E-01  1.71975955E-01
3.97069350E-01  6.07433319E-02  1.73851624E-01
3.97459207E-01  8.66565704E-02  1.74128711E-01
3.97849064E-01  4.25853729E-01  1.74466237E-01
3.98238921E-01  1.01936340E-01  1.75208718E-01
3.98628778E-01  2.50532150E-01  1.75279558E-01
3.99018635E-01  6.57567978E-01  1.76579788E-01
3.99408492E-01  1.21204376E-01  1.77918181E-01
3.99798349E-01  2.05400467E-01  1.78267196E-01
4.00188206E-01  2.12875366E-01  1.78892359E-01
4.00578063E-01  8.70647430E-02  1.80119216E-01
4.00967920E-01  -9.58251953E-02  1.80763915E-01
4.01357777E-01  1.24509811E-01  1.81090191E-01
4.01747634E-01  1.75971985E-01  1.82130799E-01
4.02137491E-01  3.30118179E-01  1.82772905E-01
4.02527348E-01  4.45772171E-01  1.83716610E-01
4.02917205E-01  2.91290283E-01  1.84460595E-01
4.03307062E-01  1.57236099E-01  1.85774893E-01
4.03696919E-01  5.00486374E-01  1.86646551E-01
4.04086776E-01  -1.02426529E-01  1.87232181E-01
4.04476633E-01  -5.13744354E-02  1.88342273E-01
4.04866490E-01  1.83528900E-01  1.88805684E-01
4.05256347E-01  3.35571289E-01  1.89976707E-01
4.05646204E-01  2.01158524E-01  1.91140756E-01
4.06036061E-01  3.04002762E-01  1.91049010E-01
4.06425918E-01  4.61030960E-01  1.92859411E-01
4.06815775E-01  -3.56870651E-01  1.93002269E-01
4.07205632E-01  -3.08801651E-01  1.94123641E-01
4.07595489E-01  -3.21166992E-01  1.95122525E-01
4.07985346E-01  7.09342957E-03  1.96399570E-01
4.08375203E-01  -1.09634399E-01  1.97236419E-01
4.08765060E-01  2.90481567E-01  1.98641255E-01
4.09154917E-01  3.75738144E-01  1.99336872E-01
4.09544774E-01  1.79237366E-01  1.99825749E-01
4.09934631E-01  1.55555725E-01  2.01012850E-01
4.10324488E-01  -2.71774292E-01  2.03164652E-01
4.10714345E-01  3.98960114E-02  2.03326732E-01
4.11104202E-01  -1.31912231E-02  2.05126822E-01
4.11494059E-01  1.67020798E-01  2.05230311E-01
4.11883916E-01  -7.62329102E-02  2.06662282E-01
4.12273773E-01  -1.99489594E-01  2.07180426E-01
4.12663630E-01  -3.41058731E-01  2.08343819E-01
4.13053487E-01  -1.21751785E-01  2.09650472E-01
4.13443344E-01  -8.21037292E-02  2.10749492E-01
4.13833201E-01  -4.41169739E-01  2.12318495E-01
4.14223058E-01  -5.92424393E-01  2.12961227E-01
4.14612915E-01  -2.19388962E-01  2.14599222E-01
4.15002772E-01  -1.61794662E-01  2.16196567E-01
4.15392629E-01  -2.72523880E-01  2.17720836E-01
4.15782486E-01  1.59412384E-01  2.18896836E-01
4.16172343E-01  -1.20384216E-01  2.18679264E-01
4.16562200E-01  1.63343430E-01  2.20546752E-01
4.16952057E-01  1.97353363E-01  2.22868934E-01
4.17341914E-01  1.58920288E-02  2.24122569E-01
4.17731771E-01  -1.78159714E-01  2.25229412E-01
4.18121628E-01  -1.70553207E-01  2.25625306E-01
4.18511485E-01  -1.75748825E-01  2.27596924E-01
4.18901342E-01  -2.50547409E-01  2.28424475E-01
4.19291199E-01  -1.30382538E-01  2.29651034E-01
4.19681056E-01  -4.05542374E-01  2.31974542E-01
4.20070912E-01  -3.59262466E-01  2.33451545E-01
4.20460769E-01  -3.67708206E-01  2.34556690E-01
4.20850626E-01  4.32300568E-02  2.37249836E-01
4.21240483E-01  -5.51692963E-01  2.37356946E-01
4.21630340E-01  -8.28203201E-01  2.39643693E-01
4.22020197E-01  -4.19673920E-01  2.40526319E-01
4.22410054E-01  -3.83285522E-01  2.42575452E-01
4.22799911E-01  -2.76699066E-02  2.44781330E-01
4.23189768E-01  -1.55982971E-01  2.46266633E-01
4.23579625E-01  -4.65145111E-01  2.46322542E-01
4.23969482E-01  -1.75094604E-01  2.49250904E-01
4.24359339E-01  -4.99439240E-02  2.50557959E-01
4.24749196E-01  5.34934998E-02  2.52290487E-01
4.25139053E-01  -7.39812851E-01  2.55070627E-01
4.25528910E-01  -3.52697372E-01  2.56508976E-01
4.25918767E-01  -2.03844070E-01  2.58430481E-01
4.26308624E-01  -2.94128418E-01  2.60659575E-01
4.26698481E-01  1.47201538E-01  2.62187093E-01
4.27088338E-01  -4.25634384E-01  2.63328642E-01
4.27478195E-01  -4.81597900E-01  2.64737874E-01
4.27868052E-01  -1.45759583E-01  2.68655717E-01
4.28257909E-01  5.83553314E-02  2.70137668E-01
4.28647766E-01  2.83765793E-01  2.71038681E-01
4.29037623E-01  1.20294571E-01  2.72449017E-01
4.29427480E-01  -3.23997498E-01  2.73292691E-01
4.29817337E-01  -7.52058029E-01  2.75321126E-01
4.30207194E-01  -5.14396667E-01  2.77498573E-01
4.30597051E-01  -4.91603851E-01  2.78466731E-01
4.30986908E-01  -7.88824081E-01  2.79969096E-01
4.31376765E-01  -7.09342957E-01  2.81000137E-01
4.31766622E-01  -5.60453415E-01  2.85349041E-01
4.32156479E-01  -7.05303192E-01  2.86564410E-01
4.32546336E-01  -8.10808182E-01  2.89174765E-01
4.32936193E-01  -1.50444031E-01  2.92147428E-01
4.33326050E-01  2.09907532E-01  2.95248836E-01
4.33715907E-01  1.21992111E-01  2.99487412E-01
4.34105764E-01  -4.77451324E-01  3.02741081E-01
4.34495621E-01  -5.29392242E-01  3.03948551E-01
4.34885478E-01  -9.86289978E-02  3.08182001E-01
4.35275335E-01  -5.75771332E-02  3.08487326E-01
4.35665192E-01  -4.82402802E-01  3.13099116E-01
4.36055049E-01  -4.25277710E-01  3.14567178E-01
4.36444906E-01  -2.15148926E-02  3.18536878E-01
4.36834763E-01  -4.65553284E-01  3.20300907E-01
4.37224620E-01  -8.37507248E-01  3.27774435E-01
4.37614477E-01  1.62637711E-01  3.30479950E-01
4.38004334E-01  3.44047546E-01  3.31133127E-01
4.38394191E-01  -1.18784714E+00  3.32237691E-01
4.38784048E-01  -6.22430801E-01  3.36246789E-01
4.39173905E-01  1.18484497E-01  3.39867741E-01
4.39563762E-01  -7.78732300E-02  3.41764748E-01
4.39953619E-01  5.47153473E-01  3.46448302E-01
4.40343476E-01  4.22677994E-01  3.49070430E-01
4.40733333E-01  1.34384155E-01  3.53972882E-01
4.41123190E-01  1.90320969E-01  3.55559587E-01
4.41513047E-01  -3.73783112E-02  3.56307656E-01
4.41902904E-01  3.25614929E-01  3.57065082E-01
4.42292761E-01  1.24359131E-03  3.58018756E-01
4.42682618E-01  -8.00342560E-01  3.59117836E-01
4.43072475E-01  -5.64445496E-01  3.63947511E-01
4.43462332E-01  -6.24139786E-01  3.62549394E-01
4.43852189E-01  -1.14425659E-01  3.66564482E-01
4.44242046E-01  -3.88057709E-01  3.68213773E-01
4.44631903E-01  2.39353180E-02  3.71839613E-01
4.45021760E-01  4.05700684E-01  3.72199416E-01
4.45411617E-01  -7.41376877E-01  3.76028121E-01
4.45801474E-01  -9.05294418E-01  3.79736125E-01
4.46191331E-01  -5.74535370E-01  3.79871517E-01
4.46581188E-01  -6.66587830E-01  3.82776022E-01
4.46971045E-01  -2.43549347E-02  3.80502790E-01
4.47360902E-01  -8.66514206E-01  3.86016428E-01
4.47750759E-01  -9.28447723E-01  3.86658251E-01
4.48140616E-01  -9.16707993E-01  3.86916906E-01
4.48530473E-01  -6.88888550E-01  3.92981201E-01
4.48920330E-01  -6.14038467E-01  3.91571730E-01
4.49310187E-01  -1.65687561E-01  3.95197481E-01
4.49700044E-01  -2.50885010E-01  3.99353683E-01
4.50089901E-01  -3.64086151E-01  4.03154016E-01
4.50479758E-01  -6.74999237E-01  4.06484067E-01
4.50869615E-01  -4.58511353E-01  4.08060253E-01
4.51259472E-01  1.58988953E-01  4.04975921E-01
4.51649329E-01  -1.11568451E-01  4.08504456E-01
4.52039186E-01  -2.81904221E-01  4.13419247E-01
4.52429043E-01  -2.43476868E-01  4.18341756E-01
4.52818900E-01  -1.07793617E+00  4.15199667E-01
4.53208757E-01  -5.65624237E-01  4.17687893E-01
4.53598614E-01  -5.93647003E-01  4.20291573E-01
4.53988471E-01  -3.37907791E-01  4.28124756E-01
4.54378328E-01  2.76763916E-01  4.28392082E-01


### HEADER:
#
#{
#    "analysis": {},
#    "calibration_params": {
#        "Beam_Center_X": 644.3978066834728,
#        "Beam_Center_Y": 752.0474301231778,
#        "Detector Tilt": 0.08709704591626237,
#        "Detector Tilt Plane Rotation": 95.0001420643864,
#        "Detector_X_Pixel_Size": 172.0,
#        "Detector_Y_Pixel_Size": 172.0,
#        "Integration Method": "full_csr",
#        "Radial_Average_Method": "pyFAI",
#        "Sample-to-detector distance (mm)": 2676.5799098693146,
#        "Wavelength (A)": 1.0332016536100022
#    },
#    "config_file": "D:\\Desktop\\20241114.cfg",
#    "filename": "S_LK-8_00003.dat",
#    "history": {
#        "subtraction": {
#            "initial_file": [
#                "LK-8_00003.tif"
#            ],
#            "subtracted_file": [
#                "LK-0_00001.tif"
#            ]
#        }
#    },
#    "imageHeader": {
#        "Count_cutoff": "1409688 counts",
#        "Excluded_pixels": "badpix_mask.tif",
#        "Exposure_period": "1.0000000 s",
#        "Exposure_time": "1.0000000 s",
#        "Flat_field": "FF_p24-0163_E8048_T4024_vrf_m0p100.tif",
#        "Gain_setting": "autog (vrf = 1.000)",
#        "Image_path": "/public/Data/2024/202411/20241115/sunrui/",
#        "N_excluded_pixels": "61",
#        "Pixel_size": "172e-6 m x 172e-6 m",
#        "Ratecorr_lut_directory": "ContinuousStandard_v1.1",
#        "Retrigger_mode": "1",
#        "Silicon": "sensor, thickness 0.000450",
#        "Start_angle": "0.0000 deg.",
#        "Tau": "0 s",
#        "Threshold_setting": "4024 eV",
#        "Trim_file": "p24-0163_E8048_T4024.bin"
#    },
#    "normalizations": {
#        "Polarization": {
#            "Used": false
#        },
#        "Solid_Angle_Correction": "On"
#    },
#    "raw_version": "2.2.2",
#    "unit": ""
#}

