### DATA:
#
# 1150
#      Q             I(Q)           Error     
6.43264042E-03  9.72781055E+03  1.31472158E+01
6.82249742E-03  8.68445312E+03  1.07140036E+01
7.21235441E-03  7.72112451E+03  9.19489193E+00
7.60221141E-03  6.92626904E+03  8.01328564E+00
7.99206840E-03  6.23998926E+03  7.25250578E+00
8.38192540E-03  5.63956982E+03  6.65516138E+00
8.77178240E-03  5.10654053E+03  6.12609434E+00
9.16163939E-03  4.64739404E+03  5.67170811E+00
9.55149639E-03  4.24580713E+03  5.26123333E+00
9.94135338E-03  3.89587256E+03  4.87512112E+00
1.03312104E-02  3.58759326E+03  4.54478836E+00
1.07210674E-02  3.31076196E+03  4.24630690E+00
1.11109244E-02  3.06173755E+03  3.97813678E+00
1.15007814E-02  2.83694971E+03  3.74256229E+00
1.18906384E-02  2.64222070E+03  3.52802277E+00
1.22804954E-02  2.46330200E+03  3.33527374E+00
1.26703523E-02  2.29471265E+03  3.15202737E+00
1.30602093E-02  2.14374585E+03  2.98713875E+00
1.34500663E-02  2.01350488E+03  2.84381270E+00
1.38399233E-02  1.89059375E+03  2.70471025E+00
1.42297803E-02  1.77752820E+03  2.57859278E+00
1.46196373E-02  1.67627612E+03  2.46464205E+00
1.50094943E-02  1.58427039E+03  2.35778809E+00
1.53993513E-02  1.49716028E+03  2.25818276E+00
1.57892083E-02  1.41775061E+03  2.16330767E+00
1.61790653E-02  1.34126489E+03  2.07567263E+00
1.65689223E-02  1.27203772E+03  1.99299872E+00
1.69587793E-02  1.20652563E+03  1.91606617E+00
1.73486363E-02  1.14414722E+03  1.84381235E+00
1.77384933E-02  1.08562866E+03  1.77104878E+00
1.81283503E-02  1.03557324E+03  1.71188402E+00
1.85182073E-02  9.88830444E+02  1.65209842E+00
1.89080643E-02  9.43268250E+02  1.59516108E+00
1.92979213E-02  9.02684753E+02  1.54327869E+00
1.96877783E-02  8.60715698E+02  1.49198318E+00
2.00776353E-02  8.17720581E+02  1.43890846E+00
2.04674923E-02  7.82744141E+02  1.39186621E+00
2.08573493E-02  7.51328796E+02  1.35229814E+00
2.12472062E-02  7.18765564E+02  1.30842686E+00
2.16370632E-02  6.88671326E+02  1.26840055E+00
2.20269202E-02  6.60397705E+02  1.23145652E+00
2.24167772E-02  6.31663574E+02  1.19365132E+00
2.28066342E-02  6.08139771E+02  1.16133714E+00
2.31964912E-02  5.82679138E+02  1.12739766E+00
2.35863482E-02  5.58429749E+02  1.09557009E+00
2.39762052E-02  5.34609375E+02  1.06444883E+00
2.43660622E-02  5.14925293E+02  1.03639126E+00
2.47559192E-02  4.95154938E+02  1.00981593E+00
2.51457762E-02  4.75735474E+02  9.82013881E-01
2.55356332E-02  4.58578827E+02  9.58111227E-01
2.59254902E-02  4.41162018E+02  9.33811605E-01
2.63153472E-02  4.24367279E+02  9.08713877E-01
2.67052042E-02  4.09427307E+02  8.87952268E-01
2.70950612E-02  3.94081543E+02  8.65650535E-01
2.74849182E-02  3.79063812E+02  8.44521761E-01
2.78747752E-02  3.64332367E+02  8.23527217E-01
2.82646322E-02  3.52468506E+02  8.05206120E-01
2.86544892E-02  3.37704163E+02  7.84326851E-01
2.90443462E-02  3.25533691E+02  7.65856802E-01
2.94342031E-02  3.14887085E+02  7.49798715E-01
2.98240601E-02  3.04206360E+02  7.32279122E-01
3.02139171E-02  2.92552551E+02  7.14840710E-01
3.06037741E-02  2.82249390E+02  7.10247934E-01
3.09936311E-02  2.72056702E+02  7.07337260E-01
3.13834881E-02  2.62953400E+02  7.01895118E-01
3.17733451E-02  2.55073624E+02  6.94202423E-01
3.21632021E-02  2.46536011E+02  6.85544729E-01
3.25530591E-02  2.37199326E+02  6.75345838E-01
3.29429161E-02  2.28166321E+02  6.64160669E-01
3.33327731E-02  2.22061096E+02  6.56321347E-01
3.37226301E-02  2.13643814E+02  6.43167198E-01
3.41124871E-02  2.06917175E+02  6.35487735E-01
3.45023441E-02  1.99517334E+02  6.25196636E-01
3.48922011E-02  1.91544846E+02  6.13195717E-01
3.52820581E-02  1.84520416E+02  6.02653623E-01
3.56719151E-02  1.79311813E+02  5.95065117E-01
3.60617721E-02  1.73698761E+02  5.86820185E-01
3.64516291E-02  1.67308533E+02  5.77688575E-01
3.68414861E-02  1.61002258E+02  5.68430901E-01
3.72313431E-02  1.56331451E+02  5.59767902E-01
3.76212001E-02  1.50789825E+02  5.41828871E-01
3.80110570E-02  1.45742828E+02  5.22765219E-01
3.84009140E-02  1.41415619E+02  5.08719206E-01
3.87907710E-02  1.35640793E+02  4.95990187E-01
3.91806280E-02  1.31280090E+02  4.85663772E-01
3.95704850E-02  1.26180099E+02  4.73053753E-01
3.99603420E-02  1.23382118E+02  4.66528565E-01
4.03501990E-02  1.19859695E+02  4.56853807E-01
4.07400560E-02  1.15186310E+02  4.47776109E-01
4.11299130E-02  1.11107910E+02  4.38946873E-01
4.15197700E-02  1.08254395E+02  4.32443827E-01
4.19096270E-02  1.04299034E+02  4.24102873E-01
4.22994840E-02  1.00138557E+02  4.15628016E-01
4.26893410E-02  9.76803436E+01  4.07352030E-01
4.30791980E-02  9.45429535E+01  3.96576077E-01
4.34690550E-02  9.14757538E+01  3.87702882E-01
4.38589120E-02  8.73054047E+01  3.80453736E-01
4.42487690E-02  8.56802292E+01  3.75660837E-01
4.46386260E-02  8.31698685E+01  3.69909257E-01
4.50284830E-02  7.94170990E+01  3.62057358E-01
4.54183400E-02  7.69664688E+01  3.59200150E-01
4.58081970E-02  7.43518448E+01  3.55576307E-01
4.61980539E-02  7.22242661E+01  3.53637993E-01
4.65879109E-02  7.03488464E+01  3.51769000E-01
4.69777679E-02  6.83160095E+01  3.49167943E-01
4.73676249E-02  6.59808502E+01  3.47054571E-01
4.77574819E-02  6.37244911E+01  3.44186515E-01
4.81473389E-02  6.09588013E+01  3.38488430E-01
4.85371959E-02  5.93629227E+01  3.36358458E-01
4.89270529E-02  5.80485573E+01  3.34002137E-01
4.93169099E-02  5.58994980E+01  3.30489337E-01
4.97067669E-02  5.39845505E+01  3.27404708E-01
5.00966239E-02  5.24123840E+01  3.23704869E-01
5.04864809E-02  5.07478714E+01  3.21779370E-01
5.08763379E-02  4.96846352E+01  3.18794549E-01
5.12661949E-02  4.83529587E+01  3.15584302E-01
5.16560519E-02  4.70649338E+01  3.14200163E-01
5.20459089E-02  4.46942787E+01  3.10153544E-01
5.24357659E-02  4.35680237E+01  3.06381792E-01
5.28256229E-02  4.25478477E+01  3.01412374E-01
5.32154799E-02  4.08502884E+01  2.95475811E-01
5.36053369E-02  3.99757805E+01  2.90258646E-01
5.39951939E-02  3.91921082E+01  2.86184341E-01
5.43850509E-02  3.76754303E+01  2.81824648E-01
5.47749078E-02  3.63769913E+01  2.78635889E-01
5.51647648E-02  3.55066452E+01  2.75319040E-01
5.55546218E-02  3.42462769E+01  2.71017969E-01
5.59444788E-02  3.31806870E+01  2.67806768E-01
5.63343358E-02  3.23245163E+01  2.64993578E-01
5.67241928E-02  3.12488022E+01  2.61306167E-01
5.71140498E-02  3.07090244E+01  2.59372056E-01
5.75039068E-02  2.96480007E+01  2.56769538E-01
5.78937638E-02  2.87980919E+01  2.53974766E-01
5.82836208E-02  2.79756050E+01  2.52476573E-01
5.86734778E-02  2.71570950E+01  2.53984571E-01
5.90633348E-02  2.61894569E+01  2.53251076E-01
5.94531918E-02  2.54218655E+01  2.52909333E-01
5.98430488E-02  2.50003395E+01  2.51562774E-01
6.02329058E-02  2.41865196E+01  2.50404298E-01
6.06227628E-02  2.33254128E+01  2.49150172E-01
6.10126198E-02  2.31423416E+01  2.50415534E-01
6.14024768E-02  2.23842621E+01  2.46874034E-01
6.17923338E-02  2.18324051E+01  2.41949409E-01
6.21821908E-02  2.12909908E+01  2.38471389E-01
6.25720478E-02  2.03360043E+01  2.35688835E-01
6.29619048E-02  2.02711258E+01  2.33811423E-01
6.33517617E-02  1.97446232E+01  2.32092634E-01
6.37416187E-02  1.90092659E+01  2.29962543E-01
6.41314757E-02  1.87990799E+01  2.26978838E-01
6.45213327E-02  1.79878674E+01  2.24870011E-01
6.49111897E-02  1.80488052E+01  2.24211052E-01
6.53010467E-02  1.76354370E+01  2.21640006E-01
6.56909037E-02  1.70575714E+01  2.20485941E-01
6.60807607E-02  1.66291370E+01  2.18060076E-01
6.64706177E-02  1.65204735E+01  2.16907978E-01
6.68604747E-02  1.60100040E+01  2.14525953E-01
6.72503317E-02  1.57626095E+01  2.12842271E-01
6.76401887E-02  1.57279854E+01  2.12275550E-01
6.80300457E-02  1.53078289E+01  2.10390523E-01
6.84199027E-02  1.49082890E+01  2.08553419E-01
6.88097597E-02  1.44468575E+01  2.07011208E-01
6.91996167E-02  1.40181046E+01  2.05925629E-01
6.95894737E-02  1.35673008E+01  2.04441130E-01
6.99793307E-02  1.36811943E+01  2.03455478E-01
7.03691877E-02  1.29029751E+01  2.02727959E-01
7.07590447E-02  1.33476028E+01  2.02857450E-01
7.11489017E-02  1.28726139E+01  2.00740874E-01
7.15387586E-02  1.26355267E+01  2.00167730E-01
7.19286156E-02  1.25114384E+01  1.98362693E-01
7.23184726E-02  1.23579903E+01  1.97548941E-01
7.27083296E-02  1.20944481E+01  1.97694063E-01
7.30981866E-02  1.20743942E+01  1.96335852E-01
7.34880436E-02  1.15585423E+01  1.95136920E-01
7.38779006E-02  1.13231926E+01  1.94085717E-01
7.42677576E-02  1.07481747E+01  1.93305522E-01
7.46576146E-02  1.09784966E+01  1.92321658E-01
7.50474716E-02  1.11193638E+01  1.91428438E-01
7.54373286E-02  1.08550816E+01  1.89309835E-01
7.58271856E-02  1.05264664E+01  1.88730210E-01
7.62170426E-02  1.04160461E+01  1.87882721E-01
7.66068996E-02  1.03731766E+01  1.86673567E-01
7.69967566E-02  9.92501450E+00  1.86008647E-01
7.73866136E-02  9.74023438E+00  1.85121775E-01
7.77764706E-02  9.58636665E+00  1.84408233E-01
7.81663276E-02  9.71992493E+00  1.83922559E-01
7.85561846E-02  9.64912224E+00  1.82434261E-01
7.89460416E-02  9.58911133E+00  1.82647571E-01
7.93358986E-02  9.19937325E+00  1.82087272E-01
7.97257556E-02  8.70481682E+00  1.81436479E-01
8.01156125E-02  9.17972374E+00  1.81181014E-01
8.05054695E-02  8.83150482E+00  1.80208340E-01
8.08953265E-02  9.21592712E+00  1.80178553E-01
8.12851835E-02  8.87924194E+00  1.79042608E-01
8.16750405E-02  8.69880867E+00  1.78610221E-01
8.20648975E-02  8.68175697E+00  1.78092882E-01
8.24547545E-02  8.51042938E+00  1.76890492E-01
8.28446115E-02  8.49156380E+00  1.76578194E-01
8.32344685E-02  8.49237442E+00  1.75268278E-01
8.36243255E-02  8.03164482E+00  1.75606504E-01
8.40141825E-02  7.93883705E+00  1.74307093E-01
8.44040395E-02  7.98805237E+00  1.74039543E-01
8.47938965E-02  7.98554230E+00  1.73732758E-01
8.51837535E-02  7.76618004E+00  1.73120633E-01
8.55736105E-02  7.84188271E+00  1.72269627E-01
8.59634675E-02  7.69319534E+00  1.71934947E-01
8.63533245E-02  7.36959839E+00  1.72121301E-01
8.67431815E-02  7.15067673E+00  1.70635328E-01
8.71330385E-02  7.43253136E+00  1.70376718E-01
8.75228955E-02  7.29251862E+00  1.70101836E-01
8.79127525E-02  7.53233528E+00  1.69216469E-01
8.83026094E-02  7.38236427E+00  1.68618307E-01
8.86924664E-02  7.34724617E+00  1.68379456E-01
8.90823234E-02  7.23880386E+00  1.67434558E-01
8.94721804E-02  7.00652122E+00  1.67063162E-01
8.98620374E-02  7.04685402E+00  1.66672766E-01
9.02518944E-02  6.90269661E+00  1.66067928E-01
9.06417514E-02  6.84536934E+00  1.65486217E-01
9.10316084E-02  6.72639847E+00  1.65073246E-01
9.14214654E-02  6.81042290E+00  1.64161935E-01
9.18113224E-02  6.95584106E+00  1.64087668E-01
9.22011794E-02  7.01300430E+00  1.64003715E-01
9.25910364E-02  6.94373894E+00  1.63286000E-01
9.29808934E-02  6.81811714E+00  1.62881985E-01
9.33707504E-02  6.68164825E+00  1.62389770E-01
9.37606074E-02  6.63616753E+00  1.61706597E-01
9.41504644E-02  6.37870598E+00  1.61871284E-01
9.45403214E-02  6.55292892E+00  1.60911575E-01
9.49301784E-02  6.46613503E+00  1.60580084E-01
9.53200354E-02  6.61080742E+00  1.59890726E-01
9.57098924E-02  6.75567818E+00  1.59953654E-01
9.60997494E-02  6.18038559E+00  1.59121156E-01
9.64896064E-02  6.07824135E+00  1.58917055E-01
9.68794633E-02  6.39295959E+00  1.58521578E-01
9.72693203E-02  6.44924927E+00  1.58481196E-01
9.76591773E-02  6.51887321E+00  1.57388598E-01
9.80490343E-02  5.91243172E+00  1.56714365E-01
9.84388913E-02  6.22649002E+00  1.56797200E-01
9.88287483E-02  6.07879066E+00  1.56694680E-01
9.92186053E-02  5.98385811E+00  1.56062022E-01
9.96084623E-02  5.88711739E+00  1.56093195E-01
9.99983193E-02  5.74018288E+00  1.55113667E-01
1.00388176E-01  5.95845985E+00  1.54295757E-01
1.00778033E-01  5.77643776E+00  1.54136255E-01
1.01167890E-01  5.69325829E+00  1.54045850E-01
1.01557747E-01  5.87330818E+00  1.53745428E-01
1.01947604E-01  5.72616768E+00  1.53326213E-01
1.02337461E-01  5.59747887E+00  1.52956560E-01
1.02727318E-01  5.73204231E+00  1.52626216E-01
1.03117175E-01  5.68734550E+00  1.52428448E-01
1.03507032E-01  5.76757812E+00  1.52204335E-01
1.03896889E-01  5.64062691E+00  1.51696846E-01
1.04286746E-01  5.53102684E+00  1.50993884E-01
1.04676603E-01  5.45822334E+00  1.50713608E-01
1.05066460E-01  5.47698402E+00  1.50292948E-01
1.05456317E-01  5.63888931E+00  1.50329828E-01
1.05846174E-01  5.49577332E+00  1.49730846E-01
1.06236031E-01  5.45170021E+00  1.48826241E-01
1.06625888E-01  5.50968552E+00  1.48656666E-01
1.07015745E-01  5.63110924E+00  1.48637757E-01
1.07405602E-01  5.70339584E+00  1.48403466E-01
1.07795459E-01  5.33031845E+00  1.48302764E-01
1.08185316E-01  5.31899643E+00  1.47825375E-01
1.08575173E-01  5.41113091E+00  1.47135958E-01
1.08965030E-01  5.17822075E+00  1.46932349E-01
1.09354887E-01  5.23950195E+00  1.46853626E-01
1.09744744E-01  5.15774155E+00  1.46387935E-01
1.10134601E-01  5.45518875E+00  1.45963281E-01
1.10524458E-01  5.05663109E+00  1.45729870E-01
1.10914315E-01  4.97439003E+00  1.45597294E-01
1.11304172E-01  5.16223526E+00  1.44967869E-01
1.11694029E-01  5.37788582E+00  1.44515112E-01
1.12083886E-01  5.24155807E+00  1.44274890E-01
1.12473743E-01  5.19926834E+00  1.44188821E-01
1.12863600E-01  4.96398544E+00  1.43436179E-01
1.13253457E-01  4.80539703E+00  1.43809661E-01
1.13643314E-01  4.80239677E+00  1.45143151E-01
1.14033171E-01  5.13612938E+00  1.46194935E-01
1.14423028E-01  4.95992470E+00  1.46060064E-01
1.14812885E-01  5.06624222E+00  1.46318316E-01
1.15202742E-01  5.10571098E+00  1.46437570E-01
1.15592599E-01  5.06541061E+00  1.47051647E-01
1.15982456E-01  4.91992760E+00  1.47391170E-01
1.16372313E-01  4.75786972E+00  1.46900311E-01
1.16762170E-01  4.63703156E+00  1.47377238E-01
1.17152027E-01  4.97536469E+00  1.47568464E-01
1.17541884E-01  5.01177406E+00  1.47446886E-01
1.17931741E-01  4.71010971E+00  1.47261605E-01
1.18321598E-01  4.80843353E+00  1.46915913E-01
1.18711455E-01  4.70301819E+00  1.47312373E-01
1.19101312E-01  4.63462830E+00  1.47057176E-01
1.19491169E-01  4.68788910E+00  1.47497416E-01
1.19881026E-01  4.99729919E+00  1.47136867E-01
1.20270883E-01  4.82279968E+00  1.46675691E-01
1.20660740E-01  4.68270302E+00  1.45143539E-01
1.21050597E-01  4.63842392E+00  1.44112825E-01
1.21440454E-01  4.52060699E+00  1.43660426E-01
1.21830311E-01  4.69245529E+00  1.42530710E-01
1.22220168E-01  4.71525574E+00  1.42095670E-01
1.22610025E-01  4.74732971E+00  1.41311154E-01
1.22999882E-01  4.41122246E+00  1.40968770E-01
1.23389739E-01  4.55731964E+00  1.40658379E-01
1.23779596E-01  4.68550491E+00  1.40609294E-01
1.24169453E-01  4.38634872E+00  1.39754742E-01
1.24559310E-01  4.52086639E+00  1.38906926E-01
1.24949167E-01  4.56123734E+00  1.38660908E-01
1.25339024E-01  4.47072983E+00  1.38219222E-01
1.25728881E-01  4.32660675E+00  1.38331950E-01
1.26118738E-01  4.21214104E+00  1.37791067E-01
1.26508595E-01  4.59165764E+00  1.37448251E-01
1.26898452E-01  4.49588585E+00  1.37272581E-01
1.27288309E-01  4.33154488E+00  1.36831343E-01
1.27678166E-01  4.25502205E+00  1.36253044E-01
1.28068023E-01  4.45726013E+00  1.35980546E-01
1.28457880E-01  4.25127029E+00  1.36499777E-01
1.28847737E-01  4.34514618E+00  1.36723444E-01
1.29237594E-01  4.37452126E+00  1.37327492E-01
1.29627451E-01  4.33713150E+00  1.37377158E-01
1.30017308E-01  4.26862907E+00  1.37604624E-01
1.30407165E-01  4.45575142E+00  1.37599245E-01
1.30797022E-01  4.27090836E+00  1.37827516E-01
1.31186879E-01  4.44865799E+00  1.38195440E-01
1.31576736E-01  4.44269943E+00  1.38732731E-01
1.31966593E-01  4.15639305E+00  1.40619099E-01
1.32356450E-01  4.23998642E+00  1.41335472E-01
1.32746307E-01  4.20483017E+00  1.42122179E-01
1.33136164E-01  4.39176941E+00  1.42012924E-01
1.33526021E-01  4.39198303E+00  1.42915994E-01
1.33915878E-01  4.35168648E+00  1.43994600E-01
1.34305735E-01  4.22932625E+00  1.44222826E-01
1.34695592E-01  4.10491753E+00  1.43837780E-01
1.35085449E-01  4.38994408E+00  1.42644972E-01
1.35475306E-01  4.21379280E+00  1.40506178E-01
1.35865163E-01  4.12900734E+00  1.39089718E-01
1.36255020E-01  4.28980255E+00  1.38062358E-01
1.36644877E-01  4.11720848E+00  1.37134656E-01
1.37034734E-01  4.16743660E+00  1.36396661E-01
1.37424591E-01  4.03804588E+00  1.35711908E-01
1.37814448E-01  4.16164589E+00  1.35023028E-01
1.38204305E-01  4.01810837E+00  1.34788781E-01
1.38594162E-01  3.98834991E+00  1.34597674E-01
1.38984019E-01  3.86014748E+00  1.33713067E-01
1.39373876E-01  3.80247688E+00  1.33756310E-01
1.39763733E-01  3.88866425E+00  1.33169577E-01
1.40153590E-01  3.85896683E+00  1.32663026E-01
1.40543447E-01  3.92369080E+00  1.32306308E-01
1.40933304E-01  3.82959938E+00  1.32026225E-01
1.41323161E-01  4.11882973E+00  1.31438583E-01
1.41713018E-01  3.95036888E+00  1.30885348E-01
1.42102875E-01  3.84938431E+00  1.30337164E-01
1.42492732E-01  3.53568077E+00  1.30159974E-01
1.42882589E-01  3.94443512E+00  1.29823238E-01
1.43272446E-01  4.01597786E+00  1.29889235E-01
1.43662303E-01  3.92360878E+00  1.29198208E-01
1.44052160E-01  3.79826164E+00  1.29521266E-01
1.44442017E-01  3.63024139E+00  1.29347041E-01
1.44831874E-01  3.66910553E+00  1.28459722E-01
1.45221731E-01  3.80863762E+00  1.28316358E-01
1.45611588E-01  3.76500320E+00  1.28705680E-01
1.46001445E-01  3.99502563E+00  1.27858892E-01
1.46391302E-01  3.90481949E+00  1.27847299E-01
1.46781159E-01  3.72632599E+00  1.27275065E-01
1.47171016E-01  3.72062302E+00  1.27186701E-01
1.47560873E-01  3.58095932E+00  1.26808688E-01
1.47950730E-01  3.54972839E+00  1.26555353E-01
1.48340587E-01  3.47795105E+00  1.26264066E-01
1.48730444E-01  3.75701141E+00  1.26606181E-01
1.49120301E-01  3.99590111E+00  1.26408994E-01
1.49510158E-01  3.96606064E+00  1.25886932E-01
1.49900015E-01  3.60970688E+00  1.25589475E-01
1.50289872E-01  3.67700386E+00  1.25197321E-01
1.50679729E-01  3.65781975E+00  1.25302300E-01
1.51069586E-01  3.73374367E+00  1.25107154E-01
1.51459443E-01  3.55079079E+00  1.24528289E-01
1.51849300E-01  3.44770813E+00  1.24392264E-01
1.52239157E-01  3.68889809E+00  1.24393940E-01
1.52629014E-01  3.66444397E+00  1.23902753E-01
1.53018871E-01  3.31534004E+00  1.23729169E-01
1.53408728E-01  3.37288475E+00  1.23400472E-01
1.53798585E-01  3.41495895E+00  1.23649880E-01
1.54188442E-01  3.54107285E+00  1.23130962E-01
1.54578299E-01  3.72092247E+00  1.23019300E-01
1.54968156E-01  3.29004097E+00  1.22643918E-01
1.55358013E-01  3.39450645E+00  1.22085050E-01
1.55747870E-01  3.65364647E+00  1.21874169E-01
1.56137727E-01  3.52733994E+00  1.21866278E-01
1.56527584E-01  3.68857384E+00  1.21800639E-01
1.56917441E-01  3.33964539E+00  1.21667720E-01
1.57307298E-01  3.37114906E+00  1.21053241E-01
1.57697155E-01  3.36591339E+00  1.21025264E-01
1.58087012E-01  3.32059479E+00  1.20869778E-01
1.58476869E-01  3.36924362E+00  1.20903969E-01
1.58866726E-01  3.50841141E+00  1.20788291E-01
1.59256583E-01  3.62703896E+00  1.20418884E-01
1.59646440E-01  3.42576981E+00  1.20179303E-01
1.60036297E-01  3.46753502E+00  1.19932875E-01
1.60426154E-01  3.30104065E+00  1.19554684E-01
1.60816011E-01  3.42546272E+00  1.19680628E-01
1.61205868E-01  3.14521599E+00  1.19220831E-01
1.61595725E-01  3.38628769E+00  1.19139440E-01
1.61985582E-01  3.40107918E+00  1.18864879E-01
1.62375439E-01  3.33012962E+00  1.18746087E-01
1.62765296E-01  3.23299599E+00  1.18634909E-01
1.63155153E-01  3.54007149E+00  1.18512422E-01
1.63545010E-01  3.13384056E+00  1.18336268E-01
1.63934867E-01  3.21782494E+00  1.18041322E-01
1.64324724E-01  3.23652649E+00  1.17835425E-01
1.64714581E-01  3.24762154E+00  1.17715172E-01
1.65104438E-01  3.17407417E+00  1.17362589E-01
1.65494295E-01  3.45187569E+00  1.17268577E-01
1.65884152E-01  3.28558731E+00  1.16941050E-01
1.66274009E-01  3.34509087E+00  1.17036179E-01
1.66663866E-01  3.39667320E+00  1.16713949E-01
1.67053723E-01  3.35953712E+00  1.16505124E-01
1.67443580E-01  3.37361526E+00  1.16366781E-01
1.67833437E-01  2.87945938E+00  1.16034269E-01
1.68223293E-01  3.01016617E+00  1.15947030E-01
1.68613150E-01  3.08803368E+00  1.16037875E-01
1.69003007E-01  3.22466660E+00  1.15688890E-01
1.69392864E-01  3.19641113E+00  1.15641043E-01
1.69782721E-01  3.25549889E+00  1.15727417E-01
1.70172578E-01  3.14944267E+00  1.15336426E-01
1.70562435E-01  3.39735794E+00  1.14825539E-01
1.70952292E-01  3.29741669E+00  1.14504755E-01
1.71342149E-01  3.26491737E+00  1.14781111E-01
1.71732006E-01  3.06480026E+00  1.14923678E-01
1.72121863E-01  3.18649483E+00  1.14358999E-01
1.72511720E-01  3.05616760E+00  1.14284240E-01
1.72901577E-01  2.98943710E+00  1.13806941E-01
1.73291434E-01  3.07076263E+00  1.13751419E-01
1.73681291E-01  2.96944237E+00  1.13361582E-01
1.74071148E-01  3.06600761E+00  1.13366343E-01
1.74461005E-01  3.26418877E+00  1.13066338E-01
1.74850862E-01  2.99562645E+00  1.12795971E-01
1.75240719E-01  2.76246071E+00  1.12557128E-01
1.75630576E-01  2.85938644E+00  1.12433918E-01
1.76020433E-01  2.79856300E+00  1.12184957E-01
1.76410290E-01  2.93882561E+00  1.12338714E-01
1.76800147E-01  2.96852684E+00  1.12124495E-01
1.77190004E-01  2.93325806E+00  1.12151116E-01
1.77579861E-01  2.72136879E+00  1.11777946E-01
1.77969718E-01  3.00678635E+00  1.11739278E-01
1.78359575E-01  2.94606590E+00  1.11496560E-01
1.78749432E-01  2.97261429E+00  1.11031950E-01
1.79139289E-01  2.85174942E+00  1.11185633E-01
1.79529146E-01  2.93588066E+00  1.11081153E-01
1.79919003E-01  2.76831436E+00  1.10922799E-01
1.80308860E-01  2.85013962E+00  1.10991158E-01
1.80698717E-01  3.15026283E+00  1.10884577E-01
1.81088574E-01  2.93569946E+00  1.10648923E-01
1.81478431E-01  3.04701996E+00  1.10378928E-01
1.81868288E-01  2.71740723E+00  1.10274479E-01
1.82258145E-01  2.72994804E+00  1.10097118E-01
1.82648002E-01  2.93050766E+00  1.09839529E-01
1.83037859E-01  2.78971100E+00  1.10047542E-01
1.83427716E-01  2.82315063E+00  1.09788269E-01
1.83817573E-01  2.75974274E+00  1.09492727E-01
1.84207430E-01  2.67887688E+00  1.09439969E-01
1.84597287E-01  2.64643288E+00  1.09386675E-01
1.84987144E-01  2.76660156E+00  1.09193362E-01
1.85377001E-01  2.73020363E+00  1.08730592E-01
1.85766858E-01  2.72480774E+00  1.08651869E-01
1.86156715E-01  2.79171944E+00  1.08619854E-01
1.86546572E-01  2.77306938E+00  1.08462758E-01
1.86936429E-01  2.63637924E+00  1.08204365E-01
1.87326286E-01  2.50944710E+00  1.07960075E-01
1.87716143E-01  2.69670677E+00  1.07827760E-01
1.88106000E-01  2.63489532E+00  1.07909136E-01
1.88495857E-01  2.67379189E+00  1.07832804E-01
1.88885714E-01  2.79715729E+00  1.07271090E-01
1.89275571E-01  2.96043968E+00  1.07409894E-01
1.89665428E-01  2.75713348E+00  1.07133746E-01
1.90055285E-01  2.69975853E+00  1.07290924E-01
1.90445142E-01  2.84041023E+00  1.07259609E-01
1.90834999E-01  2.75320244E+00  1.07130729E-01
1.91224856E-01  2.76346970E+00  1.07077122E-01
1.91614713E-01  2.65387154E+00  1.06721207E-01
1.92004570E-01  2.43040848E+00  1.06355384E-01
1.92394427E-01  2.46061325E+00  1.06406726E-01
1.92784284E-01  2.68550301E+00  1.06170982E-01
1.93174141E-01  2.66912079E+00  1.06168874E-01
1.93563998E-01  2.55450058E+00  1.05921619E-01
1.93953855E-01  2.61679077E+00  1.05505146E-01
1.94343712E-01  2.56258965E+00  1.05816826E-01
1.94733569E-01  2.69614983E+00  1.05771802E-01
1.95123426E-01  2.78326416E+00  1.05553798E-01
1.95513283E-01  2.67945290E+00  1.05201013E-01
1.95903140E-01  2.44760132E+00  1.04929172E-01
1.96292997E-01  2.57387924E+00  1.05644986E-01
1.96682854E-01  2.50793076E+00  1.06145613E-01
1.97072711E-01  2.48510170E+00  1.06894813E-01
1.97462568E-01  2.47322083E+00  1.06893986E-01
1.97852425E-01  2.67600822E+00  1.07024461E-01
1.98242282E-01  2.61763000E+00  1.07243396E-01
1.98632139E-01  2.36059761E+00  1.07450418E-01
1.99021996E-01  2.60240364E+00  1.07362889E-01
1.99411853E-01  2.77504921E+00  1.07736453E-01
1.99801710E-01  2.63169670E+00  1.07470162E-01
2.00191567E-01  2.63594818E+00  1.07608363E-01
2.00581424E-01  2.64645004E+00  1.07613876E-01
2.00971281E-01  2.68155670E+00  1.07880212E-01
2.01361138E-01  2.61946678E+00  1.07679486E-01
2.01750995E-01  2.47936249E+00  1.07829794E-01
2.02140852E-01  2.44150162E+00  1.08040914E-01
2.02530709E-01  2.36228561E+00  1.08143166E-01
2.02920566E-01  2.50396919E+00  1.08093493E-01
2.03310423E-01  2.49661446E+00  1.07246384E-01
2.03700280E-01  2.52745056E+00  1.06539004E-01
2.04090137E-01  2.46164131E+00  1.05844848E-01
2.04479994E-01  2.45818710E+00  1.05632521E-01
2.04869851E-01  2.46794510E+00  1.05388634E-01
2.05259708E-01  2.45045662E+00  1.04776226E-01
2.05649565E-01  2.46009064E+00  1.04617149E-01
2.06039422E-01  2.36235428E+00  1.04531117E-01
2.06429279E-01  2.46135712E+00  1.04057632E-01
2.06819136E-01  2.31993484E+00  1.04081310E-01
2.07208993E-01  2.35868835E+00  1.03872448E-01
2.07598850E-01  2.40233994E+00  1.03911109E-01
2.07988707E-01  2.34533119E+00  1.03698224E-01
2.08378564E-01  2.27371025E+00  1.03302956E-01
2.08768421E-01  2.25141525E+00  1.02835938E-01
2.09158278E-01  2.26835632E+00  1.02870263E-01
2.09548135E-01  2.36573792E+00  1.02749005E-01
2.09937992E-01  2.40325165E+00  1.02546684E-01
2.10327849E-01  2.40865898E+00  1.02510668E-01
2.10717706E-01  2.29868126E+00  1.02338389E-01
2.11107563E-01  2.37631035E+00  1.02489322E-01
2.11497420E-01  2.15114975E+00  1.03059299E-01
2.11887277E-01  2.32045937E+00  1.02873668E-01
2.12277134E-01  2.34318352E+00  1.03245817E-01
2.12666991E-01  2.38220215E+00  1.03500105E-01
2.13056848E-01  2.37738037E+00  1.03520602E-01
2.13446705E-01  2.29209518E+00  1.03870682E-01
2.13836562E-01  2.32194328E+00  1.03697725E-01
2.14226419E-01  2.43229103E+00  1.03853591E-01
2.14616276E-01  2.25094223E+00  1.03772983E-01
2.15006133E-01  2.28057098E+00  1.03903003E-01
2.15395990E-01  2.24131012E+00  1.03845581E-01
2.15785847E-01  2.11521721E+00  1.04001209E-01
2.16175704E-01  2.12359810E+00  1.03954189E-01
2.16565561E-01  2.32717896E+00  1.03701085E-01
2.16955418E-01  2.32403183E+00  1.04090527E-01
2.17345275E-01  2.23741722E+00  1.04131199E-01
2.17735132E-01  2.05207062E+00  1.04143254E-01
2.18124989E-01  2.17660332E+00  1.03751265E-01
2.18514846E-01  1.99947357E+00  1.02881856E-01
2.18904703E-01  2.19444084E+00  1.02521613E-01
2.19294560E-01  2.32726288E+00  1.02084093E-01
2.19684417E-01  2.03571129E+00  1.01760559E-01
2.20074274E-01  2.10836601E+00  1.01522163E-01
2.20464131E-01  1.95825386E+00  1.01382561E-01
2.20853988E-01  2.15369415E+00  1.01165488E-01
2.21243845E-01  2.28136063E+00  1.01073109E-01
2.21633702E-01  2.17176819E+00  1.00697726E-01
2.22023559E-01  2.00569344E+00  1.00244895E-01
2.22413416E-01  2.14369011E+00  1.00017183E-01
2.22803273E-01  2.26270866E+00  1.00005589E-01
2.23193130E-01  2.10607338E+00  9.96172801E-02
2.23582987E-01  2.06785774E+00  9.95673239E-02
2.23972844E-01  2.12448120E+00  9.94950682E-02
2.24362701E-01  2.14545250E+00  9.93482471E-02
2.24752558E-01  2.04222870E+00  9.92342010E-02
2.25142415E-01  1.89575386E+00  9.90455449E-02
2.25532272E-01  1.88365746E+00  9.89512056E-02
2.25922129E-01  2.05444336E+00  9.86065865E-02
2.26311986E-01  2.21973991E+00  9.88375619E-02
2.26701843E-01  2.08175087E+00  9.86875221E-02
2.27091700E-01  1.94036293E+00  9.86253992E-02
2.27481557E-01  2.05266762E+00  9.84898657E-02
2.27871414E-01  1.99118614E+00  9.81778204E-02
2.28261271E-01  1.81588364E+00  9.80442241E-02
2.28651128E-01  1.88802528E+00  9.79076177E-02
2.29040985E-01  2.00523376E+00  9.78421718E-02
2.29430842E-01  2.08655930E+00  9.77641195E-02
2.29820699E-01  2.08698845E+00  9.74105597E-02
2.30210556E-01  2.01552963E+00  9.72873122E-02
2.30600413E-01  2.00257111E+00  9.71067175E-02
2.30990270E-01  1.79539299E+00  9.69248936E-02
2.31380127E-01  1.88294601E+00  9.69085842E-02
2.31769984E-01  1.92898560E+00  9.70565900E-02
2.32159841E-01  1.75695419E+00  9.63666067E-02
2.32549698E-01  1.89913940E+00  9.65476409E-02
2.32939555E-01  1.89335823E+00  9.64494348E-02
2.33329412E-01  1.86899567E+00  9.60733667E-02
2.33719269E-01  1.82391357E+00  9.61009935E-02
2.34109126E-01  1.73396873E+00  9.62826088E-02
2.34498983E-01  1.81591797E+00  9.57888067E-02
2.34888840E-01  1.95287323E+00  9.58798826E-02
2.35278697E-01  1.91543007E+00  9.54919383E-02
2.35668554E-01  2.03850365E+00  9.54637453E-02
2.36058411E-01  1.87722969E+00  9.54535082E-02
2.36448268E-01  1.82281113E+00  9.50233862E-02
2.36838125E-01  1.99812126E+00  9.53252390E-02
2.37227982E-01  1.98644066E+00  9.50221568E-02
2.37617839E-01  1.70547676E+00  9.47654024E-02
2.38007696E-01  1.82777977E+00  9.46616232E-02
2.38397553E-01  1.92619705E+00  9.45391506E-02
2.38787410E-01  1.92794228E+00  9.44169313E-02
2.39177267E-01  1.61861992E+00  9.42555442E-02
2.39567124E-01  1.79685211E+00  9.42233056E-02
2.39956981E-01  1.71967316E+00  9.41909254E-02
2.40346838E-01  1.76547432E+00  9.41641107E-02
2.40736695E-01  1.62564659E+00  9.38130096E-02
2.41126552E-01  1.61091042E+00  9.39141586E-02
2.41516409E-01  1.73328781E+00  9.36821923E-02
2.41906266E-01  1.70476341E+00  9.34181586E-02
2.42296123E-01  1.68246651E+00  9.35656428E-02
2.42685980E-01  1.74657440E+00  9.35200527E-02
2.43075837E-01  1.76566315E+00  9.34239700E-02
2.43465694E-01  1.81042480E+00  9.31479856E-02
2.43855551E-01  1.76603508E+00  9.32235345E-02
2.44245408E-01  1.72487640E+00  9.32531282E-02
2.44635265E-01  1.80644035E+00  9.31618363E-02
2.45025122E-01  1.86812592E+00  9.29717571E-02
2.45414979E-01  1.82865524E+00  9.27767530E-02
2.45804836E-01  1.75527382E+00  9.26102549E-02
2.46194693E-01  1.87407494E+00  9.25861150E-02
2.46584550E-01  1.81525421E+00  9.26306397E-02
2.46974407E-01  1.49687767E+00  9.23978835E-02
2.47364264E-01  1.61101723E+00  9.21980962E-02
2.47754121E-01  1.77587128E+00  9.21723545E-02
2.48143978E-01  1.75128555E+00  9.23055634E-02
2.48533835E-01  1.84842682E+00  9.18780714E-02
2.48923692E-01  1.68552780E+00  9.19007435E-02
2.49313549E-01  1.62144852E+00  9.17538702E-02
2.49703406E-01  1.76474190E+00  9.18094069E-02
2.50093263E-01  1.69394875E+00  9.16063264E-02
2.50483120E-01  1.58302116E+00  9.14180130E-02
2.50872977E-01  1.41805077E+00  9.13900509E-02
2.51262834E-01  1.37271881E+00  9.09128636E-02
2.51652691E-01  1.50693512E+00  9.12000909E-02
2.52042547E-01  1.49234772E+00  9.19056013E-02
2.52432404E-01  1.59158134E+00  9.20075700E-02
2.52822261E-01  1.58624268E+00  9.21108201E-02
2.53212118E-01  1.35145187E+00  9.25114676E-02
2.53601975E-01  1.59371948E+00  9.25327912E-02
2.53991832E-01  1.40545464E+00  9.25955102E-02
2.54381689E-01  1.44615364E+00  9.24285725E-02
2.54771546E-01  1.42849731E+00  9.27824751E-02
2.55161403E-01  1.48498917E+00  9.27575752E-02
2.55551260E-01  1.66725540E+00  9.28410962E-02
2.55941117E-01  1.40278435E+00  9.30001214E-02
2.56330974E-01  1.54561615E+00  9.28373188E-02
2.56720831E-01  1.47969818E+00  9.28545147E-02
2.57110688E-01  1.52000046E+00  9.25798491E-02
2.57500545E-01  1.57549477E+00  9.26857963E-02
2.57890402E-01  1.47333527E+00  9.27627683E-02
2.58280259E-01  1.47281075E+00  9.27914679E-02
2.58670116E-01  1.34331703E+00  9.27715898E-02
2.59059973E-01  1.57389641E+00  9.28215906E-02
2.59449830E-01  1.56180573E+00  9.28185508E-02
2.59839687E-01  1.31810951E+00  9.27530453E-02
2.60229544E-01  1.37782478E+00  9.26499665E-02
2.60619401E-01  1.43000793E+00  9.28220451E-02
2.61009258E-01  1.62114906E+00  9.27473009E-02
2.61399115E-01  1.44895363E+00  9.26959515E-02
2.61788972E-01  1.20726776E+00  9.26661640E-02
2.62178829E-01  1.36243057E+00  9.27737355E-02
2.62568686E-01  1.49865723E+00  9.28418636E-02
2.62958543E-01  1.52040672E+00  9.26777422E-02
2.63348400E-01  1.30499268E+00  9.27746296E-02
2.63738257E-01  1.43091583E+00  9.26162675E-02
2.64128114E-01  1.29137230E+00  9.26503912E-02
2.64517971E-01  1.21761703E+00  9.26358774E-02
2.64907828E-01  1.18616676E+00  9.26870108E-02
2.65297685E-01  1.29027176E+00  9.26860198E-02
2.65687542E-01  1.25171280E+00  9.26358253E-02
2.66077399E-01  1.29310989E+00  9.25108120E-02
2.66467256E-01  1.45974541E+00  9.25984159E-02
2.66857113E-01  1.31024170E+00  9.27820578E-02
2.67246970E-01  1.10299110E+00  9.24881101E-02
2.67636827E-01  1.26780128E+00  9.28676948E-02
2.68026684E-01  1.37547684E+00  9.24356803E-02
2.68416541E-01  1.32705116E+00  9.25870761E-02
2.68806398E-01  1.26654053E+00  9.25884098E-02
2.69196255E-01  1.30918121E+00  9.24493819E-02
2.69586112E-01  1.34147072E+00  9.26552340E-02
2.69975969E-01  1.27953720E+00  9.25108567E-02
2.70365826E-01  1.17922401E+00  9.23980772E-02
2.70755683E-01  1.15943146E+00  9.23866779E-02
2.71145540E-01  1.34486389E+00  9.23354998E-02
2.71535397E-01  1.13752174E+00  9.23935398E-02
2.71925254E-01  1.14212036E+00  9.25426707E-02
2.72315111E-01  1.18308067E+00  9.23121646E-02
2.72704968E-01  1.15038681E+00  9.21397507E-02
2.73094825E-01  1.23578453E+00  9.23287049E-02
2.73484682E-01  1.30878258E+00  9.21882913E-02
2.73874539E-01  1.14730072E+00  9.23792347E-02
2.74264396E-01  1.11576653E+00  9.22137424E-02
2.74654253E-01  1.12000275E+00  9.21431780E-02
2.75044110E-01  1.17529869E+00  9.21809226E-02
2.75433967E-01  1.18681526E+00  9.20963883E-02
2.75823824E-01  1.00797844E+00  9.19809341E-02
2.76213681E-01  1.07181931E+00  9.21373069E-02
2.76603538E-01  9.55400467E-01  9.19044539E-02
2.76993395E-01  1.06385231E+00  9.17489529E-02
2.77383252E-01  9.67933655E-01  9.19533670E-02
2.77773109E-01  1.05151558E+00  9.18840989E-02
2.78162966E-01  9.69253540E-01  9.17502642E-02
2.78552823E-01  1.22319603E+00  9.17358398E-02
2.78942680E-01  1.05715370E+00  9.23972651E-02
2.79332537E-01  1.13905716E+00  9.27177668E-02
2.79722394E-01  1.17975998E+00  9.31873545E-02
2.80112251E-01  1.08277130E+00  9.32682902E-02
2.80502108E-01  1.10297775E+00  9.37002972E-02
2.80891965E-01  1.05926704E+00  9.39889252E-02
2.81281822E-01  1.16829491E+00  9.39304009E-02
2.81671679E-01  1.09109688E+00  9.42449495E-02
2.82061536E-01  1.06054878E+00  9.44336057E-02
2.82451393E-01  1.00973892E+00  9.47306305E-02
2.82841250E-01  1.01152611E+00  9.48302299E-02
2.83231107E-01  1.14280701E+00  9.46386158E-02
2.83620964E-01  1.16035271E+00  9.49225575E-02
2.84010821E-01  9.65770721E-01  9.49123949E-02
2.84400678E-01  9.63199615E-01  9.50347111E-02
2.84790535E-01  8.97388458E-01  9.52109620E-02
2.85180392E-01  1.01169586E+00  9.49777216E-02
2.85570249E-01  9.60353851E-01  9.52500775E-02
2.85960106E-01  9.08287048E-01  9.45800766E-02
2.86349963E-01  1.08795166E+00  9.41588879E-02
2.86739820E-01  1.08574867E+00  9.39478949E-02
2.87129677E-01  1.01515007E+00  9.36921760E-02
2.87519534E-01  8.17281723E-01  9.33117121E-02
2.87909391E-01  7.92831421E-01  9.32626799E-02
2.88299248E-01  8.05633545E-01  9.30906609E-02
2.88689105E-01  1.06350327E+00  9.29225460E-02
2.89078962E-01  1.09152603E+00  9.27401707E-02
2.89468819E-01  1.00740433E+00  9.26593915E-02
2.89858676E-01  8.42346191E-01  9.25829113E-02
2.90248533E-01  8.60004425E-01  9.24857631E-02
2.90638390E-01  8.79455566E-01  9.26351398E-02
2.91028247E-01  8.87241364E-01  9.22944397E-02
2.91418104E-01  9.65240479E-01  9.22571570E-02
2.91807961E-01  8.52451324E-01  9.20998901E-02
2.92197818E-01  8.38224411E-01  9.20316875E-02
2.92587675E-01  8.80748749E-01  9.19696689E-02
2.92977532E-01  8.98876190E-01  9.19979215E-02
2.93367389E-01  8.61358643E-01  9.21078846E-02
2.93757246E-01  7.95753479E-01  9.22645628E-02
2.94147103E-01  8.35361481E-01  9.29012522E-02
2.94536960E-01  9.43737030E-01  9.33330655E-02
2.94926817E-01  9.48358536E-01  9.33678970E-02
2.95316674E-01  7.26808548E-01  9.36381221E-02
2.95706531E-01  7.48262405E-01  9.37560275E-02
2.96096388E-01  7.70862579E-01  9.39507410E-02
2.96486245E-01  8.32986832E-01  9.40084308E-02
2.96876102E-01  7.17485428E-01  9.42854956E-02
2.97265959E-01  7.27449417E-01  9.42741409E-02
2.97655816E-01  7.47327805E-01  9.44711715E-02
2.98045673E-01  8.18878174E-01  9.44204703E-02
2.98435530E-01  8.47980499E-01  9.45922062E-02
2.98825387E-01  9.82431412E-01  9.48880017E-02
2.99215244E-01  9.93749619E-01  9.48216468E-02
2.99605101E-01  9.29466248E-01  9.48381126E-02
2.99994958E-01  6.95123672E-01  9.45746601E-02
3.00384815E-01  7.02951431E-01  9.49616954E-02
3.00774672E-01  6.88325882E-01  9.50633213E-02
3.01164529E-01  8.51842880E-01  9.50401872E-02
3.01554386E-01  7.02798843E-01  9.52814892E-02
3.01944243E-01  6.56917572E-01  9.51691866E-02
3.02334100E-01  6.76300049E-01  9.52150822E-02
3.02723957E-01  8.40618134E-01  9.52721760E-02
3.03113814E-01  8.84832382E-01  9.52528492E-02
3.03503671E-01  7.71183014E-01  9.52114612E-02
3.03893528E-01  6.37277603E-01  9.52803344E-02
3.04283385E-01  8.70662689E-01  9.54779312E-02
3.04673242E-01  8.47332001E-01  9.55317542E-02
3.05063099E-01  6.19810104E-01  9.55539346E-02
3.05452956E-01  7.01187134E-01  9.57903042E-02
3.05842813E-01  6.44266129E-01  9.59424525E-02
3.06232670E-01  6.39556885E-01  9.58721861E-02
3.06622527E-01  8.17113876E-01  9.59564075E-02
3.07012384E-01  7.03405380E-01  9.59148705E-02
3.07402241E-01  7.05604553E-01  9.60676223E-02
3.07792098E-01  7.77921677E-01  9.61188972E-02
3.08181955E-01  7.06974030E-01  9.60786715E-02
3.08571812E-01  4.63912964E-01  9.61640105E-02
3.08961669E-01  7.56614685E-01  9.63641703E-02
3.09351526E-01  6.83721542E-01  9.60048139E-02
3.09741383E-01  4.80848312E-01  9.63551253E-02
3.10131240E-01  6.45814896E-01  9.64997187E-02
3.10521097E-01  5.83259583E-01  9.62452516E-02
3.10910954E-01  7.83966064E-01  9.62457731E-02
3.11300811E-01  6.94093704E-01  9.64662060E-02
3.11690668E-01  4.73260880E-01  9.62262675E-02
3.12080525E-01  6.17231369E-01  9.64537486E-02
3.12470382E-01  7.16934204E-01  9.64378417E-02
3.12860239E-01  7.07563400E-01  9.65950564E-02
3.13250096E-01  6.03281021E-01  9.66656208E-02
3.13639953E-01  7.52029419E-01  9.65828449E-02
3.14029810E-01  6.94671631E-01  9.67950150E-02
3.14419667E-01  5.23046494E-01  9.67787430E-02
3.14809524E-01  6.00168228E-01  9.67928022E-02
3.15199381E-01  4.75322723E-01  9.67335105E-02
3.15589238E-01  6.10750198E-01  9.67820138E-02
3.15979095E-01  6.63745880E-01  9.66094956E-02
3.16368952E-01  5.29296875E-01  9.70009491E-02
3.16758809E-01  6.54083252E-01  9.72803086E-02
3.17148666E-01  6.96599960E-01  9.70444307E-02
3.17538523E-01  4.59812164E-01  9.71234590E-02
3.17928380E-01  4.49607849E-01  9.71599966E-02
3.18318237E-01  3.75442505E-01  9.71597955E-02
3.18708094E-01  5.70648193E-01  9.71836746E-02
3.19097951E-01  5.17766953E-01  9.72667783E-02
3.19487808E-01  5.55839539E-01  9.73015353E-02
3.19877665E-01  5.58856964E-01  9.72426683E-02
3.20267522E-01  5.50291061E-01  9.70430896E-02
3.20657379E-01  4.89700317E-01  9.73385349E-02
3.21047236E-01  3.87399673E-01  9.71897319E-02
3.21437093E-01  4.54162598E-01  9.70875621E-02
3.21826950E-01  5.04482269E-01  9.72347707E-02
3.22216807E-01  6.00410461E-01  9.70632061E-02
3.22606664E-01  4.03371811E-01  9.67860296E-02
3.22996521E-01  3.92332077E-01  9.71408188E-02
3.23386378E-01  2.72129059E-01  9.72023308E-02
3.23776235E-01  3.94809723E-01  9.72616896E-02
3.24166092E-01  4.37343597E-01  9.71936733E-02
3.24555949E-01  2.97166824E-01  9.80229229E-02
3.24945806E-01  5.82670212E-01  9.88615677E-02
3.25335663E-01  4.16709900E-01  9.94611531E-02
3.25725520E-01  4.07533646E-01  9.97607708E-02
3.26115377E-01  5.53562164E-01  1.00116819E-01
3.26505234E-01  4.89379883E-01  1.00261353E-01
3.26895091E-01  5.53396225E-01  1.00502081E-01
3.27284948E-01  5.18434525E-01  1.00953303E-01
3.27674805E-01  5.21465302E-01  1.01170175E-01
3.28064662E-01  5.95399857E-01  1.01169586E-01
3.28454519E-01  5.81945419E-01  1.01412781E-01
3.28844376E-01  4.41835403E-01  1.01339012E-01
3.29234233E-01  4.04163361E-01  1.01744659E-01
3.29624090E-01  4.01988983E-01  1.02104560E-01
3.30013947E-01  4.67460632E-01  1.02243386E-01
3.30403804E-01  4.27742004E-01  1.02211192E-01
3.30793661E-01  2.45971680E-01  1.02687046E-01
3.31183518E-01  2.72338867E-01  1.02799721E-01
3.31573375E-01  1.91677094E-01  1.02995552E-01
3.31963232E-01  1.97736740E-01  1.03164479E-01
3.32353089E-01  2.58110046E-01  1.03214443E-01
3.32742946E-01  2.50160217E-01  1.03637189E-01
3.33132803E-01  3.43597412E-01  1.03711993E-01
3.33522660E-01  2.64204025E-01  1.03483424E-01
3.33912517E-01  1.95978165E-01  1.04128487E-01
3.34302374E-01  3.07300568E-01  1.04213476E-01
3.34692231E-01  3.46426010E-01  1.04533121E-01
3.35082088E-01  5.43266296E-01  1.04486853E-01
3.35471945E-01  3.71107101E-01  1.04983151E-01
3.35861802E-01  2.28479385E-01  1.05241187E-01
3.36251658E-01  2.83399582E-01  1.05274260E-01
3.36641515E-01  3.09232712E-01  1.05536185E-01
3.37031372E-01  2.94099808E-01  1.05581209E-01
3.37421229E-01  2.36732483E-01  1.05982214E-01
3.37811086E-01  1.54050827E-01  1.05970182E-01
3.38200943E-01  2.96438217E-01  1.06403910E-01
3.38590800E-01  1.11797333E-01  1.06562868E-01
3.38980657E-01  1.78224564E-01  1.06683291E-01
3.39370514E-01  1.34450912E-01  1.06447801E-01
3.39760371E-01  1.84352875E-01  1.06825650E-01
3.40150228E-01  2.61285782E-01  1.07347086E-01
3.40540085E-01  -1.68170929E-02  1.07277848E-01
3.40929942E-01  1.38370514E-01  1.07473500E-01
3.41319799E-01  1.93424225E-01  1.07593618E-01
3.41709656E-01  1.20445251E-01  1.07606113E-01
3.42099513E-01  1.79521561E-01  1.07474655E-01
3.42489370E-01  3.63292694E-02  1.07821077E-01
3.42879227E-01  2.20232010E-01  1.08383365E-01
3.43269084E-01  4.33322906E-01  1.08710475E-01
3.43658941E-01  2.36953735E-01  1.08639866E-01
3.44048798E-01  1.95053101E-01  1.08609289E-01
3.44438655E-01  7.58323669E-02  1.08775921E-01
3.44828512E-01  2.06817627E-01  1.08974837E-01
3.45218369E-01  1.34353638E-01  1.08668596E-01
3.45608226E-01  9.54971313E-02  1.09130494E-01
3.45998083E-01  9.75856781E-02  1.09278187E-01
3.46387940E-01  3.31264496E-01  1.09253474E-01
3.46777797E-01  3.59378815E-01  1.09408163E-01
3.47167654E-01  2.36518860E-01  1.09879509E-01
3.47557511E-01  2.92764664E-01  1.09719433E-01
3.47947368E-01  2.05810547E-01  1.09822318E-01
3.48337225E-01  2.83596039E-01  1.09939203E-01
3.48727082E-01  1.32728577E-01  1.10338673E-01
3.49116939E-01  1.43623352E-02  1.10081218E-01
3.49506796E-01  1.09704971E-01  1.10525057E-01
3.49896653E-01  -3.78131866E-02  1.10820174E-01
3.50286510E-01  1.03168488E-02  1.10493258E-01
3.50676367E-01  1.69878006E-01  1.10927604E-01
3.51066224E-01  4.99858856E-02  1.10846266E-01
3.51456081E-01  5.38501740E-02  1.10887952E-01
3.51845938E-01  2.07912445E-01  1.11327991E-01
3.52235795E-01  7.00645447E-02  1.11037403E-01
3.52625652E-01  9.64546204E-03  1.11174807E-01
3.53015509E-01  1.51756287E-01  1.11679755E-01
3.53405366E-01  2.17781067E-02  1.11612469E-01
3.53795223E-01  -1.14040375E-01  1.12081409E-01
3.54185080E-01  -5.77926636E-04  1.12130970E-01
3.54574937E-01  -1.06231689E-01  1.12090059E-01
3.54964794E-01  -2.05249786E-02  1.12138413E-01
3.55354651E-01  -1.04196548E-01  1.12312354E-01
3.55744508E-01  -1.67959213E-01  1.12898931E-01
3.56134365E-01  5.83744049E-02  1.12736635E-01
3.56524222E-01  -2.57589340E-01  1.12994649E-01
3.56914079E-01  -2.38800049E-01  1.12882629E-01
3.57303936E-01  1.89037323E-02  1.13571212E-01
3.57693793E-01  8.10585022E-02  1.13320187E-01
3.58083650E-01  1.70854568E-01  1.13353938E-01
3.58473507E-01  1.34662628E-01  1.13787942E-01
3.58863364E-01  -1.38694763E-01  1.13776587E-01
3.59253221E-01  7.45887756E-02  1.13928638E-01
3.59643078E-01  -3.75442505E-02  1.14134684E-01
3.60032935E-01  -2.10401535E-01  1.14376798E-01
3.60422792E-01  -5.90152740E-02  1.14439018E-01
3.60812649E-01  4.91600037E-02  1.14649646E-01
3.61202506E-01  7.81631470E-02  1.14444874E-01
3.61592363E-01  7.63893127E-02  1.14891805E-01
3.61982220E-01  1.10137939E-01  1.16511688E-01
3.62372077E-01  -1.42543793E-01  1.18007362E-01
3.62761934E-01  -2.89983749E-01  1.18763782E-01
3.63151791E-01  -2.33491898E-01  1.19819157E-01
3.63541648E-01  -1.51430130E-01  1.20484784E-01
3.63931505E-01  -2.64511108E-02  1.21698886E-01
3.64321362E-01  1.12907410E-01  1.22775860E-01
3.64711219E-01  -2.10514069E-02  1.23520024E-01
3.65101076E-01  9.36126709E-03  1.23938181E-01
3.65490933E-01  -2.61678696E-01  1.24240875E-01
3.65880790E-01  -2.78400421E-01  1.25609115E-01
3.66270647E-01  -2.52496719E-01  1.26054972E-01
3.66660504E-01  -2.90628433E-01  1.26308888E-01
3.67050361E-01  -2.89854050E-01  1.26904488E-01
3.67440218E-01  6.10542297E-02  1.26898021E-01
3.67830075E-01  -2.73378372E-01  1.27943859E-01
3.68219932E-01  -3.74032974E-01  1.28483653E-01
3.68609789E-01  -2.05192566E-02  1.29140601E-01
3.68999646E-01  -4.39260483E-01  1.29767463E-01
3.69389503E-01  -3.05898666E-01  1.30506769E-01
3.69779360E-01  -5.46569824E-02  1.31027088E-01
3.70169217E-01  -1.72307968E-01  1.31415248E-01
3.70559074E-01  -4.11052704E-02  1.32334888E-01
3.70948931E-01  -2.73332596E-01  1.32400855E-01
3.71338788E-01  -1.31065369E-01  1.33413374E-01
3.71728645E-01  -1.00793839E-01  1.34228766E-01
3.72118502E-01  -3.35668564E-01  1.34606853E-01
3.72508359E-01  -4.76411819E-01  1.35244280E-01
3.72898216E-01  -3.63044739E-02  1.36004731E-01
3.73288073E-01  -1.35057449E-01  1.36678070E-01
3.73677930E-01  -8.33263397E-02  1.36629283E-01
3.74067787E-01  -4.37709808E-01  1.37467995E-01
3.74457644E-01  -5.22861481E-01  1.38144955E-01
3.74847501E-01  -3.38409424E-01  1.38834491E-01
3.75237358E-01  -2.82001495E-01  1.40173405E-01
3.75627215E-01  -4.53065872E-01  1.39814228E-01
3.76017072E-01  -1.93647385E-01  1.40447065E-01
3.76406929E-01  -3.64448547E-01  1.40871122E-01
3.76796786E-01  -1.77146912E-01  1.41765565E-01
3.77186643E-01  -1.82914734E-01  1.42269224E-01
3.77576500E-01  -3.48527908E-01  1.42768309E-01
3.77966357E-01  -2.15236664E-01  1.43590555E-01
3.78356214E-01  -3.47759247E-01  1.43602103E-01
3.78746071E-01  -1.89083099E-01  1.44619524E-01
3.79135928E-01  -2.57034302E-01  1.44948617E-01
3.79525785E-01  -4.55211639E-01  1.45213515E-01
3.79915642E-01  -1.67776108E-01  1.45962775E-01
3.80305499E-01  -3.71633530E-01  1.46358684E-01
3.80695356E-01  -5.49024582E-01  1.46456003E-01
3.81085213E-01  -3.38777542E-01  1.47016481E-01
3.81475070E-01  -2.47367859E-01  1.47423178E-01
3.81864927E-01  -3.71463776E-01  1.48421794E-01
3.82254784E-01  -5.07747650E-01  1.48689717E-01
3.82644641E-01  -2.20037460E-01  1.48879215E-01
3.83034498E-01  -5.83473206E-01  1.50182322E-01
3.83424355E-01  -4.49567795E-01  1.50176257E-01
3.83814212E-01  -5.54655075E-01  1.51253313E-01
3.84204069E-01  -5.45059204E-01  1.51711419E-01
3.84593926E-01  -6.62681580E-01  1.52282238E-01
3.84983783E-01  -7.24882126E-01  1.53267696E-01
3.85373640E-01  -8.14252853E-01  1.54004544E-01
3.85763497E-01  -6.14017487E-01  1.54034674E-01
3.86153354E-01  -5.52135468E-01  1.54921114E-01
3.86543211E-01  -5.83057404E-01  1.55587614E-01
3.86933068E-01  -7.83815384E-01  1.55467153E-01
3.87322925E-01  -6.70532227E-01  1.55805886E-01
3.87712782E-01  -4.45392609E-01  1.57429904E-01
3.88102639E-01  -4.39691544E-01  1.57329768E-01
3.88492496E-01  -4.53924179E-01  1.58426180E-01
3.88882353E-01  -5.21600723E-01  1.58379748E-01
3.89272210E-01  -4.77388382E-01  1.58934295E-01
3.89662067E-01  -5.28499603E-01  1.59644872E-01
3.90051924E-01  -3.23949814E-01  1.60222709E-01
3.90441781E-01  -4.46304321E-01  1.60224169E-01
3.90831638E-01  -6.34193420E-01  1.61282271E-01
3.91221495E-01  -5.09983063E-01  1.61442578E-01
3.91611352E-01  -5.28358459E-01  1.61901981E-01
3.92001209E-01  -6.43424988E-01  1.62507474E-01
3.92391066E-01  -7.14790344E-01  1.62889451E-01
3.92780923E-01  -6.92113876E-01  1.64247602E-01
3.93170780E-01  -3.59283447E-01  1.64949894E-01
3.93560637E-01  -4.61444855E-01  1.64678410E-01
3.93950494E-01  -4.77460861E-01  1.65658429E-01
3.94340351E-01  -5.52471161E-01  1.66824430E-01
3.94730208E-01  -5.14806747E-01  1.67419508E-01
3.95120065E-01  -6.06994629E-01  1.68027788E-01
3.95509922E-01  -4.84548569E-01  1.68787017E-01
3.95899779E-01  -8.07775497E-01  1.69431299E-01
3.96289636E-01  -6.75313950E-01  1.71169609E-01
3.96679493E-01  -5.99098206E-01  1.70344815E-01
3.97069350E-01  -9.68662262E-01  1.71853349E-01
3.97459207E-01  -8.28170776E-01  1.72329456E-01
3.97849064E-01  -4.19261932E-01  1.72740832E-01
3.98238921E-01  -6.91110611E-01  1.73447207E-01
3.98628778E-01  -4.74420547E-01  1.73984751E-01
3.99018635E-01  -6.74436569E-01  1.73850417E-01
3.99408492E-01  -8.17750931E-01  1.76146850E-01
3.99798349E-01  -6.52935028E-01  1.76476702E-01
4.00188206E-01  -4.19004440E-01  1.77658364E-01
4.00578063E-01  -7.38336563E-01  1.78442776E-01
4.00967920E-01  -7.83002853E-01  1.79443270E-01
4.01357777E-01  -5.89591980E-01  1.79480791E-01
4.01747634E-01  -6.68977737E-01  1.80426762E-01
4.02137491E-01  -5.24229050E-01  1.81137457E-01
4.02527348E-01  -6.60905838E-01  1.81288332E-01
4.02917205E-01  -6.46543503E-01  1.82545841E-01
4.03307062E-01  -7.14597702E-01  1.83916792E-01
4.03696919E-01  -3.91008377E-01  1.84796810E-01
4.04086776E-01  -9.52619553E-01  1.85547173E-01
4.04476633E-01  -9.39914703E-01  1.86381280E-01
4.04866490E-01  -7.82463074E-01  1.86682403E-01
4.05256347E-01  -7.10758209E-01  1.87586308E-01
4.05646204E-01  -7.13071823E-01  1.89175576E-01
4.06036061E-01  -6.06512070E-01  1.89272642E-01
4.06425918E-01  -7.25530624E-01  1.90215513E-01
4.06815775E-01  -1.11173820E+00  1.91397339E-01
4.07205632E-01  -1.10922050E+00  1.92184776E-01
4.07595489E-01  -9.76207733E-01  1.93774641E-01
4.07985346E-01  -6.65182114E-01  1.95101440E-01
4.08375203E-01  -9.14844513E-01  1.95531547E-01
4.08765060E-01  -7.26934433E-01  1.96321145E-01
4.09154917E-01  -7.87693024E-01  1.96690992E-01
4.09544774E-01  -6.04965210E-01  1.98078945E-01
4.09934631E-01  -5.36417007E-01  1.99405730E-01
4.10324488E-01  -1.37008286E+00  2.00401381E-01
4.10714345E-01  -8.28989029E-01  2.01430380E-01
4.11104202E-01  -1.12258530E+00  2.02515498E-01
4.11494059E-01  -9.27652359E-01  2.02754274E-01
4.11883916E-01  -1.01205635E+00  2.04456344E-01
4.12273773E-01  -9.35611725E-01  2.05549791E-01
4.12663630E-01  -1.16984749E+00  2.06549674E-01
4.13053487E-01  -9.66285706E-01  2.07652956E-01
4.13443344E-01  -7.00044632E-01  2.09342524E-01
4.13833201E-01  -9.02669907E-01  2.11206719E-01
4.14223058E-01  -1.18859291E+00  2.11650223E-01
4.14612915E-01  -1.11597061E+00  2.12579191E-01
4.15002772E-01  -1.25464058E+00  2.13263139E-01
4.15392629E-01  -1.12198639E+00  2.15706155E-01
4.15782486E-01  -1.01090240E+00  2.15847060E-01
4.16172343E-01  -9.11214828E-01  2.16802359E-01
4.16562200E-01  -7.30045319E-01  2.18301564E-01
4.16952057E-01  -7.24021912E-01  2.20720634E-01
4.17341914E-01  -1.17272568E+00  2.21008286E-01
4.17731771E-01  -1.26498985E+00  2.22391963E-01
4.18121628E-01  -9.34286118E-01  2.23576441E-01
4.18511485E-01  -7.01078415E-01  2.26272166E-01
4.18901342E-01  -7.82537460E-01  2.27096960E-01
4.19291199E-01  -7.76845932E-01  2.28108689E-01
4.19681056E-01  -1.36777115E+00  2.29510188E-01
4.20070912E-01  -1.21634483E+00  2.31100127E-01
4.20460769E-01  -7.05812454E-01  2.33759046E-01
4.20850626E-01  -1.05142975E+00  2.33830273E-01
4.21240483E-01  -1.28556824E+00  2.35596552E-01
4.21630340E-01  -1.35787201E+00  2.38455921E-01
4.22020197E-01  -9.91403580E-01  2.39049733E-01
4.22410054E-01  -1.13277626E+00  2.40644857E-01
4.22799911E-01  -1.03126335E+00  2.42248908E-01
4.23189768E-01  -1.23648453E+00  2.43105799E-01
4.23579625E-01  -9.78477478E-01  2.45153770E-01
4.23969482E-01  -8.70401382E-01  2.47299999E-01
4.24359339E-01  -7.61133194E-01  2.48722851E-01
4.24749196E-01  -6.88886642E-01  2.49864429E-01
4.25139053E-01  -1.23736763E+00  2.53616482E-01
4.25528910E-01  -1.32930183E+00  2.53852576E-01
4.25918767E-01  -1.28697968E+00  2.55237430E-01
4.26308624E-01  -1.08166885E+00  2.58432269E-01
4.26698481E-01  -7.83130646E-01  2.59515911E-01
4.27088338E-01  -9.51028824E-01  2.62109697E-01
4.27478195E-01  -1.23237610E+00  2.62522042E-01
4.27868052E-01  -1.25500870E+00  2.65151948E-01
4.28257909E-01  -9.08330917E-01  2.67321318E-01
4.28647766E-01  -9.70087051E-01  2.67307967E-01
4.29037623E-01  -9.40937042E-01  2.69217938E-01
4.29427480E-01  -9.00493622E-01  2.71556646E-01
4.29817337E-01  -1.16246033E+00  2.74368703E-01
4.30207194E-01  -1.07262230E+00  2.75887579E-01
4.30597051E-01  -1.05155373E+00  2.76325524E-01
4.30986908E-01  -1.14360428E+00  2.79074490E-01
4.31376765E-01  -1.29026413E+00  2.79382229E-01
4.31766622E-01  -1.31416893E+00  2.82904863E-01
4.32156479E-01  -1.37305641E+00  2.84749657E-01
4.32546336E-01  -1.86993027E+00  2.85544336E-01
4.32936193E-01  -1.16669464E+00  2.88872689E-01
4.33326050E-01  -1.12015724E+00  2.90881217E-01
4.33715907E-01  -1.29814148E+00  2.94703782E-01
4.34105764E-01  -1.42625999E+00  2.99713433E-01
4.34495621E-01  -1.48813820E+00  3.00910980E-01
4.34885478E-01  -1.14334106E+00  3.04773122E-01
4.35275335E-01  -1.22152901E+00  3.04028630E-01
4.35665192E-01  -9.96803284E-01  3.11572313E-01
4.36055049E-01  -1.04145813E+00  3.12204450E-01
4.36444906E-01  -1.11060333E+00  3.14271986E-01
4.36834763E-01  -1.02420425E+00  3.18252504E-01
4.37224620E-01  -1.61501884E+00  3.24441880E-01
4.37614477E-01  -1.59003639E+00  3.23764384E-01
4.38004334E-01  -1.28346062E+00  3.24671239E-01
4.38394191E-01  -1.50054550E+00  3.31346333E-01
4.38784048E-01  -8.12292099E-01  3.35982054E-01
4.39173905E-01  -1.16734695E+00  3.34707558E-01
4.39563762E-01  -1.39145851E+00  3.36800814E-01
4.39953619E-01  -6.09790802E-01  3.42081815E-01
4.40343476E-01  -8.33768845E-01  3.43994498E-01
4.40733333E-01  -1.50443459E+00  3.46853197E-01
4.41123190E-01  -1.50705910E+00  3.48654270E-01
4.41513047E-01  -1.67110252E+00  3.49997044E-01
4.41902904E-01  -9.13572311E-01  3.52006823E-01
4.42292761E-01  -6.06821060E-01  3.55348974E-01
4.42682618E-01  -1.57465935E+00  3.55568558E-01
4.43072475E-01  -1.87024117E+00  3.58477414E-01
4.43462332E-01  -1.94821548E+00  3.57478142E-01
4.43852189E-01  -1.12596321E+00  3.62275720E-01
4.44242046E-01  -1.02605438E+00  3.65717679E-01
4.44631903E-01  -1.03267670E+00  3.67730945E-01
4.45021760E-01  -8.87599945E-01  3.66678298E-01
4.45411617E-01  -1.82814980E+00  3.71674001E-01
4.45801474E-01  -2.17004776E+00  3.74865383E-01
4.46191331E-01  -1.53257561E+00  3.76404077E-01
4.46581188E-01  -1.89687538E+00  3.77585709E-01
4.46971045E-01  -9.23259735E-01  3.76460224E-01
4.47360902E-01  -1.55903053E+00  3.82331133E-01
4.47750759E-01  -1.25382233E+00  3.85344595E-01
4.48140616E-01  -1.02651215E+00  3.87371182E-01
4.48530473E-01  -2.00682449E+00  3.86557847E-01
4.48920330E-01  -1.59488487E+00  3.87825459E-01
4.49310187E-01  -1.42797852E+00  3.89678329E-01
4.49700044E-01  -1.13735199E+00  3.96473050E-01
4.50089901E-01  -2.15976143E+00  3.94153178E-01
4.50479758E-01  -2.06883621E+00  4.00177866E-01
4.50869615E-01  -2.42055511E+00  3.99182588E-01
4.51259472E-01  -1.16456985E+00  3.99264395E-01
4.51649329E-01  -6.25064850E-01  4.06674743E-01
4.52039186E-01  -1.74750137E+00  4.06521767E-01
4.52429043E-01  -1.43193436E+00  4.13232625E-01
4.52818900E-01  -1.72077560E+00  4.12878722E-01
4.53208757E-01  -1.01624489E+00  4.16102052E-01
4.53598614E-01  -1.58286667E+00  4.14783925E-01
4.53988471E-01  -1.54982567E+00  4.21557754E-01
4.54378328E-01  -1.13720131E+00  4.21425551E-01


### HEADER:
#
#{
#    "analysis": {},
#    "calibration_params": {
#        "Beam_Center_X": 644.3978066834728,
#        "Beam_Center_Y": 752.0474301231778,
#        "Detector Tilt": 0.08709704591626237,
#        "Detector Tilt Plane Rotation": 95.0001420643864,
#        "Detector_X_Pixel_Size": 172.0,
#        "Detector_Y_Pixel_Size": 172.0,
#        "Integration Method": "full_csr",
#        "Radial_Average_Method": "pyFAI",
#        "Sample-to-detector distance (mm)": 2676.5799098693146,
#        "Wavelength (A)": 1.0332016536100022
#    },
#    "config_file": "D:\\Desktop\\20241114.cfg",
#    "filename": "S_LK-9_00002.dat",
#    "history": {
#        "subtraction": {
#            "initial_file": [
#                "LK-9_00002.tif"
#            ],
#            "subtracted_file": [
#                "LK-0_00001.tif"
#            ]
#        }
#    },
#    "imageHeader": {
#        "Count_cutoff": "1409688 counts",
#        "Excluded_pixels": "badpix_mask.tif",
#        "Exposure_period": "1.0000000 s",
#        "Exposure_time": "1.0000000 s",
#        "Flat_field": "FF_p24-0163_E8048_T4024_vrf_m0p100.tif",
#        "Gain_setting": "autog (vrf = 1.000)",
#        "Image_path": "/public/Data/2024/202411/20241115/sunrui/",
#        "N_excluded_pixels": "61",
#        "Pixel_size": "172e-6 m x 172e-6 m",
#        "Ratecorr_lut_directory": "ContinuousStandard_v1.1",
#        "Retrigger_mode": "1",
#        "Silicon": "sensor, thickness 0.000450",
#        "Start_angle": "0.0000 deg.",
#        "Tau": "0 s",
#        "Threshold_setting": "4024 eV",
#        "Trim_file": "p24-0163_E8048_T4024.bin"
#    },
#    "normalizations": {
#        "Polarization": {
#            "Used": false
#        },
#        "Solid_Angle_Correction": "On"
#    },
#    "raw_version": "2.2.2",
#    "unit": ""
#}

