0 3 3 2001 0 3 0 3 0 3



1 6


2
1
0
1
2
3
4
5
6
7
8
9
10
11
12
13
14
15
100
101




1

32899315
2005 12 27 18 46 47


614213






5

18063769
2005 07 03 11 13 13


8029


5





6

18063795
2005 07 03 11 14 17


8029


6





8

15898943
2002 02 25 15 43 11











10

15898945
2003 04 25 22 18 38

80
7543








11

15898946
2002 09 22 16 02 58


300







12

42136831
2006 03 04 01 41 25

745
832382




761568770 1898

945 957 945 961 967 943 945 945 957 945 961 967 943 945 2006





1902 1884 1884
150

14 2002 5705 9 2 9 2 3 9 2 1990 1910 1910

16 1945 1994

1703 1 12

1793


110


1840 03 3 1840

1848











150


1825 1833 1900 1

1881 1908 37 1926 1973

19


150 1814 1876


1848 1864

1868

1969 1872 1872



150

1870 157

1858 1861

1897 1932

1


150


19










175

20

1871 1895 1914 1921 1940

1905 1923 100 000 300 000

175 2004

1870 1900 1910 1910 1940 1 58 1934

1922

1910 20 30

60 000 2 000




1917

1917

1918





1926





270 1936
1920 1930



1934 3 1936 1936 39

1939

1970 1990


150 1828 1910








1920




4 150


1850

70



20




150 1926 1995





2 1977 1787 19 2004 11 5 2 11 2 20 2006






1970




1960 1970








001689 41 4796






8



0684832720

1918









1872 10

1959 27 2006

1895 1895

20 91

2003 2 19


150 1928



























1871
1886
1917 1921
1921
1936
1968 1968
1999 1999






1

4341
360












85




52 1



2 1892
161594
































































13

15898948
2002 08 27 03 07 44


4








14

15898949
2002 02 25 15 43 11











15

15898950
2002 08 21 10 42 35


166








17

15898951
2002 05 17 15 30 05


2








18

15898952
2002 09 13 13 39 26


300








19

15898953
2002 10 09 13 36 44


4








20

15898954
2002 09 03 01 14 20


300








21

15898955
2002 10 09 13 37 01


4








22

15898956
2002 02 25 15 43 11











23

15898957
2003 04 25 22 20 03

80
7543








24

15898958
2002 02 25 15 43 11











25

42019020
2006 03 03 06 39 21


507787




1
2
3



10 84 0
9 9 299 0



166 1000 2005



3 10




2 1940

1912

1943 11

50 1997

1




2



2 1943









5











3






















5


299 00
1 2 3 1 2 3















3 1 2 3





80 80






160
3 1 2 3








3 18




400


17 2002





2001













770



2002 800










2




20



1988





10 000 15 000 6 18

80


3 4 2



























01 4960 2001 30 2005
2002 6 2 149 157
1995 34 1092 1095
2001 11 1
30 2005
05 30 2005
6 2005
24 2005 6947652
26 2004 262
8 3 2002 151 8211 61 12216059
32 3 2002 207 15 12108622
2001 1 5 2001 10 11696245 60
2004 04 5511 40


2005 2005 2005 5 2006
30 2005
30 2005
2001 9 12
770 11 2005
0 3605 1409903 00 30 2005
30 2005
30 2005
30 2005
001535 30 2005
22 2005





7 7
2000 3 1999
0 11913 1639392 00







1

























































27

15898960
2002 10 09 13 37 21


4








28

15898961
2002 10 09 13 37 41


4








29

15898962
2002 10 09 13 38 05


4








30

15898963
2002 08 07 17 29 40


43






33

15898964
2002 02 25 15 43 11











35

15898965
2002 10 09 13 38 25


4








36

15898966
2002 10 09 13 39 00


4








38

15898967
2002 02 25 15 43 11











39

41496222
2006 02 27 19 32 46

24 119 3 44



0 100 90 30 7 99









2 30 3 5



3 5







45 9 3 5 9 14 13 20 5 40 15 25 45



7 12



10 50

66 102 11 104 7



90 80





0 70 150 240 5 9 12

11 2001 11 1



1 231 671



0 2 2 0 1 2 0 1 0 4 2 1 233







































40

15898969
2002 10 09 13 39 18


4








42

39218545
2006 02 11 16 19 55


9759







43

41580021
2006 02 28 07 19 07


92203


71 193 1 105 71 193 1 105 71 193 1 105
02 300
006 32079 2003 300 2003
300
300
1571 1576 1608 1592 1576 1610 700 363 7826 1 000 000 2000 80 24 4667 54 3667 348 000 2003 150


3 18 19

20 20

1939 1958 1961 6 1966 1995 1 900404 00 1

1968 1971

1971





1967 40 170 170 1967
32 000 26 000 1761

1820 31 1966 18 1971 1 1972 1 1973

1956 1960 100 1962

1960

30 1963

30 1964 100 1 5 10 1966

6 1966

1966 1000 1 1973

95 1964 1972




40 110


4








































































44

15898972
2002 02 25 15 43 11











46

15898973
2002 02 25 15 43 11











47

15898974
2002 02 25 15 43 11











48

15898975
2002 10 09 13 39 34


4








49

15898976
2002 02 25 15 43 11











50

15898977
2003 05 15 03 16 46


7279








51

15898978
2002 05 19 16 35 31


2








52

15898979
2002 02 25 15 43 11











53

15898980
2002 02 25 15 43 11











54

15898981
2002 04 01 06 26 22


4








55

15898982
2002 02 25 15 43 11











56

39218442
2006 02 11 16 18 58


9759







58

15898984
2003 03 13 02 57 44


8316








59

15898985
2003 03 13 23 05 33

80
7543








60

15898986
2003 03 19 13 36 26

80
7543








61

15898987
2003 03 13 15 07 10

80
7543








62

15898988
2003 03 20 12 54 37

80
7543








241

37661965
2006 02 01 11 35 06


477460








242

15898991
2002 02 25 15 43 11











244

15898992
2002 02 25 15 43 11











246

15898993
2002 02 25 15 43 11











247

15898994
2002 02 25 15 43 11











248

30807934
2005 12 10 09 01 43


79741







249

15898996
2002 02 25 15 43 11











251

15898997
2002 08 17 11 23 12


1689







252

15898998
2002 02 25 15 43 11











253

15898999
2003 11 08 12 12 19


7279








254

15899000
2002 02 25 15 43 11











255

15899001
2002 02 25 15 43 11











256

15899002
2002 02 25 15 43 11











258

15899003
2002 02 25 15 43 11











259

15899004
2002 04 07 01 40 05


76







260

24813178
2005 10 05 14 22 00

71
197953







261

17822768
2005 06 29 11 11 17


23999








263

15899007
2002 11 05 13 28 51


3624








264

15899008
2002 10 09 13 40 04


4








268

15899010
2002 02 25 15 43 11











269

41555330
2006 02 28 03 06 14

4
61329







270

15899012
2002 07 12 20 44 53


90







271

19178967
2005 07 19 21 19 49


18024








272

15899014
2002 02 25 15 43 11











274

15899015
2002 02 25 15 43 11











276

15899016
2002 02 25 15 43 11











278

19987901
2005 07 31 16 10 07


6949








279

15899018
2002 02 25 15 43 11











280

15899019
2002 02 25 15 43 11











281

15899020
2002 02 25 15 43 11

2
445









283

15899021
2002 08 20 15 38 36


90






284

15899022
2002 10 09 13 41 32


4








285

15899023
2002 10 09 13 41 53


4








287

15899025
2005 05 01 07 12 45

212 100 250 225







288

15899026
2002 09 01 17 22 32


66








289

15899027
2003 11 08 12 13 11


7279








290

42119076
2006 03 03 23 14 28


878293


41533857

2





10

01
01
01
01
01
01


1600

593 8





10

01
01


01
01
01



2 2 2

2 2









1
2
3
4
5
6

0041 0061

10 01010

65 97 01000001 01100001

193 129

65 97





1 15 1760 1 1760 4099 1988 5










1






1969





70 4

13


10 11
1 504
10








20






10 18
100
1


1911











258
260























































291

15899029
2002 02 25 15 43 11











293

15899031
2002 10 09 13 47 21


4








296

15899034
2003 11 08 12 13 18


7279








298

15899036
2002 10 09 13 47 51


4








299

15899037
2002 05 19 16 44 20


2








301

15899038
2002 02 25 15 43 11












302

15899039
2002 08 04 00 46 33

149
62







303

42140365
2006 03 04 02 12 43

711
704911


1
300 1







1


96 7 2 2





30
52 423 135 775
50 750 131 442
1 673 4 333
3 19
23
2000 4 447 100
26
2000 33 84
22
14 1819
11 1861
14 1868
6 5
30 13 35
84 51 88 28
190 306
330 531
2 408 734
499 152
0 0



250
2 0 300 0 0 1 1




















1000 700

1702 1702 1763 1763 1780 1780 1814 1763 1783 1814 22 1819

11 1861 18 1861 120 000 1865 14 1868

1955 1968 1950 1960




67 7




1901

1877 100

1876 1956 73 1960 1964 1968

1976 2004 25 62 5 11

2000 4 561 4 167

2004





30 135 775 2 52 423 2 3 19 23 1800 550


275
2003 132 26 505 2003






4 0 0 0 1 1 95

2



2

1800 1 250

1810 9 046

1820 127 901

1830 309 527

1840 590 756

1850 771 623

1860 964 201

1870 996 992

1880 1 262 505

1890 1 513 401

1900 1 828 697

1910 2 138 093

1920 2 348 174

1930 2 646 248

1940 2 832 961

1950 3 061 743

1960 3 266 740

1970 3 444 165

1980 3 893 888

1990 4 040 587

2000 2000 4 447 100




2005 4 557 808 32 433 0 7 110 457 2 5 2000 77 418 319 544 242 126 36 457 25 936 10 521

108 000 2 4 22 2 24 000

300


1 2000 2 1990
1 71 1 2 73 6
1 26 0 2 25 3
1 0 7 2 0 5
1 0 5 2 0 4
1 0 7 2 0 1
1 1 0 2
1 70 3 2 73 3 1 1 7 2 0 6


17 0 7 8 7 7 5 7 2 0




8211 92
8211 79
8211 49
8211 10
8211 3
8211 2
8211 2
8211 2
8211 2
8211 2
8211 7
8211 13
8211 1
8211 7


































































60











29166058 1994
2004
4 1921
2004
52694010 1974 1960 72
1979
1939










1975 1975
01000




1





1819



























































304

15899041
2002 02 25 15 43 11











305

41915510
2006 03 02 16 19 19


210455





220 7944
































250









250

23

















300 18 1778



















1990 2 000




1 5 0



1

9 308 16 2 11 780 23 54 700 476 135 36 495 405 179 388 367 161 174 182 96






1992
1976










1956
1962
1995
1996
2003
2004


70



467 540
5 8
14 7
217 265 580 398

783 879



1977

26 1985 215 227
171 1985
38 1988 25 30
1984

1999
19 1994

1990 8


















































306

15899043
2002 02 25 15 43 11











307

42155236
2006 03 04 04 35 40


676502







16
4 1861
15 1865


12 1809

15 1865



1861 1865 1865

12 1809 15 1865 16 1861 1865


1860 1860 1861

1864 65

1862 1864 1864

1863 1865



1862




12 1809 348 1 4 2 5 1786 1808 200

1815 1811 30 0 1 2 230 0 9 2 1815

1816 1818 1995

1830 22

18

200


1832 23

1837 1834 1837

1837 1841 19 2005

1841 1856


4 1842 33
1 1843 26 1926
10 1846 1 1850
21 1850 20 1862
4 1853 16 1871

24 1985



1846 1846 1847
1846

1848 1848


1850 1849 1851

1856

1858

1854 1860
1854 1820



16 1854
1854

1857 58 1858 1858

1858 1858

1858 1 4 2005 1987 1895

1858

1860
1860
1860 1860

6 1860 16 2 996 1 865 908 39 9 180 1 380 202 29 5 12 848 019 18 1 72 590 901 12 5 39

1860 61


23 1861 4 1861

1861 175 4 1861




1 1861 1861

1861 1862

75 000




300 22 1862

1862


9

60 17 1862

22 1862



22 1862 1 1863 1864

1 1863 13



4


1861 11

1862 1862 1862 1864 1869 1863 1864 1865

1862 303 39

1864
1863 12 1864









1 1864

212 233

4 1865






1861

1862

1862 1862 1863

1864 1865

100



1864


8220 8221 19 1863








1865

9 1865


250

14 1865



44

6 7 22 15 1865



250 300 1 654
177 54 1874 26 1901









1861 1865

1861 1865

1865

1861 1865

1861 1864

1864 1865

1865

1861 1862

1862 1865

1861 1864

1864 1865

1861

1861 1864

1864 1865

1861 1865

1861 1863

1863 1865





1862
1862
1862
1863
1864



1861


1861


1862
1862 1864
1862
1863
1864


1863
1864


200
100

5 1

18

12 1892 1971 12



13 1966

602 602 72 72







6 3 3 4 192 4 6 3 1 2 191 8

1860 14 1956 96
1858

1960














1999 068482535
0195150996 2002
0684824906 2005
0802838723 1999
1890 6812 1 11708 2 10
1960
1984
1993
1994
4 1945 55 2000
1957
2 1926 4 1939
1952


1987
1998
1994
1994
1988
1956
1960
1970
1997
1946
1948 5
2004
1992
1988
1983
1992
1994
1994 1865
1947
1997
2005 2005 0375708766
1967
0671867423
1999


1952
1932
1998
1972 1916
1987
1957
1997
1984
0761526463 2002


9 1953 55
1946
2 1989
2000



000313
16
1850 1865
2


77



20041027 3 5 33
2




01 1860



2

1970
1 1 2 1 1 50 1 6469 6469 6469 6469 1849
2



16
9052 2 20



12462 6 1
2517
6812 1 11708 2 1890 1835 1905 1832 1901
1815 1907 1866 1954
6811 1901
12800 1 12801 2 1899
14004 1913
11728 1909
1713 1922



7 7


1847 1849




1860 1860 1864 1864




4 1861 15 1865




1809
1865


































































308

42134476
2006 03 04 01 21 48


21036







0 4







384
7 322






384 7 322












384 2004 18

18 37


347 344 13





340


335

335 322

322

13

1









1 2 3 4






324 1951 324 1951 1968











324 1951


1968


001








1500 3 1500

43 20
























2 6








2194 2194 2194

















01






12 15







86 60









1
16
24
71
100
164


184
268
314
338
391
402
436








481
486
639
698
704
715
791
800
805

830
847
859
968
973
974 977 13 979 11


980


1094
1181
1214
1249
1252
1343


1354

1447





2 2 0 691 09950 2

























1978







1951



6

1981






2002
0195175107







1968






6

1995
1923





1922
3
0051







1907
1907








1974









2004


0505172
2004

5840


01713

119724




322
384








































































309

37835840
2006 02 02 12 39 22


153340



1951

1928 1920









380





310

15899047
2002 09 01 17 22 59


66








311

15899048
2002 07 12 20 14 52


90







312

15899049
2002 05 30 07 56 01


122








313

15899050
2002 07 13 09 18 33


90







314

15899051
2002 07 13 10 44 18


90







315

15899052
2002 07 13 10 50 57


90







316

15899053
2002 07 13 11 13 39


90







317

15899054
2002 07 14 09 07 06


90







319

15899055
2002 07 13 01 06 05


372








320

15899056
2002 07 13 11 16 52


90







321

15899057
2002 07 16 20 06 11


90







322

15899058
2002 07 13 11 00 26


372








323

15899059
2002 07 13 11 14 18


372







324

42155468
2006 03 04 04 37 49


729854


2003 5 816 1 311 540 0 1 2997 85256 55005 8

78 5 2006


13 5 34 8 5 3 85




1976


2 3 1 31 78 2 40 35 35 70 70 24 48 1280 1024











1928
1928
1928
1936
1936
2001
1928
1928
1948
1928


1935
1947
1981
1934
1934
1934
1931

1930
1963
1939
1928
1940


1933 1937
1935 1937
1928

1936 1937
2 2 1936 1956
1932 1935
1928 1956
1928
1928

1930 1960





1928

1931
1938




1934 1960


10
8

3
5
2
3





78 2006


2002
















































325

15899061
2002 08 04 00 46 46

149
62







326

28000771
2005 11 11 06 10 02


94806


202 56 253 183 202 56 253 183 149





328

15899064
2004 10 03 13 53 06


13051








330

15899066
2002 06 12 19 11 03

149
62








332

41366701
2006 02 26 22 06 27


92624




120 1986



7937230 2 20 16



0810918684









333

23401668
2005 09 17 16 42 05

111
99272

20050713





334

36597984
2006 01 25 04 14 11


60232



300 50 1955 1 1972 14



1 2006 33 1 1972 30 1972 0 9 1 12 00 00 1 2 1 1958













5 1












1492 1494 1502 1503 1492 1488 1496 1493 1502 1497 1492 1489 1497 1504 1500 1488 1493 1502 1497


281

225 253 243 253 269
21407 23376 26102





336

41949335
2006 03 02 20 54 01

66 147 108 78






















10 30 37








20060211
































































2
























1847









10 25 37



















1991
23 2003 425 785 791
1852 1891
2004

1847



1995
0465021212
1990 0192860925
1995 0679763996



























337

42100410
2006 03 03 21 00 09

209 167 177 36


73
23 1954


2000

1984


1987 1993 2005 2000 2003

2002

2005 2005 2006 2006 8 5 2006








2 2007
2005
2003
2002
2000
1999
1997
1995
1994
1993
1992
1984
1982
1981
1981
1980





1995
1994
1993
1992


1993
2003


1994
1992


2000
1995


0000487

70 1

1954























338

15899073
2002 02 25 15 43 11











339


40260861
2006 02 19 08 35 36


159678







0 4


1




2 1905
6 1982






2 2 1905 20 6 1982










25 1924 1925 1926


1929 1931 1932 16 1934 1936 1938

1942 1986

1943



1957









1950 1951 14 19

1960 1970

1968
222 1999



70 1979

6 1982

324




1959




1947 1943

1943




1985

1989

000058

1975 2112 1976


1987 2006









1963 2 1975

1968 04



2277



16 1934
1936
1938
1943
1957


2005


1961
1964
1966
1967
1969
1971
1982


1984
1989
1990
1995
1997
1998
1998
1999
1999
2000
2001
2001
2005



90






1987
0 8057 7497 1







1986
0 385 19171 5







1998
0 7879 4513 7








1962







2005
1 58567 406 0







1999
0 313 30321 5






1999
0 271 01830 5







1990







2004
0 8108 5276 4







2005
0 7391 1031 4







2004
0 7391 0698 8







1998
0 87905 845 5






8
3
1987
1 16





23


1987








2001
0 9625336 5 3







1995
0 271 01440 7





2

1
1
1999
1 26




2 02 2


2
2
1993
74 81






2005
1 577240 70 7







1997
0930073258







2005
1 930654 67 1







1999
0 8126 9390 6









2









27 23 03
100 100
99

39





756
23 1972
2 02 2













4

















6 1974

00004 7 169912

2

1905
1982
20














































340

41123331
2006 02 25 04 54 20

221 226 98 5

1 1947 2



1982 2001 2004



















1947

















341

15899076
2002 02 25 15 51 15











343

15899077
2002 02 25 15 51 15











344

40346482
2006 02 19 23 33 42


82835


3 1885 1885 21 1981 1981

1911 1917 1917

1922 1922

1937 1937

400 1949 1949 1961





6263



1916
1916
1916 1918
1922 1922
1929
1937
1938
1938
1939
1939
1940
1941
1942
1943
1944
1944
1945
1945
1947
1947
1947
1949
1952
1954 1954
1954 1954
1954
1955
1955
1955
1956
1957
1958





0245385

1885
1981













345

15899079
2004 03 15 17 30 39


34793






346

15899080
2002 02 25 15 43 11

128 227 230 147







347

15899081
2002 08 20 15 34 45


90






348

15899082
2002 08 22 22 05 03


90







349

40484200
2006 02 20 22 28 44


82835



2005

52 25 95 1992

1994 30 1998 1995 1996 1995 1 4 1999 28 1999 24 1999 2000 10 2001 2002 2003 03 30



2001



7 500 000 30 000 2

20








1883 1850 2000 8 2 1878 42 000 170 2 7 436 000 28 000 3 1895 300 000 1 200 2 88 000 000 333 000 3 1905 400 000 1 600 2 157 000 000 594 000 3 1905 110 000 000 416 000 3







1891 313 500 1905 300



1830 175 000 1850 5 000 000 1868 12 000 000 1880 17 000 000 1890 20 000 000 1905 24 500 000 1851 1867 1835 1892

1980 1990 1990


























350

15899084
2002 06 16 16 23 09


584







351

39213634
2006 02 11 15 33 09


477460








352

15899086
2005 03 27 03 27 25


209316






353

15899087
2002 06 16 16 27 14


584







356

15899089
2002 02 25 15 43 11

128 227 230 147







357

15899090
2002 02 25 15 43 11












358


40426750
2006 02 20 13 34 27


285145













36 42 3 13




11
1 12
2 381 740

32 531 853
2005
36


13
168
2004
217 224 000 000
38
6 799
85
2003
0 722
103
00


5 1962



1

1

213


1525






10 000 1000 200 8

04966


1600 1830 1900
002 1840

19

1954 1962 1 025 000 91 000 10 1962


1965 1973 1980 1976 1978

10 60 7 8 1980 1988 1991

1991 1991 100 000 1998 2002 1995 1999 2001




5

380 144 5

1960 1963 1989




48



1
2
3
4
5
6
7
8
9
10
11
12
13
14
15
16
17

18
19
20
21
22
23
24
25
26
27
28
29
30
31
32
33

34
35
36
37
38
39
40
41
42
43
44
45
46
47
48

250





220
3










2 150
60 30 95 14

1990 2000 2001 2001





90 1 5

1

7 20




80 20





20 1980 1993

60

















0121
















1954 1962
1991 2002















52




2 1993
2003 20






2874 29 2005



















































































359

41302556
2006 02 26 11 34 49


671891







161

171


161


142 161





112 113





161




112 113 114 132 133 141 145 146 147 148 151 152 161


145 146 148

133 141

111 114 117 132 133 141 151 152


111 114 132 146 147 148 152




23

26



2 132 141 144 151 152





121 132 147 161 114 131


161



111 114 131 132 143 144 152 161 146 148




12 16
















161 121 161









161


171


133


132


111 114 131 132 144 152

112 114


121 131 121 132 2 1


121 161











161


121


141 24 112 114 133 141 152



161






131 161










362

33289648
2005 12 30 20 28 28


82697










40











114 121 131 148 161







1 9 3 1








364

32287258
2005 12 21 22 16 51


85137







171




111 114 131 171




114




171


10 100

152 171




171


171




111 114 131 132 145 146 147 152


121


121


121






111 114 121 131 161 162




171











133 141






111 132 171







365

28929793
2005 11 21 20 43 06

3
50063













121

146















152

161






366

15899096
2003 03 13 15 37 38

80
7543








368

35151715
2006 01 14 15 11 15

80 177 190 150








145





121

161



121 161



141







161















112



112 114 152



141

152



161





1 161







141





131 145 146





131



6





111 114 131 132 133 141 146 147 148



16

152





152









142

114 131 132 133 142 143 152



30

161



111 131 132 142 151 152 161









112 113 152









161







141







141 151 152





111 161







369

38560634
2006 02 07 02 58 11

13
43805










1970


19








152
161
152
161
152
152
161


152

152






112
141
151
152
161
2 9















152











568

42127150
2006 03 04 00 18 59

72 141 37 94

200

1957

20





8212







152 7 7 1930 20 20 1964

20



























2003 2004



050304






1996 0451191145
5 2000 0764585568
19 2001 156511471
174 2000 0805716386
1999 1577240332
1 1998 1577240251



3 932 56403 0
2 1958
4 8284 1149 6
2000 8 248 90083 5 8 248 90169 6
2004 83 7150 969 3
9 872 09510 8 9 872 09511 6
2005 9 175 66556 5
305 305 2003 9 759 67726 1 305 305





1998





66 2
0101
90

2



1957















569

41967527
2006 03 02 23 04 10

168 18 146 160



















1935

















1922

1930











1950 1960

1960 1970 1970

1980

1980 1990






1960 1970 2002

1950




















1

2

3



1948 1997










































09 3346 1 2 4

20001120 2
2 4603271













































































570

41925879
2006 03 02 17 45 33

181
491706

41925705











1948

14 17 18





5000 200 000





1999














1966

1990 16









1949




































19

20

20




20 19 20

1960

1980




1999














1968














1990






21 2005 10 6 000

1800

90 05

















4000


2003




076741196
2001 450 0759100942
4 2004 0500284415
2001 256 0759100950
1990 0521338182















































































571

15899102
2003 04 03 17 08 05


4626







572

40369957
2006 02 20 02 43 30


150564






























1950 1960







































































573


42147983
2006 03 04 03 23 08


84942






1595 300 1595

19 2500

17 19




250

























18 18



20 1989

20






299 704 299 704 1575 1604 1603 1610 1605 1610 1575 1569 1575 1604 1582 1610 1605 1610 1575 1569 943 300 275

299 704 275 275 7881


300 17







292

5437 7 6 5

4000 1500

3 2

3000



196 7 34 42

17

4 332




9 10 1290 1241 14








11 600











16

66




354 430 245



155


46




1580 1575 1576 1585 1573 1576 1606 1581 1610 1575 1606 29 29

33 59 10 22


1 250 1771
1003 12 13 124 294

1033 1109 287 8

1170 1253
294 5

1193 1280 1225 1274 290 4 355

1214 1294 367 294 5 37 8

24 7

149

1349 335 1300 49

250
1330 1417 170 181

1300 1500 50 75

56 9 23 9




1493 1541 239 45

47 6 12

400 73 130
13 1527 1608 1564

1566 1636 1600 170 1621

1546 1601


17 18

1627 1691 11 18 18 19 19

1616 19








1919 1980

1964 1994

2006

1960







1380
1610

14218 250



1818
2 1832
1967
1988
1997
2003 2004
2003
2004


2004


1962
1992
1993
2001
2002
2003
2004
2003

2003
2004



2001


245 1963
196 7 34 42 46 29 29 10 22 149 170 181 1967

6 12 1966
33 59 37 8 24 7 49 50 75 56 9 47 1977
1986
66 1857
124 294 287 8 294 5 290 4 355 294 5 335 1990 0075571412 6
16 155 1970 0389010065
1976 0520028562
1975 0197222749
11 1959
1987
23 9 1971 0394465555
1989 0669167088 2
2000 0471354082






















































1 04
122 24 24

16 21
14218 1913






















































574

39084664
2006 02 10 16 43 29

195 157 81 101




1990 200 370










2005 1090




























1090

4


1090 1090

1090 4

1090 1090 1090
1090


1 900

4
4 4 4 1090




2006 2008

190 11 250
1090
1090


21 2004 150 2 000

2008 2012


2004


1090 31 2005




2012







212



21





060117 1






575

15899106
2003 12 11 16 14 25


20978






576

42041443
2006 03 03 11 38 19


853739


193 171 250 252 193 171 250 252









48 12 16 21




83 871 113 1 10 1 3
32 383
8 206 524 2005 86
97 78
251
8 032 926 2001
267 2005 35
318 2005 22
32 962 9
39 292 10
2003
0 936
17
009900

1919
1
1
2

43
1 2002




1955 1995 2006








16 800 48 907 955 976 10 13

250 1683

1246 20

1438 14 14 15 15 1918


1806 1804 1867 1918 1918 1919 1933

1938 1955 1995 1999



300

1920 1945

183 43 30 2003








2
2



1

2

3

4

5

6

7

8

9





240

84 000 32 000 32 500 1 640

240

5 62 12 12 10 4













1
3 797 12 457

2 3 768 12 362

3 3 739 12 267

4 3 674 12 054

5 3 606 11 831

6 3 571 11 715





20 320

1980

1 2 2001 2005 2













1 300 18

1 6 2 1 305 000 180 000 145 000 134 803 2005 100 000

91 1 14 000 40 000 20 000 30 000





25 000 40 000 1955 1 600 5 000 27 1955
1955 2005 2006 65 1955




250

16 16 17 17 1867

1918 1938 1945

20 73 5 1

12 180 000 7 300 1938 200 000 4 000 5 000 300 000 1983 20 000 10 402 2001
2005 8 000 84 97 90 87 71 67 1 5 5 251 5 5 15




2 150
















































3165 2005


































































































577


42149638
2006 03 04 03 38 21


988990











1

35 15 149 28




6
1 12
7 686 850
2 967 909
1
20 502 900
2006
52
18 972 350
2001
2
5 2
191

1900 1931
1 1901 11 1931 3 1986


2
8 10
2
8 11

61
2006
674 97
16
32 686
13
2003
0 955
3
009900
1 04 18 2




40 000 17 1770 26 1788 19

1 1901 20 4


1638 1693 1692 1676 1771 1793
200
1814 1817 1824





42 000 48 000 2002
240 1770 1988
1606 17 1770
260
26 1788 1803 1825 1829 1836 1851 1859 1863 1840 1868

350 000 1980 150 1999 2001 2002 1967 1967 2
1 240 25 2005
1850 1854 1855 1890 1 1901 1911 1901 1927 1911 1941

1931 1942 1942 1942 1951 1970 1986 1986 1999 55 1972



240 1988 1927

1975 1975 1997




1986

76 150 12

1996 1996 2004 2004 20



240

51 51








2005 60 2005 06 2 5 2005

2003 2005 06 17 5 2005 8



01 250
7 686 850 2 967 909 25 760 16 007 8 148 250 3 146 057

2 000 1 250 2 228 7 310 2 745 9 006


40





240
85 84 45 89 1999 64 16 13 2005

4000



240 3 7
2005 2005 1980 1983 1998 1996 2002 2000 10

1990 2006 5 3 10 034 500 6202 69 3 5 2005



259

20 4 19 20 2001 27 4 2005 13 1973 60

410 003 2 2 2001 1977 115 953 2001 17 2005 13

240 15

759 849 2002 03 2005

2 2001 80 2 1 1 9 1 4 200 300 70 20 50 000 0 02 6 500

2001 68 27 21 5 16 12 1 5 7 5

6 15 16 99 38 58 25 64 2005 13



240 1889
20 50



1973 20

2005 31 9 28
240

23 5 15 2005 13 1956 1956 2000 2000 2000 2004 49 17 16 16 1938 1938 1962 1962 1982 1982 2006 1







3
90
1966
2002 2002 44 455 472
1980 1980
1999 1999 8
2001 2001 20 01 20 1 20
2002 2002 2002 11 24 1037697982065 25
1941 1941 1 1 11
2000 1999 1999
1997 1997 1997 98 98 25
2005 2005 8 2005 2005 2006

1998 1998 98 1098 2
2002 2002 1
6202 6202
2005 2005 13 2005 13 2005 13 2005 13 94713 445 1425 25682000192 2 1 79 7 231704 8 256 720082 9 2005
2003 1
0 68180154 128 91 2569 000164365
2005 06
2001 2001 9 4 92657325 256 3 000 7 97 937216 32 256 008371 0
2005 2005 03
2 1995 04 18
2250 82083 28 2004
1999 2004






2 2006 01 17 1 2







27 000000 133 000000 38 871300 61 703613




2006 2006














1901









































































578

41583091
2006 02 28 08 03 44


5399


1 4 0 300 0 0 1 1 9 9 9 1 95


2
0 2 0
140 125
140 80

140
140


2

2










226 1 8 199 76 8 0


2003

203
70 260
353 914



11






1 684

2 300

300 500




1000 18

19 1899 1899

1900 1904

4500

1 1967


3 2 73








400


0





































33


































1 400



2 300















30 2002 2002 0527 1387626 50 40

31 0 11 2001
5 9
1889









2000




2000











4883 2005








1
















































579

41942092
2006 03 02 19 59 23


1008143





1979
1986 1986







1982
















580

42138169
2006 03 04 01 52 54


475997




180



1750











1 000






51











359


1687





1912














1668 1669 69





























583

15899114
2002 02 25 15 51 15











584

40444702
2006 02 20 16 26 57


709141

36472982






























586


41964454
2006 03 02 22 42 35


161478




95 32 126
712

1967 1986 33 95


0123456789




3568


1 1975 001 646 006 7 2005 28 2005 7 2005

0 127






1963 1963 8593 8592 1967

3 4 1968 3 4 1977 3 4 1986



6 1965 1967 1970 1973 1983 1991 1991 3 4 1986 1991 006 6 7 6 17 2005
646 646 1967 1972 1983 1991 646 1972 646 1991 3 4 1986
3 4 1986 50 1992 1970 3
66003 1974
1969 20 3 4 1986 1345 1992
3 4 1986 367

128


32 0 31 10 27

127 1980 0













5 5
2 5
2 5
2 5
2 5
2 5 1
2 5 2


0000 0000
000
0
00

9216

0 2

0000 0001
001
1
01

9217

0 2

0000 0010
002
2
02

9218

0 2

0000 0011
003
3
03

9219

0 2

0000 0100
004
4
04

9220

0 2

0000 0101
005
5
05

9221

0 2

0000 0110
006
6
06

9222

0 2

0000 0111
007
7
07

9223

0 2

0000 1000
010
8
08

9224

0 2 3 7

0000 1001
011
9
09

9225

0 2

0000 1010
012
10
0

9226

0 2

0000 1011
013
11
0

9227

0 2

0000 1100
014
12
0

9228

0 2

0000 1101
015
13
0

9229

0 2 6

0000 1110
016
14
0

9230

0 2

0000 1111
017
15
0

9231

0 2

0001 0000
020
16
10

9232

0 2

0001 0001
021
17
11
1
9233

0 2 1

0001 0010
022
18
12
2
9234

0 2 2

0001 0011
023
19
13
3
9235

0 2 3

0001 0100
024
20
14
4
9236

0 2 4

0001 0101
025
21
15

9237

0 2

0001 0110
026
22
16

9238

0 2

0001 0111
027
23
17

9239

0 2

0001 1000
030
24
18

9240

0 2

0001 1001
031
25
19

9241

0 2

0001 1010
032
26
1

9242

0 2

0001 1011
033
27
1

9243

0 2 5

0001 1100
034
28
1

9244

0 2

0001 1101
035
29
1

9245

0 2

0001 1110
036
30
1

9246

0 2

0001 1111
037
31
1

9247

0 2

0111 1111
177
127
7

9249

0 2 4 7











32 33 126








5 5
2 5
2 5


0010 0000
32
20
9248

0010 0001
33
21


0010 0010
34
22


0010 0011
35
23


0010 0100
36
24


0010 0101
37
25


0010 0110
38
26


0010 0111
39
27


0010 1000
40
28


0010 1001
41
29


0010 1010
42
2


0010 1011
43
2


0010 1100
44
2


0010 1101
45
2


0010 1110
46
2


0010 1111
47
2


0011 0000
48
30
0

0011 0001
49
31
1

0011 0010
50
32
2

0011 0011
51
33
3

0011 0100
52
34
4

0011 0101
53
35
5

0011 0110
54
36
6

0011 0111
55
37
7

0011 1000
56
38
8

0011 1001
57
39
9

0011 1010
58
3


0011 1011
59
3


0011 1100
60
3


0011 1101
61
3


0011 1110
62
3


0011 1111
63
3






5 5
2 5
2 5


0100 0000
64
40


0100 0001
65
41


0100 0010
66
42


0100 0011
67
43


0100 0100
68
44


0100 0101
69
45


0100 0110
70
46


0100 0111
71
47


0100 1000
72
48


0100 1001
73
49


0100 1010
74
4


0100 1011
75
4


0100 1100
76
4


0100 1101
77
4


0100 1110
78
4


0100 1111
79
4


0101 0000
80
50


0101 0001
81
51


0101 0010
82
52


0101 0011
83
53


0101 0100
84
54


0101 0101
85
55


0101 0110
86
56


0101 0111
87
57


0101 1000
88
58


0101 1001
89
59


0101 1010
90
5


0101 1011
91
5


0101 1100
92
5


0101 1101
93
5


0101 1110
94
5


0101 1111
95
5






5 5
2 5
2 5


0110 0000
96
60


0110 0001
97
61


0110 0010
98
62


0110 0011
99
63


0110 0100
100
64


0110 0101
101
65


0110 0110
102
66


0110 0111
103
67


0110 1000
104
68


0110 1001
105
69


0110 1010
106
6


0110 1011
107
6


0110 1100
108
6


0110 1101
109
6


0110 1110
110
6


0110 1111
111
6


0111 0000
112
70


0111 0001
113
71


0111 0010
114
72


0111 0011
115
73


0111 0100
116
74


0111 0101
117
75


0111 0110
118
76


0111 0111
119
77


0111 1000
120
78


0111 1001
121
79


0111 1010
122
7


0111 1011
123
7


0111 1100
124
7
124

0111 1101
125
7


0111 1110
126
7





0 9 0011 0011



1345 1992

3 4 1968
3 4 1986



646
646 1991
6
367
367





7

646 1972 7

128 8 437 128

8859 8859 7 8859 1 1252 8859 1 7

10646 8859 7 8 128 7 8 8 128 16 128 16 32

17 2005















8
8859





646









0000
29 2004 17 2005



8 2006
23 14 25 2005
23 14 25 2005
64 2 4 5 1 2

5

















































587

42091980
2006 03 03 19 50 49


107326




























1924



10







1851


1927
1929

1940






























588

42098769
2006 03 03 20 46 07


137674





280

30 370 000 2 11 730 000 5 9 20 3 840 000 000 2005 61 12


250






1495 1554

85 165




17 250

30 360 288 2 11 722 173 2

130 80 37 21 34 51 15 8 000 5 000 17 33 22 51 27 52 7 400 4 600 26 000 16 100 1 12 9 700 000 2 3 760 000 32 000 19 800





1890 250 1890

20 7 3 9 3 0 2 3 1 4 600 000 1 9

25 000

3300 343

1482 1492

19

50 2








100

19 10








1970 70 1980 80

1960 1980 70 13

1970





13

3 5 1998












2003 175 151 175












7





16 19 1960

1972


300





240 285
30

50 120 000








6000

21







40 40 20







640 710

2005


300
300
310




























































































1 4 0 1


