


01 1998






20 1970 1980 1990 2000



















1970 1980 1990 1990




230




















009


















250







1960

15














23 26 13



















250










































2001 1880656647
2001 031223862
1998 1880656329
2000 1880656531
1958 1988 2000 2980575909




























7 7





15 5 2005















































801

41953207
2006 03 02 21 21 56


13051

















802

41707805
2006 03 01 05 06 20


181435





2
2 250
2

250


4 319 167
2005



39
52

32
52

850
06
0312
06





4 319 167 5 153 000 2005 850 2800





500 39 52 30 32 52 39 875 32 8333




1926 300 1920
2 10

333 323

278

200
189 6 11

1071 1073 1356 1403

1919 29 1923 13 1923

300






300
1953



300 3


1522

19







2 300




10 2

3

362



1935

1927

1970


200

20

15 16 18




300 2004

1881



200



200



1970

















300




300


5 7 13







12

14

9572 9572



























































803

41737407
2006 03 01 11 20 21


603651









206 1998 286 2004
5

2
3
4





1 2
1 1 1

6
























































2 2
2
2
2
2
2
2
2
2
2

80
80

2
80




80
1


2
80



80



2


2
2

2



2




2






































786



7







1990

3


1997 1 36 1 17 1 35 1 113













20 20 20 3 3 3
31

10 4 6173
1 17
1 118


50


01 3 3 00




1 1
2 1289272 2



1 113

4











































































804

15899318
2005 06 13 21 08 10


23076








805

15899319
2003 02 02 21 17 03


5753







806

41826845
2006 03 02 00 19 12

68 110 117 88





0078788








10 1979
153 202

31 500 000


1979 1979

1976






2001 200 1991










3 3 17



1 6 6 12 100 100














2001 49








70 35















500
















1979

1979


100 100 28 12 100 100 25 1




19




1900 20







1994

2



2021




1999

50





1995
1979






2 1991






















2













2000

1979 1979

















500






0078788




1979






























807

15899321
2002 10 09 13 51 13


4








808

42010697
2006 03 03 05 03 26

24 5 197 100






13 1899

29 1980




13 1899 29 1980 1939 1956



1967







13 1899



14

1920


1925 1925 1927 1927

1926 1928

1929 1929

1933 1934 1934 39 1935 39 1935 39

1938

1930




1940 1940

1940 1941 1941 1947 1943



1945

1946

1948 1920




1951

3 3

1956 1934 1956

1958

1959 1960 1963 1972



1976

1980 29 1956

80




1954 1954

39 1935 39














1948 10

1958








1959 1963 1972

39 1935 39 1964 1955 40 000 1969










1967 0671604295


1967

1940 1944 1945 1945
1941

1940

1980




1955 1955 1965 1965 1980













13 1922
1923
1927 1925
1926
1927
1927
1928
1927 1927
1928
1928
1929
1929 1929


1929 1929
1930
1930
1930
1931
1931
1932
1932
1933
1934 1934
39 1935 39 1935
1936
1936
1937
1938
1939
1940
1940
1941 1941
1941
1942
1943
1944
1944
1944 1944
1945 1945
1946
1947
1948
1949
1950 1939
1951
1953
1954
1954
1955
1955
1956 1956 1934
1956
1958
1959
1960
1963
1964
1966
1969 1969
1972
1976


1955
1955
1955
1956
1956
1956
1957
1957
1957
1958
1958
1958
1959
1959
1959
1960
1960
1961
1961
1962











































1985
2002
2001
1986
1992
1983
2003
2000
1990
2003
2005 2
2002 2 2



0000033

05
1







133
13





1899
1980























































809

42042622
2006 03 03 11 54 38


430793








240








1830







2 2002 08 0802 1



10 32 8 250 551 30 11 8 22 26 12 16 1992

3 9 8











10 6 30 7

1906 18 9 62

6 20

2 30







1958
































810

37885228
2006 02 02 19 59 53


760284


198 234 202 130 198 234 202 130 198 234 202 130

300


1 2

4 74 407

1 731 741 1 1 835















01315


























811

15899325
2003 06 19 20 55 07


1078








813

15899327
2002 02 25 15 43 11












814

15899328
2002 02 25 15 43 11












815

15899329
2002 08 01 05 30 57


90







816

15899330
2002 08 20 15 34 29


90






817

15899331
2002 02 25 15 43 11












818

15899332
2002 09 13 13 38 56


300








819

15899333
2002 02 25 15 43 11












820

15899334
2002 02 25 15 43 11












821

15899335
2002 02 25 15 51 15











1911
822

15899336
2004 01 06 22 27 09


8551







824

42001331
2006 03 03 03 39 11

71 131 202 249


60 250

1862 1857 1920 1971

1962 1982







1963 1992 2003 1990










































825

41866943
2006 03 02 06 09 48

84
214985






















19



23 10 10 2005



















826

15899340
2002 08 04 10 32 35


2214







827

15899341
2002 08 20 14 14 10


166








828

15899342
2002 08 20 10 19 23


90






829

15899343
2002 08 04 10 34 47


2214







830

15899344
2002 08 20 10 19 37


90







831

15899345
2002 08 20 10 19 55


90







832

15899346
2002 08 20 10 20 19


90







833

15899347
2002 08 04 10 37 54


2214







834

15899348
2002 08 04 10 37 21


2214







835

15899349
2002 02 25 15 43 11

2
445







836

15899350
2004 03 06 15 24 27


13051







837

15899351
2003 05 15 03 18 07


7279








839

15899353
2003 02 07 17 05 42


8351








840

42010989
2006 03 03 05 06 29


293268


1904














19





0 1 0 1 2 2















3


































2006 009959

























1973





0 1 0 0 1 1 0 1 0 1


















1989






59 514 516 1904
65 261 281 1908






















841


41933099
2006 03 02 18 47 06


147410





300

406 453 434 452








406

418 12






300

432 434 350 114 5

440

440 441 441 442

443 6 000 1 963 2 100 687 12

445
29


445 446 447



275

448







3




19

450 433

450

450

451 7


452

275

410

453

2005 0425202720 450 457




270

448





448





75 2
35

30
35





017

1926 39 1
021 39 35











1870



0425202720
0905205154
1960
1973
1948 1999 0631214437


1
1 34
20

400
453










































842

42124188
2006 03 03 23 55 45


30706




































































843

42121758
2006 03 03 23 36 25


175193



2 200




1962 1971



1

2

1944 3











9 9



21 21










1945












1987 1871 2 0
1978 1985 0091360803 1
1982 1988 411 1988 0394570200



12305
25722 1977
16 1

1962


100



100















844

42041031
2006 03 03 11 32 24

96
397881



1 0 5 200

200

200

200





742 951 1 2005

52 22 4 54





12 2005 742 951

17








200
13 1300 1301 14

16

17
17 17

10 000 1500 30 000 1570 60 000 1600 105 000 1622 200 000 1700 200 800 000

200 18 19 1815

19

200 1 2004 936 432 263


10 1940 80 000 5 000



90 1947

1489




4 89943 52 37109 200

1980




12 830 1300 1400 1500 1600 1650 1796 1830 1849 1879 1899 1925 1999
1 000 3 000 12 000 60 000 140 000 200 600 202 400 224 000 317 000 510 900 714 200 727 100


1600







3 1
16

55







1975







42




1928 1928

400




30







































90
5425






































































846

40357438
2006 02 20 01 02 43


82835



2005 200 19
19












847

42122808
2006 03 03 23 44 21

24 211 126 187



300



2005 500 0 074 220 0 75




3 1886 1888 89



18 1769 6 1771


1806 1826

1860 400 1863 1860

1860 1870 1870 1888 1889

1862 300

1861 1870 1873 1852

1883 1884

1870 1884

1886

1885 1886 1887 1888 25 1893

1886 4 1889 1890 1895 30

1890 1889 1889

1877 1879 1905


1895


2 250
1789 1804

5 1895 549160 1888 1910

260

1902 1910 1910 1911


1989 250 1989
2000 250
1920 1950 1930





100 15 85 300 15 150

1919 1970

1990 1 75

2005 60




300


1770 1896 08 17 1899 09 13

32 64

1958



40 000 2020 2010


2005 63 29 4 25 8 16 7 8 1 3 9 2 4 10 1



1 2006






30

2006 6

10 400


2













































2
4




































































2005 2 32



















































848

41903912
2006 03 02 14 29 36


271938



200





1969 250 1969

1899 1901 1910 2

2612 3564 4680 5720 1920 4655 1924 1928 1929


1932



1958 88 72 54 1965 1964 23 2005
60 250 60 1968 1972
1969 1950 1967 80

70 80 70


750 250
750 250

100 1968 80 80 1973 1972

4 6 4 6

1986 80 89 1987 90 80

60 60

60 5000 100 200 1989 1990 4 1996 4 6 8

2004 11 779 441 21 50 19 3 17 2 58 5 2005

2003 4 2004 6


1930 1990


1980

1984 1 1 1 4 302 1985 11 25 39 1986 200 30 11 09 22


1987 10 47 85 1 2 1 5 600 447 6 1 0 60 0 100 2 3 1

1988

1989 90 90

1990 8 1993

1998

2000 4 4 4 2003 6 6 2004

2004 2002 4 4


1999 8 8 900 24 2000 2002 2003 8 8 8 900 2004 8

2005 24 8 8 8 900 50 1 8 2 3 8 1967 8 2006 10 13 2005 10 2006 12 2006 24


100 10 12 1994 8

2 2001

1970 1980

1980 5 2 1 2 2 6 2 1 5 1980 400 298 1990 2 0 2 3 1980
1990 8 1990 100 200

1991 4 80 80 5 80 90 100 100 100 200 8 8 80 90 4 5

100 1992 2 8 6 80 80 90 80 4 5 6

5 230 169 200 20 1991 2 100 4 4

8 8 8 8 1994

1995 4 4 80 80 100 6 4 6 6 4 4 2 80 1999 3 3 1997 1998 2 2 2004

1 4 1 6 1 8 4 1 8 2 6 2 8 6 2 2 5 4 2 8 6 2 4 2 8 30 6 1998 3 7 8 6 0 12 8

3 2 7 6 4 6 2 8 6 3 0

3 4 6 8 1 8 2 0 3 0 6 3 1 1 6 4 2 0 3 1 6 1980







2 2
3 3
3 3
4 4
4 4
4 4
6 6
6 6
6 6
7 7
8 8
8



50
80 80 90 4000
100 100 200 5000

8
4 6





5 5
4 4
5 5
8 2006 8




2004






















100 100 100 5000 6





































849

42156837
2006 03 04 04 52 45


205136


24 57 130 124 24 57 130 124 24 57 130 124
747 750 350 747 400 747 400










200









350 380 800 747 400 225 4


1937










1950

2

111 111 14 1



22



2005




250 6


7 000 8 000 2100 2400 20 000 6100
1973

40 000





4781 250
3 47 53 4 3 4 1940 42 1943 6 1944 1944 1944




750 250 206 206


206















































468
2005 12 20 203709










4


1 1 2 1 1 50 1 821393 821393 821393 821393















































850

41236145
2006 02 25 23 52 17


124371




1991


250




18 1971 0 3605 563163 00


1971 1991

1996 1990



2001 2

2004 99 883 4 303

0 1284 52426 00



0 3605 563163 00






808



21

02



1960








82




0 3605 563163 00 1950 3 13 100
16









85 92 1992
1994
1995
1996
2001
2006


1992
1992
1993
1995
1995
1996
1997
1999
10 2004


1994
1995
51 13 1996
10 54
26 2003
2 12 2003 26 26
2005 26 26



1991
2 1992
3 1993
4 1994
5 1995
3 1 1997
1995 2005
2 1995 2005
2 2001
2003
11 2003
2005
12 2005 195


1991 1995
1993


4 1992
5 1992
9 1993
023 4
1998


1994


1992
1993
1992 1992


1993 2001
1993


1992


1992


1995 90 200
100

237 7

1 6 1992
2005







1
4

4 4







1971





















851

41383827
2006 02 26 23 55 10

68 0 192 101


200

21 1833 10 1896


17 1630 1702 1801 1872 1859 1831 1888 1847 1864

2003 2003




1867

1876

1894 1895 19 20

1829 1896


1894 1896





1888

27 1895 10 1896 31









2001





1911
1929
78 317 26 1868



1

271383



1833
1896
































































852

42085266
2006 03 03 18 56 34


57658


38 139 36 119 38 139 36 119 38 139 36 119




3 1847

2 1922







3 1847 2 1922




1868

13 16

1866 1867



1870 23 1873

1876
7 1876 174 465







1882 1888 50 000 1902 1914

11 1877 1922

100 100


0 1





1817 1873 1878 13 1878

700 213

18 1880


1881 1882


1907

1909


1906

1908

1910 1911 4 54
350 260 1919 9 1919 4 70 86


1912 1918 1921







1970 40



42027



2 1 27 1880 118 1880 305 324 1880
1 1 2 1 1 50 1 174465 174465 174465 174465
4 695 51 500


1847
1922






































































853

40627918
2006 02 21 22 53 04

87 80 100 62


1 1907 1912




1916 1926

1922 1926

1934 1 200 121934

2005 1101

1984 2000 2000








































2



































































































1798



792



7 6
288 241 3 1
4 1 94 02 3 9 1980 90




























854

41799125
2006 03 01 20 55 01


621721


200





200
11 20




1 8888 7 8 2 85
3 1 204 153 51



















1885
1885 15



1915




















20

1915 10 372 411




9 9 9

9 9 9


74 457 124 281 35 560 24 192 258 490

73 134 116 949 48 635 3 615 242 333
9 9 9
32 830 138 902 2 336 177 894
9 9 9
7

449 044 219 494 11 395 754 046

83 625 247 778 3 960 337 925

54 633 162 554 634 219 959

27 798 197 317 430 205 457

7 710 113 700 0 142 142
9 9 9
7

82 503 215 492 50 809 353 976

150 946 194 391 17 882 239 236

16 800 244 698 5 040 250 938

1 200 291 317 8 800 317 017

26 970 246 851 7 495 408 957
9 9 9
7

8 589 294 191 6 900 325 180

10 253 196 087 489 207 258

2 565 149 968 987 153 565

55 518 174 140 753 230 490

10 096 174 337 600 185 056
9 9 9
7

3 154 265 283 14 019 283 043

717 116 999 346 118 062

23 201 157 331 44 985 226 912

18 801 128 787 39 448 194 281
9 9 9
7

10 783 334 337 1 424 346 552

7 986 319 224 507 324 738

1 143 165 407 960 167 510

5 007 119 467 314 129 846
9 9 9
7

7 702 451 214 64 070 522 986

36 739 198 000 50 600 285 339

27 761 38 500 18 046 84 307

27 174 151 800 37 919 216 893
9 9 9
7

154 774 404 656 26 321 583 751

136 087 233 454 22 585 392 126

2 924 231 885 0 234 809

59 748 87 871 1 718 149 337
































































855

15899369
2005 03 13 01 44 12


159678







856

42159476
2006 03 04 05 21 49


354391




1 1970

1977 1983 1984







1976 1980
1 1976 666 66

1971 500 2 2 200



16 1977 1977

1980 1983

1979 18

1981 1989
1984 250 1984 1984
1980 1983 9995

1984 1984 1984 1984

1983 1985

1985

1990 1993
1989

100 1991 1989 1991



1993

1990

1990


1994 1997

1990

1994



1994 68

1990

4 1997 9 1997 12

1998 2005
250 1998
1998 128 1990 90

800 000 1998 309 1993

1999 2000 2001

2001 9 9 9

200
2001

2001 42 2 4625262 2006 99 1 1 000 000 000 2006 06 2006

2002 2002

10 2005 6 2005 2006 2005 06 2006 2007

2006 2006 86 2009 1006 3 5733319 1112 2005 06 06 06

5 2003 5 4



2006

10 2006 15 4 4 4 2 3

10 4 5 06



86 9 2006 17 5 2006 15 4 22 2006




5 60



5

4

5

4


5

























1984 2005 1998 5 1994

1991 1990

2001 30 60 1 2 4 512 1







2










110
110 1976 1998
110

1976 0 2125 60597 00

1937

1998 5 5 10 3 10 4 4








3 5





2 100

1977

1977 1981
1981 1983
1983 1993
1993 1996
1996 1997
1997



























28 29

1997 0 56677 0



1978 1981 80 000 1989 1981 1991 26 5 2100 1027 3 5378401 2003 11325 27 2006

1982 100

1988

1998 2100 1023 221921 1999 99 990427

1994 7100

2000 3 23 2001 2004 2005

2004 97 2005 2005

2005 20 2005 2004
















1999 500 0887309194
0887309658
2004 2 0 1593270100
1999 0385486847
0140291776
2004 0596007191
25 2005


















1
251





1976
















































857

41953767
2006 03 02 21 25 44


527862


2005





4
1 9 6 313 2



00
6
2004
232 850
37 2





32




1975 1975 1996


1996

68 2004 28 15 14 11

399 1 2003 04

55 19 11 10 22 966 2003 04

226 871 4 5 20 1981 50 1971 17 947 12 454 10 882 9 577 9 498 8 754










35 742 2001



2


39 160 2001






36 478 2001




42 947 2001

96 96


34 038 2001




38 506 2001

















858

15899372
2003 11 01 09 47 13


8029








859

36881488
2006 01 27 02 00 32


51235



1990





1993 1998



1998 1999 1999

921776 91392






860

15899374
2003 03 06 17 23 57


6273







862


41894341
2006 03 02 12 43 12


82835



1 250 12 1938
1938

12 1938 15 1938 1939

1938 11 27 1945


400
2 1914
2 1914
2 1920
955 1914
0 1914
92 2 1914



1806 1866 1871 1918 1919

1930 1931 1924

1929 1920 1933 1934 1937

25 1934 1934 800 1934 1938

1938

1 150 1938

1938 12 1938

1938

12 1934


9 13 24

11

10


250 10 1938 13 1938
10 1938 250 10 1938

12 8



200 000 107 2

13 10 99 73
12 70 000 400 000 10
13 3 95

27 1945 1955


180



12

13 350 000 10

200 14

2 220

10 11




12 1938 1938 1939

1938

1938






1918 1939


1930 1930

1929 1933 1927 1933 1934 12 1938

200 000 1933 1938 1930





250 1945

1943




15 1938







1 250 2 1938



1938




1965 1980 1986

1980 1955 1986 1990 1999 1999 2000

2000


1988


1998 2003


91 93 1939


2005 2001




2003 92 2005 2004 2005 1946 1991






















3
1 9
2 9
3
4 9 3
5


1996 1996
761593988 8 2005 9355453 8 2005
461500064 1938 1938 10 2005
1938 25 1998

2
38 2 1988 10 2005

2
2
92 14 1938
1943 431000 1943
4859 34 3 1987


165129 11 2000


318 28 2003
3 5
02 2001 2002 2002
2283 19 2004
2183360 23 2005




1986 1908 1945 0 253 32833 0
1989 0814320546
1981 0807814563
2005 1933 1938 3825877124
1971 0297003216
2001


1938 25 1998
38 2 1988 10 2005
461500064 1938 1938 10 2005
1934 10 2005



01
4859
1943 431000

107 2 0
04




























863

42107265
2006 03 03 21 48 11

68 77 6 128



300



1861 1865



1 35 100
2 3 73
1
2
1 1 556 678
2 1 064 200
1 110 100 359 500 275 200
2 74 500 198 500 137 000


1861 1865 1 970 000 3 560 000









1854 1857 1860 1860 1860

1930 1850 1860


1857 1860 1856


1860 1890 1900 1960 1960 1830










19 1860




1928






1846 48

1854 1820 1860
16 1861 1865


1983 283

1861 29 1983


9 1861

12 1861




23






1861
21 1860
9 1861
10 1861
11 1861
19 1861
26 1861
1 1861

4 1861
2 250
13 1861

17 1861
6 1861
20 1861
8 1861




1863

1861



3 300

1861

1863

2


1861
350
1860 1860 1 1861 7 1861

4 1861

12 90







1861 1862 10

1861 1863

1861 25

26 1862

1862

300 1863

55 000 5 17 1862

13 1862 1863 1 3 3 1863 28 000 23 000



1861 1863



1862 10 1862







1861 1865

1862 1863

1864 1865


1864 1864

66 000

1864

2 1864 20 1864

9 1865 13 1865 1865




1990 272






350


22 9 1861


80


0 1 14 78397581



1863

1986 1864


10 000


250

1846 1848




1980 1776 1994 24






1862 4 1865






17 1862

25 1861



1862 1863 1864





1865
1867 1877 1900

1960



1986
1960 0 8281 0305 4
1977 0020316607
2001 700
2001 0 684 84944 5
2003 400
03 20 20 20 20 20 1959
3 1974 0 394 74913 8
1988
50 2004 434
8 1947 1971
1 1847 1852 2 1852 1857 3 1857 1859 4 1859 1861 5 1861 1862 6 1862 1863 7 1863 1864 8 1864 1865
252 1861 1865 1918 5
1990
1861 1865 2004


2006
2 2003
1993 4 1 0132759918
1986 0061812617 2000
1997 0 252 02273 4
2002 1600 2700 5 1
2002
1996 0313290199 750


2001 0 8047 3641 3
4 1934
3 1946 0 684 85979 3
2001 0 684 84927 5
1964 0 8071 0882 7
1959 0 8071 0823 5


1989
1997
1861 1865 1994
1998
1962 0807104752
1952 0807104760


1880 1901 70
1999 1 58182 419
1950
1947
1962
1981 0 300 02979 9















1915
1939
1966
1982
1989
1993
2003
2003




























198
1500 400


1





1 2


76

21

2

1711 1
1711

















































864

42140817
2006 03 04 02 16 50


57658


220 239 31 24 220 239 31 24 220 239 31 24
250
6 1928 22 1987


0815410085 1141095641 1 33 1 33 104 6359540 7548710 283155

1949

1960





20

15 15


54












3 1968 1996





1990 1990

1960


58



9 20 000 000































1963 1968 1963 35 1963 1964 1964 1965 1965

1966 16 1960 2000

1965 1969 1968 1968 33 2005

3 1968

1972

2006







1963
1963
1963
1963 1963
1963
1963
13 1964
1964
1964
1964 1964
1964
1964 1964
1964
1964
1964
1964
1964
1964
1964
1964
2 2 1965
1965
1965 1965
1965
1965
1965
1965
1965
1965
1965
1965
1965
1965 1965
1965
2 2 1965
1966
1966
1966
1966
1966
1966
1966
1966
1966 1966
1966
1966
1966
1966
1966
1967
1967
1967
1967
1967
1967
1967
1968
1968
1969
1969
1972



1968 0 8021 3553 6
1975 0 15 671720 4
1980 0 15 672960 1
1989 0 446 39138 7












1982 1986















4 000

1991 15


1996

1989

2003

2003

2003







0912238




5 1 2002
328
3
3 3

1 00594
5 70

66


360 121005 360 10 2005



1928
1987















































865

41619114
2006 02 28 15 40 10

84 178 165 137







16 1990
1989

49 36



5 5 5 5 10 1 8 2


1990
1990

16 1990 1990



1990












1989 1989 1987 1987 1980 1970 1978 1971 1975

1991 1992 1992 1993 1990 1999 1994 2 1992

























2

17 23 2003 1990





























1990 200 19
1990 6

1990 1


1520



1990




866

42007869
2006 03 03 04 40 43

70 186 181 23


7

10 4 1957 1960 1970





1977 1980 2000

1982 5 2 2000

1982 1984 1985

40 1990 2000 1991 12 1990 2004


5 0 0 3



1982 12

1982 12

1983 12

1983 12

1984

1985

1986 12

1986


1987

1988

1991 1990 2000

1992

1993 12

1993 12

1994 12

1996

1996

1996

1997

1998 12

1999

1999

2000

2001

2001 1980 1985

2004

2005

2005







3503 146 4 68 591 7 5798 321
1957

1960















868

41127491
2006 02 25 05 37 07


621721


250

1029 15 1072

1059 1063 1064


1068 1070 1071 100 000

















25 1072 42











1037 1157 1063 1072



1029
1072

















869

38775301
2006 02 08 15 58 11

90
733900


1967

1980



1973

1998 100 100




100
2005 2005
2004 2004
2003 2003
2002 2002
2001 2001



















870

40359338
2006 02 20 01 17 57


82835


1954





1954

1950











1960

1962 1929 1968





1960















871

15899384
2002 08 04 00 46 59

149
62







872

41926506
2006 03 02 17 51 18

208 250 29 8



300 0 2 0 0 0 0 0 5 300

2

2

2

23 1910

6 1998


23 1910 6 1998



1943 1943 1993


1936 1943 1943 2




1985

1950






1985








2 2 3




40 60 1949 11 1948 1964


20

20 1985

1990 1990 88






1951
1954
1976
1980
1982
1984
1990



450 1975

1943 1943
1944
2 1945
1945
1946
1946
1948
1949
1949
1950 1950
1950
1951
1952
1954
1955
1957
1957
1958
1960
1961
1962
1963
1965
1970
1975 1975
1980
1985 1985
1990 1990
1991
1993


0822325195
1983 0394714393
1999 0691010463
1999 0520220374
2002 0571199828





0000041
02

2 3
03
4


1910
1998




































873

15899386
2002 08 03 03 13 56

195 149 37 94







874

42054072
2006 03 03 14 06 56

207 203 140 254



15 3200 343 01 450 4 2600


275

2 12

6000




348 349 350 351

352 353



450 2 104 16 176

354 3200 355 2 200



3000

3000

10 8000 8 8000 2500 7 6000 4000

3000 20

3000 30

1 2 27
3 6 27 22
7 11
11 14 20 17
14 17
15 16
18 20 16 11
21 25 11 7
26 31 7 332

332 639








32 3200
3000

3000 2000

2000 1300

1300 700

7 4

3 17



1890 3200 4000 356 1998 33 357 358

2925 2775 25 7

2700 2000 26 24 1800

4 15


19 1800
1800
16 1600
1180
11 1000





3000 2








316 150




1600 360








3500
3500


200
200 3
33 3300
3200
3200
3100 360
3100 361
3100
3100 3050 362
3000
3000
3000
3000
2900 363
2700
2700
2700
2600
2600 2600 2500 364 365
2600
2600
2600
2600
2600 2580 1300 1300
2500 366
2400
2200 367
1900 1860
1800
1800 368 2
1800
1650 1650
1600 3000
1550 1550
1500
1250 1258 369
1160 1160
1000 05
500 5 400 4

2500
1800
1800
1400
1300

























2000 0816040362
1991 0415063469
0500051232
2003 0192804588








5





1 9
2 9
3
4 9 3
5


348 15202071 6 24 2006
349 12495079 5 2005
350 15457403 11 24 2006
351 14748828 5 2005
12772210 27 2006
352 16331657 16 24 2006
353 051217 1 24 2006
354 10091248 5 2005
355 11148985 5 2005
356 5 5 2005
357 5 2005
358 3657 200206 9107461 5 2005
359 5 5 2005
360 5 2005
361 11012000 2 5 2005
362 5 2005
363 5 2005
364 5 2005
365 5 2005
366 2 2 5 2005
367 04012001 2 5 2005
368 5 2005
369 5 2005
370 2005 05 9 2006





































875

41300881
2006 02 26 11 12 46


106482





2000


11 5 47 26









876

42160271
2006 03 04 05 30 24

71 251 77 2




10 10 12 2 10
9 9 335 2




19 1869






50 70

2









2 5 50 14 50 14 1 5 5 1 10 10 40

25



90

10 1 2

1 20 1 100 1 4 50 1 90

1 1












33 50 50 5 20 50 20

10




1 5 100 000 5 600 50 70 50 85



1960 1940 2003 12 09









1 1 10





1939

1957 1966

2000











1
26 2004
1998
12 2005
2002 2 417 6884 74 8
2002 12 13 8 1067 70
2002 10 3 268 78


20 20 20
59








77




















877

40025728
2006 02 17 16 13 15


24373


















1488 1492 1495 1506 1510 1511

5 4




1337





3 1971 0 521 09455 0 1 28



















878

41075774
2006 02 24 22 13 33

139 76 128 71


































4 6
















3
4





























879

42130717
2006 03 04 00 47 59


353882





10 24
9 9 042





1982 618 621 217 4560 7089584







1
1999 436 441 397 6718 9989410

25 1 1981 2005 2 8 3 6 570 000


2005
2005 2005 2005
2005 2006 01 17






1998 853 860 338 13 9516219






2004 229 238 170 2 14734438






2002 21 4 3 12466764


120


300 1
4 4 4 4 4

9 2 2



1
2002 597 632 16 4 11873003

20



1
1996 1053 1061 12 11
8827221





1
2002 193 196 324 7331
11809639




2003 51 60 17 4
15080180

2



1
2002 597 632 16 4
11873003





1986 9759 9763 83 24
2432602






1995 187 191 16 4
7734046





1
1998 11 20 57 1
9833881





1
2004 48197 48204 279 46
15331610






18 1981 1994



1990 1




1990 221 228 65 29
1974812

2005








1993 4 200

1992
00018871
1993
2006 02 09








400 4




1
2003 656 662 36 5
12594648







1
1994 375 384 12 3
8040596

2



2
1994 491 497 12 4
7963396

4 5



1984 2004
2005 2009 2018 19 17
16260908

2



1
2002 597 632 16 4
11873003





1
2004 1 12 48 1
14667787







1
1996 1053 1061 12 11
8827221





1
2002 193 196 324 7331
11809639






2003 51 60 17 4
15080180

2



1
2002 597 632 16 4
11873003





1
2004 1 12 48 1
14667787





1
2004 48197 48204 279 46
15331610

2



1 178
2005 38376 39382 280 46
16155003





1 3
2005 932 937 20 9
15585080




4 200




2005 165 170 18 2
15735422



4 300




2000 57 60 65 68 108 2
10951746




1




2002 53 62 1 2
12942677








1990 41 50 12 1
2406855









2000 358 362 2 4
11095878



70




1997 351 357 8 6
9179644



1




2001 146 155 20 4
11495003

4 10 20



2005


2005 1

2
357 373


0198526105

1 2



1989 96
2000 14 23 11
10793489






2001 343 348 49
11291974











2002 373 382 2 5
12044013






2005 406 415 2 8
16130937



1981










2004 317 324 101 2
15241829









2004 394 396 97 2
15286196










20 1




1 2 0

5 0


10 000

9 000

1 1 1990 733 739 113 10
2240875



67

1995 175 176 10 2
7552482



50

563 1992 809 813 304 6830 1392708



2002 38 43 29 1 11773877



30

1997 9 15 102 5 9845490



10

563 1992 809 813 304 6830 1392708



2002 38 43 29 1 11773877



1998 88 96 148 1 9663408



6 5

563 1992 809 813 304 6830 1392708



2002 38 43 29 1 11773877



5

563 1992 809 813 304 6830 1392708



2002 38 43 29 1 11773877



1

2002 38 43 29 1 11773877



0 5

2002 38 43 29 1 11773877








2005 300 304 15 3
15941747








1998 2095 2105 12 16
9833850








1991 55 63 5 1
1669925



10 81




1991 55 63 5 1
1669925





1
2002 275 283 29 3
11873077

1



1
2004 615 619 18 4
15090766





1 10
2004 695 697 18 4
15090778









2004 1268 1269 70 7
15508535






600 3492


1


2003
200308

2006 01 17










15 5








2005
4223619

2006 01 17







2005
2005 32

2006 01 17




2005
31199

2006 01 17





50 1 150


2005


4


076370086

2 5


2003
64 233 179 104 68 6 8 20030317 3 1

2006 01 17




2003
031303
2006 03 01




2001


2006 03 01




5 10 070401


2001
2000 2000 25

2006 01 17









15 30




1998 2720 2724 142 50
10065235

0 5 10 15






1
1996 1621 1629 335 22
8965861




2005
2005 2005 2005
2005
2006 01 17










1984 2004
2005 2009 2018 19 17
16260908

9 2 2



1
2002 597 632 16 4 11873003







2005
05
2005
2006 01 17





4
2003 711 720 17 5
12646794





1
2003 679 686 362 9385
12957089



3 2005 2005



3 2005


2006 01 17



4 2005



6 2005

1
2006 01 17








2005 555 556 25 8
16047034






2002 381 433 137 5 2
12617573














300 300 15 49
25 1981 3 1 2 8 3 6 2005 570 000


2005
2005 2005 2005
2005
2006 01 17



36 7 45 3


2005
2005 2005 2005
2005
2006 01 17

2005 4 3 6 6 2 8 3 6 2004 1981

23 8 28 9 60 76


2005
2005 2005 2005
2005
2006 01 17

15 500 000




2005


2006 01 17

2004

35 000 1988 220 000 1996 1996



1996
1996 1 40 8 2 82





18 1981 2


1981
5

2006 01 17

1982


1959


1 1959
1998 594 597 391 6667
9468138


1969
1976

1 2 1 1 2



2
2002 1253 1265 83 6
12029140

1 2 1 2

1992 1950




1992 54 59 61 106 108 626 92

1999




1999

1
1 1070


0316372617












1988 514 517 241 4865
3399880






2004 597 601 63 4
15325002






1994 1642 1644 266 5191
7992043
266 5191 1642

1980


85








1


2002 4

2005

2003 031303
2003
2003
2004
2001
2005
5
2005
2025 3 2 2 2 2 2 2 2 06 2 2025 26 2346 3 2025


1993



2005
2005 011205



































































880

42058359
2006 03 03 14 46 11

205 251 103 38








1972 1982






1972 1983 1970 1980 300 400 100

1972 1974 1983

1976



1960

1971






1970 1972

17


1973 200 1973






200 1974
200 1975
1974

1 6 10

1975 1 1976

40 1975 1982 1976

1


1976 1981

1977 1983


1978

1979 1979

2

1979

1980 1 1978 1 1981 12

1981 1981



1982 1982 1993




1984 1988

1977 1995 1999 2003

1980 1992 1994 2001

1990 1980

6 2004 30 1974 2004 2005 1986

22 2005 50 1 4366574





1982 1983 30 1 2

1987 1996 2004 11 9 300 000

1984 1984 1996 90 000 2004


2 180 70
1970 1970

1970


200









1970

1979

1981

1989

1994

1994

2004 15



2002

2000

2005 1976 1976

1975

2002



1996

2005








100
1

1







4 4





3


66 235 213 139









1974
















































881

42009066
2006 03 03 04 47 50


57658


220 94 125 128 220 94 125 128 220 94 125 128
















1870

1861 3 487 121 525 1932 48 375 1969 1 629 1972 3 1106



1608 7 1 306 2 559 77 377

1861 3 487 121 525 1900 21 204

1886 17 54 1844 7 261

1855 3 230 1882 22 243 1886 54 684 1913 3 379 1946 347 1661 410 1836 1 70 1836 1 175 1840 7 895 1858 525 1864 5 280




1759 2 834 1865 1 42 1903 1 821 1917 2 144 1919 59 1921 2 262 1694 186 1876 2 63 1886 17 54



1861 3 487 1900 21 204

1673 3 143





1801 3 7 1868 3 100 37 454 18 874 16 1081 1886 2 790 1926 2 474

1907 326



1870



27 1868 1999




1558







1901 1902
















882

24233840
2005 09 28 14 12 46


430793





100 40 30 51




2005













883

40280861
2006 02 19 13 49 59


106482



1990









884

38699696
2006 02 08 01 24 46


708381



1978 1985



1984

1982

1985 1983 1984 50 300
































885

33133851
2005 12 29 16 24 02


171631















886

41754796
2006 03 01 14 37 32


334792


167 206 233 170 167 206 233 170 167 206 233 170
200

16 1917 2001 2001

2001 2001

2001

4923 2001

1940 2000 1969 221763 14 2005 3047

2004 13638567 2004 12 30 20462 2005 12 11 27






1945 1954

1946 1949 1951

1951 2001 2001

1956



2001 1973 2001

1975

1981 1984

1986 1 000 2001 2001 2005 2005

1988

1998 2 52598 2000 2 765385



1989 2004 1979 2002

2005

14 2005



1951
1951
1952
1953
1953
1955
1956
1957
1961
1963
1963
2001 2001 1968
1968
1972
1973
1975
1979
2010 1982
1986
2061 1988
1988
1988
1989
1990
1990
1991
1993
1993
10 1996
3001 1997
1999
2000
2004
2005
2005


1959 18
1962
1965
1965
1968
1978
2001
200


1953
1956
1957
1958
1962
1967
1972
1972
1973
1983
1990
1991
2000


1962
1994



1
1992
1934 1998












2001
2001 2001 1964 1948

1964 1965 1966 1968 2001 479433 3 2526 3 2520 2526 3 2526 3 3 5 5 5 1 5 5 4138659 5 1 104 5000595 8600727

1972 2001 2001 1999

2010
1982 2001 2010 2010 1984 1980 2001 40 2010

1984 2010


2003 03 14 12 00


1934 1998 2000 2001 1977
















19 2 19 2
24247 2004

2

2005 1945
2000


2005

0002009
0198
1996
100
2003
0402


1917

















































887

41314092
2006 02 26 14 08 26

222 166 160 181



2 2100

1993 1998 610











1000









8 9 9 2000 2100 2000 2100 802 11 1 2 00

2000 2100 162 110 2 1



4 110 120 130 4 2 00 300 30 2100 2 20 24 100





1000 2000 2100



2 0 2 1 2 1 1 2

2 1

2004 2000 2100 100



2000

300 1997 799 300 2000





2 1 10 2

2004



1000
100
110
120 2 1
130
300
2000 162 20 610
2100 4


600



2 2

6


1996



1993 930827 2 0
13 1994 2 05
2004 10 4520 11136 1 6259955




1995 100 000

400 250



60












06 0207




2005 6 12 504


4556










10 4
20040921







45684 53556 52980 54504 53552




