12450 12483 12503 12523 12539 12491 12517 12540 12488 12531






888

41644022
2006 02 28 19 25 36


276295



26 1912 26 2000





1940

1939 1950 1950 1939 33 1943 1950



1941 1950

1940 9



1944 1962 100

1940 1980

220 1956

800

90

1950 1952 1959 1963 1960



1946

1980 1995 1996







2003 326 2 9 2003



1945



50 000
33 33 31






1946
1947
1948
1950
1950
1950
1951
1952
1953
1954
1956
1957
1957
1959
1959
1960
1962
1962
1963
1964
1965
1966
1969
1969
1970
1970
1971
1971
1972
1973
1974
1974
1974
1977
1979
1979
1980
1983
1983
1985
1987



33 1943
1948
1952
1952
1956
1965
1967
1970
1971
2 1971
1972
1973
1973
1974
1976
1978
1949 1968 1979
1979
1940 1948 1979
1999
2002



1956
1975
1979
1992








2000 01 1912 2000 26
1912 2000

1912 2000
326 2
1768914




1912
2000





















1
889

37780926
2006 02 02 02 40 44

218 188 0 150


1 1989 1973

1
527 22 1973
748 1 1978
968 1 1985
1097 1 1989
1149 1 1990 2549
2001 1149 1149
1216 1 1991
1217 1 1991
1313 1313 1 1992
1437 1 1993
1438 1 1993
1605 1 1994
1606 9 1 1994
1607 21 1 1994
1776 1 1995
1924 6 1 1996
1925 1 1996
1926 1 1996
1927 1 1996
2100 1 1997
2321 1 1998
2322 1 1998
2323 1 1998
2324 1 0 1 1998
2325 2 1 1998
2549 1 1999 1149
2550 10 1 1999
2551 1 1999
2795 1 2000
3091 1 2001
3092 3 1 2001
3093 1 2001
3251 1 2002
3252 1 2002
3514 4 1 2003
3751 1 2004
4041 1 2005
4042 9 18 1 2005





0 70 0 0 74 256 2007 140 20 3751 1











890

41766222
2006 03 01 16 20 09


264914


64 132 172 213 64 132 172 213 409
260 2004
7 1981 1 1999 2002



13 14 1995 14 1995 18 18

14 15 1996

1996 1997 16 6 3 6 2 1998 20 1999 2002 1999

16 1 200 71 1999 10 15 8 130 209 129

2003 2004 2005

2005 2005 2005 100


12 200 2000 1996 1996 15

2001

2000 2004 05

50 1998 2000 2002 2003 2003 18 25 25

2000


2001





0468045





1981

























891

15899404
2005 02 05 20 49 16

24 73 149 165






892

41774975
2006 03 01 17 37 05

68 225 130 131

2 1884 17 1931


1884
1931








893


42140957
2006 03 04 02 18 13


410029











5

1922

5

1587 1571 1568 1577 1621 1662 1678 1682 1700

1534 1611 1612















230 1772 05 10 1979



14

1965

460 461



1880


2 230
1979 13 18



17



1990 3 51 60

2004

10











1953 8 1967 1979 1 5

1961 10

1999

1634 1577 1641 1567 1601 331 332

18

1990 465 466




2003



1989 4

10 1870 1908

334

1982 1983 1990






1972 1953 8 104 1949 3303






















1966

226



















1998 22 24 1979 15 16 1984

1971 2001 2001 2003 2004 9 178 190



3 4

74

17

3 4

1990 470













16

18 20 20




20 1914 58 1 000 1996 60 7 93 52 72 002


2004 40 1 3518375 35 21
2004 12 27 27


2004 0 6903 1148578 00


2005 5 1001659292 2004 10 1 3518375



000 10355 93 517








1995 14 7 3 8

2001 29 5 14 1 902 000 0 4 991 000 0 5

2001 0 9658217 753 2 256 00053 3 15 5 11 7

2001 02 40

2001 4110 03 59 32 2 8 8

2002 32 58 42

2002 14

2003 54 33 14 26 2004 35454

2004 1 3518375 10 0 44 17 8

2004 12 5 2 4

2004 3 757 12 30 6 30

2005 2694 2 4 19 16 41 5

2006 17 1006 29 23 26 22 49 71 85








1










20 1935

















16 17

1995


14 1 3 18 19

1967 102

103

1970







100




1578











01226









110

























1999 1999 1998






































































9



























1500




341
1111


1

1843
2003
001502 1916

200512

02040
2005 003 21 36 2005
3 02





1967 523
1999 0099273675
1966 81 8 1966 226 228
2003 0192804243
1990 0415047277
1983 21 3 1983 375 387
1982 82 9 211 246
1961 1959
1908
1987
1678
1772 7319
1770
2 3 3
0
1587
1922 1977 1922 0890052018
2004 0415301076
2004 10 1018 041018
1966
1984 0879751274
1984
01
1972 2 29 46 1984 1984
1877 1877 5 1894
1989 002340681
2001 0715632299
2001 0465030327
1998 1573922145
1996 0415093384
1995 110 2 1995 13 15
1970 45 171 1970 1 19
1982 019824682
1953
8 103 117 08 11 3 1949 267 280 3303 43 1102 9 1950 427 429 432
1990 0877229430
2003
2005 0385500629
1927 2
1930 1906
2004 1413434819
1889 1888
1965 460 472
1985 0879752890
2001
1967 1000 1003
1998 0300075251
1964
1997 0334026806
1990

1979 087975124

2004
2003
1984 1 2 0879753072
1971 0301711011
1999 1890626120
























































894


42138240
2006 03 04 01 53 39


92203


69 249 89 93 69 249 89 93 69 249 89 93


1869






2122
















1869 23 1860







6 1863



237 239



1860

1889


1927 8217

1939

10 255



258

1947





1953












8217



1855069229
037575847
0671203231
0140445366
0486200108








1953
1 03





0 5 1899













































895

20455286
2005 08 07 04 53 53


7402







896

41913727
2006 03 02 16 05 01

181
491706

41866142

18 1 0 2

18 3
18
1 26 39 948 1
91 93 3 2 3 6
2 8 8
1 0 2

1 784
83 80 189 35 308 83
87 30 185 85 302 53
1 18
6 43
25 20 786
47 53 61 71 87
1 0 2

0

4 1520 6 2665 8 3931
1 11 71
1 11 71
1 11 97
1 10 188
1 0 2

300 17 72
27 323
7440 37 1
1 0 2
36 0 337 18
37 35 37
38 0 063 20
39 1 9 269 0 565 39
40 99 600 22
42 32 9 0 600 42

1 0 2

18 18 1


2 5
2000











39






1785 1894 3


0 934 1 29 1 6 40 5 36 2005 40 881 3 0


1962 2000 80 40


40 36 38 40 1 250 10 9 40 11 2 40 88 8

39 40 39 37 40 35


18


























































897

42000482
2006 03 03 03 30 18


101805

41605710
33 1 99 2

15 4
33
1 25 74 92160 2
91 93 3 10 4 2 4 3
2 8 18 5
1 99 2

3 5 727
3 5 22
1090 817 1503
887 614 1137
24 44
34 76
25 24 64
553 596 646 706 781 874
1 99 2

3 5
2 18
4 947 0 1798 2735
1 10 115
1 10 114
1 10 119
1 10 185
1 99 2

20 333
300 50 2
8
22
3 5
1440
7440 38 2
1 99 2
2 73 1 6 80 3 1 1 1 73 1 2 2 0 05 0 01 2 2
4 74 1 6 17 78 1 1 1 74 1 2 2 0 941 2 74 2 3 3 0 595 0 634 3 3 4 4 1 35 0 717 4 74 4
75 100 42

1 99 2

33


1 97 5 73


20 19

20 20

18 19 20

200 2000

















1250 1649

75



57 50 22 22 2


200










67 548
033 001 00 23 25 50 53 1 2 20 21 28 45 60 61
033 002 00 5

1 1 1









3 4
3 3
2 3
3
3 2

4




33


2001 6 2 1 6 2 1 2 11331433
1403944997 2005






11



224 2001
1
23



















































898

41659149
2006 02 28 21 45 26


274535


2
2
51 1 99 2

15 5
51
1 25 121 760 1
91 93 4 10 5 2 5 3
2 8 18 18 5
1 99 2

3 6 697
3 6 53
903 78 630 63 1167 13
1860 1587 2889
19 79
193 43
25 25 23
807 876 1011 1219 1491 1858
1 99 2

3 3 5
2 05
4 834 1594 9 2440
1 10 145
1 10 133
1 10 138
1 99 2

20 417
300 24 4
25 11 0
20 3420
55
20
42
3 0
294
7440 36 0
1 99 2
121 57 36 70
123 42 64 72
125
2 7582
0 767 125

1 99 2

51




0 2 0 5










5






4 3000 1450 17

80








200
100 2 3

1



126 000
81 5


12 000
7 8


5 023
3 3


3 480
2 3


2 430
1 6

5
148 933
96 4


154 538
100 0

2003 2005





5 2 3
3



51
23






10


09












































899

41411929
2006 02 27 03 42 39

149
62



89 1 99 2

3 7

1 25 227
91 93 6 1 7 2
2 8 18 32 18 9 2
1 99 2

3 10
1323 1050 1922
3471 3198 5788
14
400
25 27 2
1 99 2

3
1 1
2 499 1170
1 10 195
1 99 2

300 12
7440 34 8
1 99 2
225
1 10
5 935 221
3 226
1 29 37
1 1 1 117 1 226 1
2 2 0 640 2 226 2
3 3 5 536 3 222 3
2 227
100 1 21 773
1 1 0 045 1 227 1
2 2 5 042 2 223 2

1 99 2

89


227 21 773


150

225 213


1899 1902




226 1100 1300


1 227 36 227 21 772 225 10 0 226 29 37 10 1 217 69 2

227 185 21 773

206 206 236 236


227 227 227


89










































900

41411944
2006 02 27 03 42 46

149
62



95 1 99 2

7

1 25 243
91 93 5 7 7 2
2 8 18 32 25 8 2
1 99 2

3 12
1449 1176 2149
2880 2607 4725
14 39
25 62 7
1239 1356
1 99 2

6 5 4 3
1 3
1 578
1 10 175
1 99 2

300 10
7440 35 9
1 99 2
2 241
1 10 432 2
1 1 1 1
2 2 5 638 2 237 2
3 242
141
1 1 0 049 1 1
2 2 5 637 2 238 2
3 3 3 3
2 243
1 11 7370
1 1 1 1
2 2 5 438 2 239 2

1 99 2

95


241 241


241 241 241 242


1944 241 239 240 241 241 3 156 523 95 1945 80


18 243 7370 241 432 2 51 100 8 242 141 231 046 231 249 078 249



3






2 00818038 2 3 4 2

2 1
2 2 2
2 3 1 1
2 3 2 1
2 3 3 3


95
1998 0 19 508083 1
095










































901

41310430
2006 02 26 13 18 29


240649



85 1 99 2

17 6

1 25 210
91 93 4 14 5 10 6 2 6 5
2 8 18 32 18 7
1 99 2

575 302 576
610 337 639
40
361 392 429 475 531 607
1 99 2

1 3 5 7
2 2
1 920
1 99 2

300 1 7
7440 68 8
1 99 2
2 210
100 8 1
1 1 3 981 1 210 1
2 2 5 631 2 206 2

1 99 2

85




1 28 0 9 25


1940


209 211


41 210 8 1 213 125


85












































902

42039966
2006 03 03 11 17 30

85
432424



2

1 0 2 1



3




















1 66 10 27 4 52 10 25




1 11 10 1 10 100


940 964 959 956 959 957



1836
1838













1961












2 2

0 1 2 3














1 0586 10 10 10 15 100 000 1

2

0 500 1100 1800





1 14 6 8 14



1 1 2 3 84

92 43 2006 116


























21








75 24 1

379 000 3 000







6 6 6 24

5





1808

2 2 3 1 2 2

4 2 2 2 3

4 2 2 4 2

1827 1905 1911



1897



1909 1 8000 90

1932



20 1913 1916

1925

1916















1987








































































903

41774993
2006 03 01 17 37 10


868299



040719 172 220


57 148 000 000 2 12 31 000 000 2


















2 2 8 900 1992 2002







2








904


42089447
2006 03 03 19 30 52


269651


66 144 119 56 66 144 119 56 66 144 119 56
13 1 2

13 3
13
1 26 26 9815386 8
91 93 3 2 3 1
2 8 3
1 2

3 2 70
3 2 375
933 47 660 32 1220 58
2792 2519 4566
10 71
294 0
25 24 200
1482 1632 1817 2054 2364 2790
1 2

3
1 61
4 577 5 1816 7 2744 8
1 10 125
1 10 118
1 10 118
1 2

20 26 50
300 237
25 23 1
5000
70
26
76
0 35
2 75
167
245
7429 90 5
1 2
3 26 1 13 7 17 10 5 1 1 1 17 1 26 1 2 2 2 26 2 3 3 1 8086 3 3
27 100 14

1 2

13


15
49 400 200 400 3000 10000 400 700 700 3000
2











150









99 980 99 999








1 2


53 2 21 25 2001 0102 0102









1970

12 500 370 1930 1960

1970


1960












1974 1761 1808

1827 1846 1859

400655 1886 1886 1889 1907

1893 9511 9511

1942 341


7 5 8 1 100



5 20 1900 1960

2 3 2000 950 980 3 6 30 40


3 3




2 2 2 4


2 2

5 10

15 0 5 52 56 12 8 46 1 100 200 350 500

20 40

2004 70



23 30 27 26 1 2 7 2 10 5 27 100 26 26 10 10 5 10 6

26 26 26 26 26 4 6


14 2005 13 13 14 14 12 13 1 2005








1808 1812

72 1812

16 1778 1802

19 1828 1892 1886 1903 1913

1926






1990 2 2 2 2


1
1500
2 2 3 1800
2 2 3 1300


2


3
3 2 3
3
4 3 1000 2 2 3
800

2 3

2 3
3 1291
3
4









13







12





1 1 2 1 1 50 1 400664 400664 400664 400664

























































905

40787499
2006 02 23 00 40 33

1011
278977






1992 12
1993 12
1994 3 12
1994 12
1995 2












906

39146722
2006 02 11 00 34 19


199106








79 305 305 476 476


1936

1688

1701 1936






0 0


79

305 305


1048

1059


18 1126


1131


1169


1206


13 1294


1296


1355


29 1399


1415


1439


1440


1444 1445

1
1555 1556


6 1654


24 1567


1668


1688


1706


1724


1730


1730


1759


1795


9 1796


4 1802


19 1808


6 1808


29 1809


2 1810


4 1814 22 1815


13 1821


2 1830

2
28 1826

2
7 1831


26 1834


7 1840


24 1848


21 1848


2 1848


23 1849


21 1859


25 1870


11 1873


7 1886


6 1889


17 1893


12 1912


15 1917


9 1918


2 1935


11 1936


6 1940


9 1946


4 1948


16 1951


26 1952


18 1953


30 1980


7 2000

3
15 2004


7 2004


23 2006



1 25 1555 16 1556 1556
2 1826
3


1911

20




1911


















907

15899420
2002 11 04 17 01 04


135







908

15899421
2003 06 08 23 53 32


52







909

41933843
2006 03 02 18 53 26


131948


7977 7936 942 7952 974 8017 8118 8 32











1888 1886 1888











1867
1971
1979

2005





















































20

18 17 17 18 18

18 19

1787 1814 1824 1836 1840 1841

1861

1867 1878





1966 19660324 19961205





































910

37295775
2006 01 30 01 57 10

6
75561



1950




85 16 0 2 1 2 1 2 3 4 5 1 1 2 2 3 3 4 4 5 5 0 91 0 1087393206 6 17 59 57532 03 9 26 3 526 0 0 1 0 94 1
11 21 20 19

1950






911

41732236
2006 03 01 10 13 33


243919





945 961 967 953 960 941 955 945 947 959 962 1210 1566

2005









































































































































































































912

15899425
2002 05 04 08 54 35

64 26 98 90









913

42026562
2006 03 03 08 14 18

47
341052




22 1859 7 1930




1859 1875 1876 1881 1882 1885 20

1887

1885 1906 1907 1897

1890 1891 1891 1893 56

20 1902 1900 20
1909 1912

1906 1907 2005

82 1908

1921 1929



1912 40 1 5 1997 03 20 20

1974

1930

23





1887
1890
1892
1894
1902
1904
1914
1917
1927


1912
1913
1926
1927
1928


1891
1888
1892
1893 1892
1897
1906


1883
1889
1890
1891
1892
1894
1894
1895
1896
1898
1898
1899
1900
1903
1907
1909
1918
1919
1923
1926










221










1859
1930








































914

40424417
2006 02 20 13 06 41


625255










1968

20



























20316 23478




915

36527423
2006 01 24 18 35 43


4099


14 1856 20 1922

1874 1886










2 15 135 156 1906
1 1971



03 204
1903 1979



1856
1922















917

27589147
2005 11 07 03 57 39


397664


2





918

15899430
2004 05 18 05 26 54

82 80 10 110






919

15899431
2002 04 06 16 34 58


66








920

40636250
2006 02 21 23 51 24


4626





























921

39192226
2006 02 11 10 22 25


126381





1813 1855 20






1980 1990 1980
























922

42093043
2006 03 03 19 59 12


79245





2001

1998 1997 2002









2005 101005




1996 1997




2000 10



2000 2000








2000 2001 1987















2003 1960









































2002 3 9 4 5
















1998 105 2 325 350
2001 4
2002 87 2 1068 75
1997 94 8 4119 24




35 07
35
101005




















923

15899435
2002 02 25 15 51 15











924

40715805
2006 02 22 14 49 31

316
523572


141 51 76 140 141 51 76 140

18 1882 31 1956





1920 1934 1940



1925 1952







70 000

1930
















1905
1917
1921
1921
1931
1933
1946


1934
1939
1940
1952


1910
1914
1912
1921
1929


1920
1929



1925
1926
1928






1924
1927
1940
1948


25
1917
1918
1918
1918
1919
1919
1920
1920
1920
1920
1921
1922
1923
1923
1923
1924
1924
1924
1926
1926
1927
1928
1929
1929
1933
1936
1937
1938
1946
1951




2003 1 1963 0226120589
2001 0865476543
1983 0140067477
1992 0525934960
1998 0525458883
1990 0394587243
1995 0525455205
1996 0684822865



1932




0 1667391 00

1882
1956

























925

33789294
2006 01 04 00 59 13


296817






926

33791606
2006 01 04 01 18 24


296817







927

42142122
2006 03 04 02 29 08


1009778



























35 7


















2







15





4 60 8

3





































3













20



1973 1973




1 2
























12















2006

2 2001








4461 8 1
























928

41064244
2006 02 24 20 53 35

141 210 100 235




























1



3 5













3 5











3 5

























180










0 0

0

0

0 0 0



4 1 23

4 1






















19























































929

41077797
2006 02 24 22 27 49


460372




1897


1 20





22 13 1 8














































930

42090219
2006 03 03 19 37 03

81 132 116 185

200
3 1928 21








1950








1960

1990





1970 0553277375
1975 055314474
1980 0553246984
1983
21 1990 0553292153
1995 0446602590


















1928














931

41875373
2006 03 02 07 52 39

85 107 165 6



1 1 1963




15 1 1963

38

1998 1 1999 2003 500

2005 12 2006




2 11 2001





1977



3 1977 2006 1987






2004 2


25 25













932

40125139
2006 02 18 08 44 27


130135






1970


1990










933

40944561
2006 02 24 01 05 58


61482



4





12










639 1
3166 2




10 18

1921

























935

15899447
2004 11 30 06 37 19


3861







936

15899448
2004 11 30 06 37 15


3861







937

15899449
2004 11 30 06 37 10


3861







938

15899450
2004 11 30 06 36 47


3861







939

15899451
2004 11 30 06 37 07


3861







940

15899452
2004 11 30 06 36 59


3861







941

15899453
2004 11 30 06 37 03


3861







942

15899454
2004 11 30 06 36 51


3861







943

15899455
2004 11 30 06 36 44


3861







944

15899456
2004 11 30 06 36 38


3861







945

15899457
2004 11 30 06 36 35


3861







946

15899458
2004 11 30 06 36 40


3861







948

33600503
2006 01 02 14 50 04


745300


1996


1996






951

41463576
2006 02 27 14 45 26


114509



2 2 17



2400 1493 1667 1834

1 1981




17 17 24 2004








1
2
3

4
5
6

150





250



402 1 319




2000








44



















28 2005












































































952

42063055
2006 03 03 15 30 59

24 15 135 55













12 1966
120

3 900 000
0060665

1 1960



16 16



250 1966 1962 1966 1

1988 1966

1 2006


4 200










































0060665 1966
0095578 1988
01
100 2005 49 1966 100 100





1966













1966
1988












953

37220201
2006 01 29 15 33 33


381244




14 25 1415 1999 276
















954

42134522
2006 03 04 01 22 13


30878




200

19 1905 1 1981 1942 20 1981


1923 1924 1925 1927 1930

474 481 1931

1932


1934

1934


1937 1937 1937

1937 1937 1937

1936 1945
210 23 1940

120 1939

1943






1942

1944


20

1945







72 929 230


20

2005 05 11 11












500




1966 1 1981 42

2000 2000











1986
0920911005
129







1970


0684829495




1976


0026995018




1981


0026128004





2002


0151005567




1997


0297817213




1995


0394529154




1984


031201709




1
2

2005
3

1905
1981






























955

39719977
2006 02 15 10 36 27


52780





5
250























































956

41495585
2006 02 27 19 27 19


172488







250






1820

900 13 000



























1 100 20 000 25 000

1999













18 6

13 1990









01
01



35420 2002 09 10
1999 0000 138 3904144227
1996 4
1990 988
1999

0 200
































957

41545057
2006 02 28 01 40 36


549980





2675
240









1 3000704 2003 11 14


300 3 000

5 5 5


























































250 1793













































































310
2 2

























958

41988547
2006 03 03 01 47 24

68 211 228 234










1




1930 1939 1952
1963





























959

15899470
2005 01 26 00 33 36


13661






960

42121463
2006 03 03 23 33 58


44087


68 41 164 15 68 41 164 15



8







5

2 4 0 1 1 1 0 1 95








33 1488
257 275



33 1489




33 1490




33 1491




33 1492




33 1493
333 363



33 1494




33 1495




33 1496




33 1497
299 275



33 1498 1499




33 1500




33 1501 1502




33 1503 1504




33 1505




33 1506




33 1507 1508



2
33 1509 1510




33 1511




33 1512




33 1513




33 1514














3





















963

42078550
2006 03 03 17 57 14


77511







964

24206475
2005 09 28 02 12 04


57658


65 95 19 75 65 95 19 75



6 7






965

41838062
2006 03 02 01 50 40

200 203 21 111


1945

1939 1945




1945


194507

365 1











966

38701577
2006 02 08 01 40 25


603177


207 200 116 195 207 200 116 195
3 4

1930 1940








967

41970338
2006 03 02 23 25 50


104523




10 04 0
9 9 323






1 3














968

15899478
2002 05 22 15 56 19

129 109 159 253








969

39430487
2006 02 13 02 12 34


367893















2006 5 1244 198437 2006 01 27 8 29 0



























970

15899480
2002 10 09 13 55 02


4








972

41651630
2006 02 28 20 30 09


346146



99

1927 1938

700

730





738 13

731 1951



6



















973

18021014
2005 07 02 17 24 33


39573








974

41616123
2006 02 28 15 15 49


27196

168 9 44 2
1838 200
10 1815 27 1852



6 16 1816 1 21



200
1835 1 8 1 12 1836 22 1837 2 1839

19 5 1833

1842 1843

36











10 1980
1815
201 14 2002














20010710002229


31240


0 24195 3316503 00 0 24196 3316508 00
010305



1815
1852































975

15899485
2002 04 24 01 17 13

193 49 30 34








978

33143179
2005 12 29 17 54 57


647621




1998 1998 1998





1998 1998














1998 1998





1998 1998

















1998 1998 1998 28 04 1998 1378 140 155







980

36184803
2006 01 22 05 49 56


202051



24 1909 4 1971

16 1930

1930



1937 1939

1939 1941

1941 1960

6 1953 1959 1960

4 1971

150 100





1



1909
1971















981

41456986
2006 02 27 13 34 58


111314



275
01 275



4810





02 275
1 275
4810 4052




















300 2002

















10 000 200 300






5 5 6 6

10 10 11 11




1740 1799 1752 1833 1806


1200 1500 1700





1


230705



02



15


3001
1997
2


2
2

9
4
001








1 1991
2005 09 17 31 2005
5 19930503 19930503 3 1993 4
2 50 000 2003













1911











































982

15899492
2005 05 15 20 16 19


166829






983

42036634
2006 03 03 10 29 44

84 159 110 243


7 1913 4 1960 1957


1914

1923 1930 1935 1936

1934 1936

1934 1935 1937 1939 1937 1939 1939 1940

1940 5 1945 15 1941 1942


1943 1947




1949 1951



1950 1952 1953 1956



1954 1939 1958

1955 1956 1957

4 1960
17 2003 1 1913 1960 4 1960
17 2003 4 1913 1960 4 5 1960




1970 1995



20041113 002


1937 1938 1942 1945








1943



1942
1947
1956
1970
1995


1957
1957
1954


1937
1946
1942
1951
1935 1942 1935 1942 1962
1943 1951 1965



1945 1938
1944
1948
1949



1961
1944 1947 1991
1944 1947 2005





1967 1967
1991





2002


1957





1957 1957

2004 11 01
125
20040405 1


3 2003 3
0397






1913
1960
20
























































984

41969359
2006 03 02 23 17 59

72 141 37 206


180

15 1890 12 1976

45 2003 40 2003 22

25 1952 2006 20 000



4 50 4 50 2004






1914 1928



1926 1979

1930 14

1971

12 1976 85

28 2004 85






1920
1922
1923
1924
1924
1925
1926
1927
1928 1928 0425130266
1929
1929
1930
1930
1931
1932
1933
1933
1933
1934 1934 0425200450
1934
1934
1935
1935
1935
1936
1936
1936
1937
1937
1937
1938
1939 1939 0312979479
1939 1939
1939 1939 0425177416
1939 1939
1940
1941
1941
1941
1942
1942
1942
1944
1944
1945
1946
1947
1948
1948
1949
1950
1950
1951
1951
1952
1952
1953
1953
1955
1955
1956
1957 4 50 4 50
1957
1959
1960
1961
1962
1963
1964
1965
1966
1967
1968
1969
1970
1971
1971
1972
1973
1973
1974
1975
1976
1979
1997


1931

1998
2001
2003


1930
1934
1944
1948
1952
1956


1928
1930
1936
1937 1939
1940
1943
1945
1946
1949
1951
1952
1953
1954
1956
1958
1958
1960
1962
1972
1973 1937
1977
1981
1993
2000


1937
1947
1948
1960



1937


78

1928
1928
1931
1931
1934
1937
1945
1947
1957
1960
1962 4 50
1963
1964
1964
1966
1966
1972
1974
1975
1978
1980
1982
1984
1988
1989


1938
1947
1949
1959
1970
1980
1982
1982
1982
1982
1982
1983
1983
1983
1984
1985
1985
1985
1985
1985
1986
1986
1986
1987
1987
1987
1987 4 50
1989
1989
1989
1990
1990
1991
1992
1994
1995
1995
1996
1997
2000
2000
2001
2001
2001
2003
2004
2004
2004
2004
2004
2004
2004
2004
2005
2005
2005
2005
2005
2006
2006
2006
2006
2007


2005






1979 1926









1890
1976









































985

15899495
2004 04 15 23 31 30


47080







986

41590765
2006 02 28 09 53 28


419920

195 188 51 100 195 188 51 100 195 188 51 100 195 188 51 100


1947


























1947
















988

40026706
2006 02 17 16 22 30


24373




































1997 0122270657
1993 052143971


1986 0198750676
2004 1405133457



1890
1382 4554
0264 3758


















989

41893618
2006 03 02 12 32 45

129 187 244 28


225 1940

19 1906 1 1962


1914 1920


125 1932

1925 1930

1932


125 1933

1 1932 45326



1933 1933

1934 1934 1935 1937

1937

1938 1938


1942 145 1942



1939 1939 4 1940 1940

1942

1944

1945

1945


1946 1948 1950 14 1950


125 1961
1950 1954 7 1991

1950 1957

1960 11 1960 21 1960

23 1960


1961

11 1961 15

1945 1946

14 1 500 100 90 16 14 1961 11 15 1961 29 1962 31 1 1962






40



1961

1941






1963
2004
40 61 1963
1961 1994 235
1945 2005 1904997023


01

150





1906
1962




































991

41279961
2006 02 26 06 34 28


56905



1 3 3 3









2

0 0

0





1
2



2
10

0


0 0











3
10




0





0














3 9
9 3 9


6 12



3 3



1
2








2 2



0 2 0 2 2



2 3
















0 0 0








0 0

0






1 2



1 2


1 1 2 2 2 2 2

1
2



1 2



1 2



10


1 2 1 2


1 1 2 2


1 1 2 2 2 2




2 3



10

0


0










2



10

0


0 0









1 1 1





1

1 1



3









10

0


0 0













1 2 1 2

1 1 1 1 2



99



0







32 86





0 1


0691027951 103 5443484 7306247 1998 0691027951

259 263 0126227608 103 5443484 7306247 20 1997 0126227608



1 1806 0691027951 73 103 5443484 7306247 5 8 02 4 0 33 56 2 2 3 35
2 35 1841
3 0126227608 103 5443484 7306247 20 260 261






























992

41037453
2006 02 24 17 25 12


239574


71




70
84


38
41
0

109
34
0

76 358 98 2 76 193 01 309 01
12 1929
733 131
2004


2 000

119 1 8 309 5 653 1 723 4 085 1 245 10 250

12 1929 12 1971 730 000 2004


1 250




300 100







3 175 3
300

2 500




1 250
10 000 700 1775 1855 1880

1923



20030917 093317 1 1504 807 250

1926 1929 1906 1925

1938 1960

1969







2001 2003








38 750555 109 566944 10


















993

39666041
2006 02 15 00 58 58

144 139 85 151























1037 188





























994

25086937
2005 10 08 21 44 55


22016







999

41684029
2006 03 01 01 16 19


589587

1945

1939






























1943

1945 1974 1959 1965 1974 1989 1987 1945 1987 1945 1987

1987

1945 1987

2004

2005


1945 0037515
1959 0278766
1965 0061075
1974 0072263
1987 0092879
1989 0098454


1868






























2005







2003



1939












1000

41079633
2006 02 24 22 43 39


93722



30 50





56
1



1934

1926 1932 1942 1935 1936 1937

1942








1920
1923
1924
1926
1927
1928
1932
1933
1934
1935
1935
1936
1936
1936
1937
1937
1937
1938
1939
1940
1940
1941
1942
1946
1947
1948
1952
1953
1955
1956
1959
1963
1966
1969
1972
1974
1940 1975




1931

2004 39 2005 4 2004 15 2005




























1002

40408541
2006 02 20 09 20 47


411872












1933

1950



1940 1976 1940


1930
1942
1943
1950
1952
1953
4 50 4 50 1957
1962
1964
1965
1971
1940 1976






1930 1962 1957 4 50

1963 1953 1964 1952 1964

1980 1962

1983 1984


1956 1950

1980 4 50

4




2004 4 50 2005 2006

2004 39 2005 4 2004 15 2005





976602 1980



























1003

15899511
2003 06 30 01 13 13


1591






1004

42000914
2006 03 03 03 34 31

0109
906087




30



788



1834

29 45 30




18 19 1775
1861 1865 5
1992
1994


14 1865
1906 18 1906
14 15 1912
24 1915
4 1968
3 4 1974
26 1986
19 1993
19 1995
102 18 1996
20 1999



























1






1



2



10 16








3




























1


1
2 00


1

1 5

1

1

1

2

3

3


19 26

23

23

1

3

4

4

4












6





10 15 2



4



1










1








1911












































4



4







































4




1005

42001275
2006 03 03 03 38 27

0109
906087




31



31



1

33865 26376





13 19



24 24 55

23 1896



















































8

























8





























8




1006

41885933
2006 03 02 10 28 34


878293


41655597





1488 1463 1492 1458 1512 1465 1503 702 259 333 2 4 6 16 33 39 6 16 20 4 16 7 9


4 15 16 7 19 8 1 12 9 23 10 13 22 7 9 17 9 24 9 14 32 1 6 9 20 32 35 32 26


28 29 10


12 6 4 12 6 8 16 25 35 17 1 15 16 36 50 17 8 18 1 7


20 12 13 20 7 11 20 22 29 33 38 39 10 6 33 31 37


1 2 4 7 1 44 6 24


2 12 8 17 1 12 12 6 20 29 34 8 7 115 3 8 7 6


10 133 1 2 6 7 9 2 3 4 4 7 9 2 3 20 22 10 6 1 18 1 17
4 13 4 14 1 10 4 27 8 1 133 1 85 10 33 21 2 6 33 8 12 7 24 26
133 2 3 14


1997


1 2 3 4

4 14 17 12 24 14 32 12 18 12 33 11
24 1 2 9 11 32 25 8 25 4 16 7 1
9 10 6 20 22 33 30 32 50
16 17 20 22 33 38
17 26 40 48 44 15





9
10
1 91 95
764

1 130 133
1855
1 8


1911


1911





1597
1474





















4
1007

42016591
2006 03 03 06 07 05

65 148 101 160







4

4 94 95 271

1581
1721
1812
1814
1818 13 20
1841
1850
1859
1865
1866
1887
1905 370 000
1918
1939
1945
1945
1949
1964
1968
1968 6
1969
1969
1973
1974 714
1975 5 5 172
1976
1979
1981
1983
1984
1988
1991
1994
2003 18 500
2004


186 217
1492 1564
1593 1669
1646 1715
1648 1721
1688 1768
1718 1783
1785 1859
1802 1887
1819 1853
1826 1901
1846 1870
1875 1964
1876 1958
1884 1943
1888 1958
1895 1991
1898 1940
1902 1969
1906 1968
1906 1995
1911 1992
1913 2005
1914 1996
1915 1983
1920
1922 2004
1924 1972
1928
1931
1932 1992
1932 1986
1932
1934
1938
1939
1940
1942
1944
1945
1946
1947
1947
1948
1948
1948
1950
1951
1952
1953
1956
1957
1957
1958
1960
1960
1963
1963
1963
1965
1968
1970
1973
1974
1975
1975
1979
1979
1980
1991


397
896 816
1284 1221
1292 1227
1305
1536 1460
1588 1534
1609 1526
1617 1550
1643 1583
1661 1
1701
1743 1678
1761 1722
1766 1704 1766 1704
1774 1728
1792 1725 1792 1725
1807 1732
1817 1758
1841 9 1773
1842 1784
1846 1769
1861 1785
1870 1802
1874 1826
1879 1803
1884 1860
1890 1812
1919 1832
1923 1834
1932 1853
1951 1881
1951 1870
1953 1893
1967 1898
1968 1929
1972 1908
1972 1902
1979 1928
1979 1903
1983 1897
1984 1906
1987 1911
1991 1911
1991 1938
1991 1914
1995
1996 1918
1996 1913
1999 1920
1999 1924
2001 1932
2002
2003 1916
2004 1979
2005 1924




4
20050404
1 04



3 5 4 4



4
4
4
4
4
4
4
4
4
4
4
4
4
4
4
4
4
4
4
4
4
4
4
4
4
4
4 4
4
4
4
4
4
4
4
4
4
4
4
4
4
4
4
4
4
4
4
4
4
4 4
4
4
4
4
4
4
4
4
4
4
4
4
4
4
4
4
4
4
4
4
4
4
4 4
4
4
4
4
4
4 4
4



6
1008

41651235
2006 02 28 20 26 54


36424


66 154 148 18 66 154 148 18 66 154 148 18




6

6 96 97 269

648
402
1320
1327
1652
1782
1808
1830
1832
1841 10
1862
1865
1869
1886
1893
1895 9
1896 1896 1 500
1903
1909
1911
1917
1926
1930
1930
1930
1931
1936 203
1941
1965
1968
1970
1972
1973 11
1974
1974
1984
1987
1993 7
1994
1998
1998 49 82 9 033 23 9 000
2001
2004


1483 1520
1651 1722
1664 1742
1671 1741
1725 1807
1812 1870
1815 1883
1818 1870
1820 1910
1823 1899
1826 1898
1849 1917
1866 1909
1878 1934
1884 1950
1890 1939
1892 1981
1892 1981
1902 1989
1903 1962
1903 1990
1911 1979
1920
1926 1990
1926 2000
1926
1927 1996
1928
1929
1931
1933
1934
1937
1937
1938
1938
1941
1941
1942
1944
1947
1949
1951
1952
1952
1954
1955
1965
1969 2002
1969
1970
1973
1973
1975
1976
1985


1199 1157
1362 1319
1490
1520 1483
1528 1471
1551 1484
1571
1590
1605
1655 1591
1686 1 1614
1707 1633
1755 1690
1829 1802
1838 1763
1862 1803
1883 1801
1906 1849
1935 1869
1961 1870
1963 1897
1970 1923
1971 1882
1974 1884
1986
1992 1920
1994 1937
1994 1956
1996 1904
1998 1949
1998 1942
2000 1903
2003 1963
2003 1927
2004 1929
2005 1923



11 25 1752

6 1830


6
4 6 6



5 7 6 6



6
6
6
6
6
6
6
6
6
6
6
6
6
6
6
6
6
6
6
6
6
6
6
6
6
6
6
6
6
6
6
6
6
4 6
6
4 6
6
6
6
6
6
6
6
6
6
6
6
6
6
6
5
6
6
6
6
6
6
6
6
6
6
6
6
6 4
6
4 6



12
1009

41649582
2006 02 28 20 13 48


641043






12

12 102 102 103 263


467
1606
1633
1861
1864
1865
1877
1923
1926 45 41
1937
1945 33
1946
1954
1955
1961
1968
1975
1980
1981 1
1984
1989 7
1990
1992
1994
1996 2 6 13
1998 5 6
2002
2005 164 132


599 527
812 835
1484 1546
1500 1574
1526 1585
1550 17 1604
1577 1648
1713 1796
1722 1793
1724 1790
1726 1814
1748 1836
1777 1852
1794 1847
1799 1855
1823 1886
1839 1888
1856 1937
1869 1922
1884 1951
1887 1918
1888 1964
1892 1940
1893 1920
1898 1976
1902 1977
1903 1979
1903 1994
1907 2003
1908 2002
1912 2004
1916
1917 1999
1922 1996
1923 2004
1928
1928
1932
1932 2005
1933
1935
1939
1940
1941 1993
1944
1946
1947
1947
1948
1948
1948
1949
1950
1950
1952 2004
1954
1956
1956
1957
1961
1962
1964
1970 311 311
1971
1971
1978
1978
1979
1979
1982
1985


65
238
238
1443
1550 1496
1555 1479
1687
1704 1627
1748
1782 1698
1788 1719
1795 1710
1814 1726
1850 1788
1902 1842
1912 1821
1938 1873
1945 32 1882
1962 1861
1971 1895
1971 1871
1975 1906
1980 1895
1980 1913
1981 1914
1986 1897
1988 1903
1989 1927
1989 1936
1989 1921
1997 1903
1999 1931
2003 1900






12
4 12 12












11 13 12 12



12
12
12
12
12
12
12
12
12
12
12
12
12
12
12
12
12
12
12
12
12
12
12
12
12
4 12
12
12
12
12
12
12
12
12
12
12
12
12
12
12
12
12
12
12
12
12
4 12
12
12
12
12
12
12
12
12
12
12
12
12
12
12
12
12
12
12
12
12
12
12 4
12
12
12
12
12
4 12
12



15
1010

42118985
2006 03 03 23 13 46


221949







15

15 105 106 260

1450
1632
1738
1755
1783
1802
1865
1865 17
1892
1912 2 20
1915
1920
1923
1924
1927
1940
1942
1945
1947
1955
1983
1985
1989 96
1989 1989
1994 124 1 1995
1997 343
2002 767 200 129 128


1452 1519
1489 1588
1552 1626
1580 1
1588 1653
1641 1722
1642 1691
1646 1699
1684 1727
1688 1758
1707 1783
1710 1790
1721 1765
1772 1844
1793 1864
1794 1867
1800 1862
1809 1877
1832 1908
1843 1916
1858 1917
1861 1929
1874 1957
1878 1956
1879 1980
1883 1967
1886 1921
1889 1975
1889 1979
1894 1937
1895 1980
1896 1986
1901 1978
1902 2002
1907 1988
1912 1994
1916 1982
1917 1982
1920
1921 1995
1922
1922 1987
1924
1927 1999
1930
1933
1933 1995
1933
1939
1940
1940
1942
1942
1944 1996
1944
1947
1947
1948 2003
1949
1949
1950
1951
1954
1955 1997
1957
1958
1959
1959
1960
1962
1963
1965
1966
1967
1967
1968
1968
1970
1972
1974
1974
1977 2001
1980
1981
1983
1986
1990
1992


1053
1220
1415
1446 1377
1610 1546
1621
1641 1581
1659 1605
1704 1628
1719 1635
1754 1676
1761 3 1682
1761 1696
1764 1721
1765 1711
1788 1711
1793 1718
1804 1761
1843 1758
1854 1773
1865 1809
1888 1822
1888 1840
1898
1912
1850
1864
1865
1938 1892
1942 1880
1949 1885
1962 1881
1964 1907
1969 1887
1971 1912
1974 1906
1975 1910
1980 1904
1980 1905
1982 1915
1984 1921
1986 1910
1988 1926
1988
1989 1915
1990 1905
1993 1908
1993 1907
1994 1949
1998 1925
2000 1925
2001 1951
2002 1922
2002 1917
2003 1941


2006





15


15
20050415
1 15


14 16 15 15



15
15
15
15
15
15
15
15
15
15
15
15
15
15
15
15
15
15
15
15
15
15
15
15
15
15
15
15
15
15
15
15
15
15
15
15
4 15
15
15
4 15
15
15
15
15
15
15
15
15
15
15
15
15
15
15
15
15
15
15
15
15
15
15
15
15
15
15
15
15
15
15
15
15
15 4
15
15
4 15



30
1011

41950790
2006 03 02 21 04 29


521374







30

30 120 121 245

313
711
1429
1483 23 1503
1492
1671
1794 1794
1789
1803 15
1812 18
1838
1863
1894 1893
1900
1900
1904
1920
1925 146 50
1927
1938
1939
1939 1939
1943 219
1945
1947
1948
1966
1973
1975
1980
1983 1
1988
1991 1991 138 000
1992
1993
1993
1994
1995
1997
1999
1999 10
1999
2001
2002
2002 26
2004


1586 1617
1602 1681
1623 1708
1651 1719
1662 1694
1664 1709
1710 1795
1723 1806
1721 1793
1777 1855
1829 1884
1857 1940
1865 1944
1870 1948
1876 1937
1877 1967
1883 353 1923
1893 1946
1901 1985
1902 1998
1908 1970
1909 2004
1909 1992
1910 2006
1916 2001
1916 1999
1925 1960
1930 1998
1933
1938
1940
1941
1943
1944
1945
1945 1986
1946
1946
1947
1948
1949
1949
1954
1955
1956
1956
1959
1961
1964
1969
1969
1975
1981
1982
1983
1987


65 39
1063 1010
1341 1285
1439 13 1382
1524 1473
1544 1
1555 1501
1632 1559
1642 1578
1660 1576
1655 1617
1696 1640
1712 1633
1736 1668
1758 1684
1792 1718
1795 1716
1847 1771
1865 1805
1875 1766
1883 1832
1903 1831
1936 1859
1943 1860
1945 1912
1945 1889
1956 1877
1970 1934
1974 1900
1980 1898
1982 1949
1983 1904
1983 1915
1985
1989 1901
1989 1929
1994 1960
1998 1926
2002 1928
2003 1956
2003 1923
2003
2005 1985 1992 1927









3
855
259
807






30
20050430
1 30


30 31 29 1 30 31



30
30
30
30

30
30
30
30
30
30
30
30
30
30
30
30
30
30
30
30
30
30
30
30
30
30
30
30
4 30
30
30
30
30
30
30
30
30
30
30
30
30
30
30
30
30
30
30
30
30
4 30
30
30
30
30
30
30
30
30
30
30
30
30
30
30
30
30
30
30
30
30
30 4
30
30
30
30
4 30



22
1012

42114981
2006 03 03 22 43 14


754622






22

22 234 235 131


1485
1559
1642
1654
1717
1770
1775
1780
1791
1798 1798
1846
1851
1851
1875
1864
1901
1902
1910
1911
1914
1922
1926
1941
1942
1944
1944 1 300 60 6 2 110 200
1950
1953
1962
1962
1968
1972
1988
1989
1989 5000
1992 11
2001
2004




1601 1667
1624 1701
1647
1679 1758
1760 1829
1764 1838
1771 1831
1800 1889
1802 1886
1834 1906
1854 1901
1860 1940
1862 1918
1867 1939
1873 1928
1874 1928
1880 1944
1893 1967
1900 1964
1902 2003
1904 1997
1908 2004
1915 2000
1915 2005
1917 2001
1920
1920
1928
1930
1934
1935
1938
1939
1939
1940
1941
1942
1945
1947
1955
1955
1956
1957
1958
1958
1961
1963
1964
1966
1967 2002
1967
1970
1973
1977
1978
1981


408 359
1155 1139
1188
1241
1280
1286 1249
1304 1247
1350 1293
1485 1452
1553 1 1501
1584 1530
1599 1577
1599
1607 1572
1609 1525
1652 1583
1680 1613
1701 1 1628
1711 1644
1752 1667
1793 4 1713
1797 1724
1806 1732
1818 1732
1823 1753
1828 1758
1850 1802
1861 1831
1891 1834
1903 3 1830
1904 1851
1913 1993
1918 1868
1922 1890
1926 1834
1942 1880
1953 1916
1958 1881
1976 1902
1977 1918
1978
1989 1942
1991 1924
2003 1914
2004 1960
2005 1929





22


21 23 22 22



22

22
22
22
22
22
22
22
22
22
22
22
22
22
22
22
22
22
22
22
22
22
22
22
22
22
8 22
22
22
22
22
22
22
22
22
22
22
22
22
22
22
22
22
22
22
22
22
22
8 22
22
22
22
22
22
22
22
22
22
22
22
22
22
22
22
22
22
22
22
22
22 8
22
22
22
22
8 22
22



27
1013

42122286
2006 03 03 23 40 10


69412


84 132 56 20 84 132 56 20 84 132 56 20 64 132 59 83




27

27 239 240 126


479
55
410
1232 10 1232
1776 5
1813
1828
1859
1861
1883
1896 9 02 9 40
1900
1928
1937
1939
1952 3
1962 2
1969 48
1979 3 18
1985
1990 9
1991
1991
1993
1993
2000
2003 60 000 34 646 416 55 758 006


1407 1425
1471 1539
1637 3 1715
1665 1 1751
1677 1748
1724 1781
1730 1788
1770 1831
1809 1891
1858 1932
1865 1935
1865 30 1951
1870 1919
1871 1945
1874 1940
1875 1967
1886 1979
1886 1957
1890 1976
1899 1966
1899 1970
1904 1983
1906 1984
1908 2001
1908 36 1973
1908 1985
1909 1959
1910 1997
1911 2005
1915
1916 1994
1921 1998
1926 2002
1928
1929
1932
1935
1937
1940 1994
1942
1943
1945
1947
1947
1950
1951
1952
1953
1954
1955
1957
1958
1958
1959
1962
1963
1965
1966
1969
1970
1970
1970
1973
1974
1974 1595731
1975
1976
1976
1976
1977
1979
1988


1312 1262
1394 1343
1450 6 1395
1521
1545 1487
1572
1577
1590 1521
1635 1562
1664 1598
1748 1700
1773 1721
1875 1826
1909 1842
1929 269 1892
1931 1856
1931 1846
1948 1862
1958 1901
1963 1877
1963 1868
1964
1965 1887
1967 1934
1968 1906
1969 1884
1969 1905
1971 1898
1975 1892
1976 1923
1979 1900
1980 1947
1988 1907
1990 1954
1997 1949
2002 1953
2003 1920
2004 1946




1991


27



26 28 27 27



27
27
27
27
27
27
27
27
27
27
27
27
27
27
27
27
27
27
27
27
27
27
27
27
27
8 27
27
27
27
27
27
27
27
27
27
27
27
27
27
27
27
27
27
27
27
8 27
27
27
27
27
27
27
27
27
27
27
27
27
27
27
27
27
27
27
27
27
27 8
27
27
27
27
8 27
27




1014

42102518
2006 03 03 21 15 39


258229



2 1



16 1575 1604 1603 1581 1608 1604


150

109 104 5 3 96


1 2 3 2 2 2

450











40 40






1 3 2 2 2 3 3 1 2 1 2 3 2



550

1 2

1 2 3 3 3 2 2 2

2 2 1 2 1 2 1 1


12

1575 1604 1603 1581 1604 2 3 1672

1575 1604 1603 1581 1608 1604 37 47 1575 1604 1594 1608 1604 1930










16 19

10 7 15



500





















350



37

2 250 50 100





2 2 2 2

2 2 2

2 3 2 2 2 3 2



2




2 1

550



3 3 3 3 3




2

1



550




2

2 4






3 3 3 2 2 7 4 2 4 3 3 3 2 4 3 2 4 7 2

2



2 3 5 6 1 4















1
















































1016

41553470
2006 02 28 02 51 12

216 99 214 56


300

250

2700 57 146 1886 3000

87 1996


4000 500 1000

1824


250
250 671 5000 1960


19 20 1960 1970


250

40 20


1900 2001





1911



















1017

41767571
2006 03 01 16 31 23

132 241 245 49


2 225

2 3 1926 5 1997 1956



3 1926

2 1894 1956 2

1943 1949 01 04 08 1957 3

1954 21 1950 1960

1965



1982 5 1997





1956 175



1993

1994













1956
1961
1963
1963
1968
1948 1951 1972
1973
1972
1978
1977 1980 1982
1947 1980 1984
1980 1985 1986
1986 1993 1994
1995
1996
1947 1995 1996
1993 1997 1999



2001 628 0753504863
2002 448 1582342164
1994
2002 304 311



3
1 9
2 9
3
4 9 3
5


90

10 20 05
10 20 05
2
2 10 20 05
3






1985





66
3
6 1976 64 3
9 1975 64 3

102 99

0198



1926
1997



































1018

38168661
2006 02 04 17 48 13


29707



1



3 2 1 0

3 1 1 2

1 2 1





1 1 2
1 2







0





2004 0 387 95385

1991 0 387 97424 5








1040 1083 1075 1077 1073 1088 1072 1080 1095 1077 1089 1082 1080 1079 1072 1084 1082 1085 1091 1090 1086 1077 1087 1086 1083 1077



6
1019


41533070
2006 02 28 00 05 55


293907







6

6 218 219 147


1538
1806
1819
1825
1861
1862 1856
1890
1901
1914
1915
1926
1926
1945 29 8 16 80 000 60 000 200 000
1960
1962
1965 1965
1984
1986 328 13
1988
1990
1991
1991
1993
1993 1993
1996 84001
1997 150
1997 801 747 300 228
2000
2001 11 2001
2002
2002


1180 1239
1504 1575
1619 1677
1638 1715
1644 1710
1656 1733
1697 1745
1715 1747
1766 1828
1768 1813
1809 1892
1844 1896
1844 1900
1868 1955
1874 1932
1877 1952
1880 1964
1881 1961
1881 1955
1881 1972
1889 1957
1892 1962
1893 1976
1900 2003
1902 1935
1911 1989
1916 1970
1917 1997
1922
1923 2004
1928 1987
1932
1934
1937
1938 2000
1941
1943
1946
1946
1949
1949
1951
1957
1962
1963
1965
1969 2003
1970
1971
1972
1973
1976
1978
1979
1982
1983
1990 1996



258
523
1162
1195 1129
1221 1170
1272
1414 1377
1458 1378
1623 1556
1628 1573
1637 1572
1645 1 1575
1660 1599
1679 1629
1695 1625
1753 1711
1759 1704
1794 2 1714
1850 1805
1866 1818
1904 1825
1914 1860
1931 1903
1942 1875
1945 1912
1946 1903
1959 1898
1964 1893
1966 1913
1969 1903
1973 1901
1974 1925
1976 1903
1978 1897
1979 1911
1983 1944
1985 1923
1987 1922
1991 1923
1993 1916
1994 1928
1998 1906
2001 1912
2002 1930
2004 1948
2005 1928
2005 1946
2005 1927









6
20050806



5 7 6 6



6
6
6
6
6
6
6
6
6
6
6
6
6
6
6
6
6
6
6
6
6
6
6
6
6
8 6
6
6
6
6
6
6
6
6
6
6
6
6
6
6
6
6
6
6
6
6
6
8 6
6
6
6
6
6
6
6
6
6
6
6
6
6
6
6
6
6
6
6
6
6 8
6
6
6
6
8 6
6




1020

41905623
2006 03 02 14 46 12


97276



23 1951 2005 161 1978 1998 1 118 287 1 480 3 163 2780



23 1951 4 12 15 1967 5 1969 1955 10 11 4



1970 2540 1971 2660 1973 2 1974

3 5 1977

4 1 6 1955

3 0 3 2 19

9 9 10 8

1975 1978 1975 26



9 14

1978

6 5 21

11 7 6 2 10

1979 1981 1994 1977 1979 1980 1982 1983 1976 1983 1988

11 2 20 5 12 6 1 16 3 1 10 1 16 10 2 13

1 1984

1984 4 0 17 27 31 14 41 47 48 10 22 11 13 1985



1980 1986 1987 1990 12 5 11 5 12 12 12 5 11 5 1987 23 33 64

1990 235 23 33 179 19 21 104 144

2002 2 5 1 5



1992 1993 6 3 9 1996 1998 4 2 2 1999 1999





1991 1971 1994 2685

11 13 64 2 5 2985

2005

1995 2005 33 2672











8
7
6
5
4
3
2
1




1994

1 4 6 2 4 5 3 3 4 4 4 6 5 3 6 6 2 5 7 3 7 8 3 9 6 10 4 5 11 3 4 12 4 7 13 2 8 14 1 6 15 4 6 16 5 5 17 6 6 18 5 5 19 7 8



20 6 7 20 6 21 6 7 22 6 7 23 4 21 6 6 22 6 7 23 6 8 24 5 6 25 4 4 26 6 6 27 1 6 28 4 4 28 4 29 6 6 30 4 7 31 8 6 32 4 29 6 8 30 6 8 31 8 7 32 5 8 33 6 7 34 8 8 35 5 6 36 7 6 37 5 2 38 3 2 39 2 1 0


1981 0080249041
1983 0486245128
2003 0713478438
1992 0689120605
2002





1975 1985





1993 1999







1001168
3079
20719
11 1975
60



1067662 1971
1068020 1977
1069169 1994

1951




























1021

38283276
2006 02 05 08 29 38


241538














12450 12473 12506 12463 12488 27604
32305 27243 27604





1022

42102467
2006 03 03 21 15 16

0918
90640


24 168 252 90 24 168 252 90 24 168 252 90




1894





54 36 87 48 2 1895 10 23


340 1903


1903


1910 1950
1930 450 612 1928 1930 1934 1936 750 1654








300




201 1

2 2 3000 1














11 170 8


8 2




250




500 400













1 5 6 7 8
2 1 2


2

1




















2





1 4 400 1 4 400 15 4 5 330 530 1950

330 530 4 5 44 2 4 39 2 13 1 5 2 2001 2002







1000 1999 2004 1000 2000

24 24 12



1000







1































25



25



25


25



25


25


25


25



25


25



25


















1











36
1
1 1



1 1 1
1 1































1023

41906789
2006 03 02 14 58 24

85 27 55 166


150




20 19 19


